/* ex: set ro ft=c: -*- buffer-read-only: t -*-
   !!!!!!!   DO NOT EDIT THIS FILE   !!!!!!!
   This file is built by regen_perly.pl from perly.y.
   Any changes made here will be lost!
 */

#define YYFINAL  14
/* YYLAST -- Last index in YYTABLE.  */
#define YYLAST   3182

/* YYNTOKENS -- Number of terminals.  */
#define YYNTOKENS  107
/* YYNNTS -- Number of nonterminals.  */
#define YYNNTS  85
/* YYNRULES -- Number of rules.  */
#define YYNRULES  268
/* YYNRULES -- Number of states.  */
#define YYNSTATES  546

/* YYTRANSLATE(YYLEX) -- Bison symbol number corresponding to YYLEX.  */
#define YYUNDEFTOK  2
#define YYMAXUTOK   339

#define YYTRANSLATE(YYX)						\
  ((unsigned int) (YYX) <= YYMAXUTOK ? yytranslate[YYX] : YYUNDEFTOK)

/* YYTRANSLATE[YYLEX] -- Bison symbol number corresponding to YYLEX.  */
static const yytype_uint8 yytranslate[] =
{
       0,     2,     2,     2,     2,     2,     2,     2,     2,     2,
       2,     2,     2,     2,     2,     2,     2,     2,     2,     2,
       2,     2,     2,     2,     2,     2,     2,     2,     2,     2,
       2,     2,     2,    89,     2,     2,   104,    16,    17,     2,
     102,   101,   105,    14,    78,    13,    19,   106,     2,     2,
       2,     2,     2,     2,     2,     2,     2,     2,    81,   103,
       2,    18,     2,    80,    15,     2,     2,     2,     2,     2,
       2,     2,     2,     2,     2,     2,     2,     2,     2,     2,
       2,     2,     2,     2,     2,     2,     2,     2,     2,     2,
       2,    11,     2,    12,     2,     2,     2,     2,     2,     2,
       2,     2,     2,     2,     2,     2,     2,     2,     2,     2,
       2,     2,     2,     2,     2,     2,     2,     2,     2,     2,
       2,     2,     2,     9,     2,    10,    90,     2,     2,     2,
       2,     2,     2,     2,     2,     2,     2,     2,     2,     2,
       2,     2,     2,     2,     2,     2,     2,     2,     2,     2,
       2,     2,     2,     2,     2,     2,     2,     2,     2,     2,
       2,     2,     2,     2,     2,     2,     2,     2,     2,     2,
       2,     2,     2,     2,     2,     2,     2,     2,     2,     2,
       2,     2,     2,     2,     2,     2,     2,     2,     2,     2,
       2,     2,     2,     2,     2,     2,     2,     2,     2,     2,
       2,     2,     2,     2,     2,     2,     2,     2,     2,     2,
       2,     2,     2,     2,     2,     2,     2,     2,     2,     2,
       2,     2,     2,     2,     2,     2,     2,     2,     2,     2,
       2,     2,     2,     2,     2,     2,     2,     2,     2,     2,
       2,     2,     2,     2,     2,     2,     2,     2,     2,     2,
       2,     2,     2,     2,     2,     2,     1,     2,     3,     4,
       5,     6,     7,     8,    20,    21,    22,    23,    24,    25,
      26,    27,    28,    29,    30,    31,    32,    33,    34,    35,
      36,    37,    38,    39,    40,    41,    42,    43,    44,    45,
      46,    47,    48,    49,    50,    51,    52,    53,    54,    55,
      56,    57,    58,    59,    60,    61,    62,    63,    64,    65,
      66,    67,    68,    69,    70,    71,    72,    73,    74,    75,
      76,    77,    79,    82,    83,    84,    85,    86,    87,    88,
      91,    92,    93,    94,    95,    96,    97,    98,    99,   100
};

#if YYDEBUG
/* YYPRHS[YYN] -- Index of the first RHS symbol of rule number YYN in
   YYRHS.  */
static const yytype_uint16 yyprhs[] =
{
       0,     0,     3,     4,     9,    10,    14,    15,    19,    20,
      24,    25,    29,    30,    34,    39,    47,    48,    53,    54,
      55,    58,    59,    62,    64,    66,    69,    72,    74,    79,
      80,    88,    89,   100,   101,   109,   114,   115,   123,   131,
     139,   146,   153,   156,   165,   174,   175,   176,   190,   191,
     202,   203,   213,   214,   225,   235,   243,   244,   251,   254,
     255,   264,   267,   269,   272,   273,   277,   279,   281,   285,
     289,   293,   297,   301,   305,   306,   309,   316,   317,   320,
     321,   322,   324,   325,   327,   329,   331,   333,   335,   336,
     337,   338,   339,   341,   343,   344,   346,   347,   350,   352,
     355,   357,   358,   362,   364,   366,   370,   374,   378,   380,
     383,   387,   389,   393,   399,   406,   410,   414,   420,   423,
     428,   429,   435,   437,   439,   445,   450,   456,   461,   467,
     474,   480,   485,   491,   496,   500,   507,   512,   518,   522,
     526,   530,   534,   538,   542,   546,   550,   554,   558,   562,
     566,   570,   574,   577,   580,   583,   586,   589,   592,   595,
     598,   601,   604,   608,   611,   616,   620,   626,   635,   638,
     641,   643,   645,   647,   649,   655,   658,   662,   664,   667,
     671,   673,   676,   678,   680,   682,   684,   686,   688,   693,
     698,   704,   710,   712,   714,   718,   723,   727,   732,   737,
     742,   747,   752,   754,   757,   760,   762,   765,   768,   770,
     773,   775,   778,   780,   784,   786,   790,   792,   796,   801,
     802,   809,   811,   813,   815,   817,   821,   824,   829,   833,
     836,   838,   840,   842,   844,   845,   847,   848,   850,   851,
     854,   856,   857,   861,   863,   865,   867,   869,   871,   873,
     876,   879,   882,   885,   888,   894,   897,   900,   905,   908,
     910,   914,   916,   920,   922,   926,   928,   930,   932
};

/* YYRHS -- A `-1'-separated list of the rules' RHS.  */
static const yytype_int16 yyrhs[] =
{
     108,     0,    -1,    -1,     3,   109,   117,   120,    -1,    -1,
       4,   110,   173,    -1,    -1,     5,   111,   115,    -1,    -1,
       6,   112,   124,    -1,    -1,     7,   113,   122,    -1,    -1,
       8,   114,   120,    -1,     9,   117,   120,    10,    -1,    18,
     117,   103,    72,   121,   103,    19,    -1,    -1,     9,   119,
     120,    10,    -1,    -1,    -1,   120,   122,    -1,    -1,   121,
     136,    -1,   124,    -1,   123,    -1,    33,   124,    -1,    33,
     123,    -1,    32,    -1,    34,   150,   147,   116,    -1,    -1,
      35,   151,   148,   125,   152,   153,   157,    -1,    -1,    35,
     151,   148,   126,   117,   155,   153,     9,   120,    10,    -1,
      -1,    37,   151,   148,   127,   155,   153,   103,    -1,    38,
      20,    20,   103,    -1,    -1,    39,   148,   128,    20,    20,
     172,   103,    -1,    42,   102,   117,   145,   101,   118,   139,
      -1,    43,   102,   117,   145,   101,   118,   139,    -1,    48,
     102,   117,   145,   101,   118,    -1,    49,   102,   117,   145,
     101,   118,    -1,    50,   115,    -1,    40,   102,   117,   143,
     101,   141,   118,   140,    -1,    41,   102,   117,   144,   101,
     141,   118,   140,    -1,    -1,    -1,    47,   102,   117,   146,
     103,   129,   143,   103,   130,   141,   146,   101,   118,    -1,
      -1,    47,    68,   117,   177,   175,   145,   101,   131,   118,
     140,    -1,    -1,    47,   182,   175,   117,   145,   101,   132,
     118,   140,    -1,    -1,    47,   180,   117,   178,   133,   102,
     145,   101,   118,   140,    -1,    47,    91,   179,   102,   117,
     145,   101,   118,   140,    -1,    47,   102,   117,   145,   101,
     118,   140,    -1,    -1,    47,   117,    26,   134,   118,   140,
      -1,   115,   140,    -1,    -1,    38,    20,    20,     9,   117,
     135,   120,    10,    -1,   138,   103,    -1,   103,    -1,    23,
     137,    -1,    -1,    71,   120,    72,    -1,     1,    -1,   158,
      -1,   158,    42,   158,    -1,   158,    43,   158,    -1,   158,
      40,   158,    -1,   158,    41,   144,    -1,   158,    47,   158,
      -1,   158,    49,   158,    -1,    -1,    44,   118,    -1,    45,
     102,   145,   101,   118,   139,    -1,    -1,    46,   115,    -1,
      -1,    -1,   138,    -1,    -1,   158,    -1,   158,    -1,   158,
      -1,   142,    -1,    20,    -1,    -1,    -1,    -1,    -1,    20,
      -1,    25,    -1,    -1,    23,    -1,    -1,    70,    23,    -1,
      70,    -1,    70,    23,    -1,    70,    -1,    -1,   102,   156,
     101,    -1,   115,    -1,   103,    -1,   158,    76,   158,    -1,
     158,    75,   158,    -1,   158,    74,   158,    -1,   159,    -1,
     159,    78,    -1,   159,    78,   168,    -1,   168,    -1,    58,
     191,   159,    -1,    56,   102,   191,   158,   101,    -1,   168,
     100,   162,   102,   173,   101,    -1,   168,   100,   162,    -1,
      21,   191,   172,    -1,    22,   191,   102,   173,   101,    -1,
      58,   172,    -1,    56,   102,   173,   101,    -1,    -1,    30,
     149,   115,   161,   172,    -1,    21,    -1,   182,    -1,   190,
       9,   158,   103,    10,    -1,   182,    11,   158,    12,    -1,
     168,   100,    11,   158,    12,    -1,   163,    11,   158,    12,
      -1,   182,     9,   158,   103,    10,    -1,   168,   100,     9,
     158,   103,    10,    -1,   163,     9,   158,   103,    10,    -1,
     168,   100,   102,   101,    -1,   168,   100,   102,   158,   101,
      -1,   163,   102,   158,   101,    -1,   163,   102,   101,    -1,
     102,   158,   101,    11,   158,    12,    -1,    26,    11,   158,
      12,    -1,   102,   101,    11,   158,    12,    -1,   168,    79,
     168,    -1,   168,    94,   168,    -1,   168,    61,   168,    -1,
     168,    62,   168,    -1,   168,    87,   168,    -1,   168,    59,
     168,    -1,   168,    60,   168,    -1,   168,    86,   168,    -1,
     168,    85,   168,    -1,   168,    52,   168,    -1,   168,    84,
     168,    -1,   168,    83,   168,    -1,   168,    82,   168,    -1,
     168,    88,   168,    -1,    13,   168,    -1,    14,   168,    -1,
      89,   168,    -1,    90,   168,    -1,   168,    97,    -1,   168,
      96,    -1,   168,    95,    -1,   168,    93,    -1,    99,   168,
      -1,    98,   168,    -1,    11,   158,    12,    -1,    11,    12,
      -1,    65,   158,   103,    10,    -1,    65,   103,    10,    -1,
      36,   149,   152,   153,   115,    -1,    36,   149,   117,   155,
     153,     9,   120,    10,    -1,    64,   168,    -1,    64,   115,
      -1,   164,    -1,   165,    -1,   166,    -1,   167,    -1,   168,
      80,   168,    81,   168,    -1,    91,   168,    -1,    68,    91,
     168,    -1,   170,    -1,    67,   168,    -1,   102,   158,   101,
      -1,    26,    -1,   102,   101,    -1,   182,    -1,   187,    -1,
     185,    -1,   183,    -1,   186,    -1,   163,    -1,   188,    11,
     158,    12,    -1,   189,    11,   158,    12,    -1,   188,     9,
     158,   103,    10,    -1,   189,     9,   158,   103,    10,    -1,
      23,    -1,   181,    -1,   181,   102,   101,    -1,   181,   102,
     158,   101,    -1,    66,   151,   172,    -1,   168,   100,   104,
     105,    -1,   168,   100,    15,   105,    -1,   168,   100,    16,
     105,    -1,   168,   100,    17,   105,    -1,   168,   100,   105,
     105,    -1,    51,    -1,    51,   168,    -1,    77,   159,    -1,
      57,    -1,    57,   115,    -1,    57,   168,    -1,    69,    -1,
      69,   168,    -1,    29,    -1,    29,   168,    -1,    54,    -1,
      54,   102,   101,    -1,    27,    -1,    27,   102,   101,    -1,
      28,    -1,    55,   102,   101,    -1,    55,   102,   158,   101,
      -1,    -1,    24,   169,   102,   159,   174,   101,    -1,    20,
      -1,   160,    -1,    53,    -1,    31,    -1,    68,   171,   154,
      -1,    68,   171,    -1,    68,    91,   171,   154,    -1,   102,
     158,   101,    -1,   102,   101,    -1,   182,    -1,   185,    -1,
     184,    -1,   183,    -1,    -1,   159,    -1,    -1,   158,    -1,
      -1,   106,   158,    -1,   102,    -1,    -1,    26,   176,   102,
      -1,   182,    -1,   182,    -1,   183,    -1,   185,    -1,   178,
      -1,   181,    -1,    68,    91,    -1,    91,    68,    -1,    17,
     191,    -1,   104,   191,    -1,    15,   191,    -1,    15,    25,
      11,    23,    12,    -1,    16,   191,    -1,    63,   191,    -1,
     168,   100,    63,   105,    -1,   105,   191,    -1,   183,    -1,
     168,   100,    15,    -1,   185,    -1,   168,   100,    16,    -1,
     187,    -1,   168,   100,   105,    -1,    20,    -1,   182,    -1,
     115,    -1,    25,    -1
};

/* YYRLINE[YYN] -- source line where rule number YYN was defined.  */
static const yytype_uint16 yyrline[] =
{
       0,   117,   117,   116,   127,   126,   136,   135,   148,   147,
     160,   159,   172,   171,   183,   191,   199,   203,   211,   217,
     218,   228,   229,   238,   242,   246,   250,   257,   259,   270,
     269,   303,   302,   345,   344,   369,   377,   376,   386,   392,
     398,   409,   411,   413,   420,   428,   430,   427,   448,   447,
     455,   454,   463,   462,   472,   480,   487,   486,   494,   501,
     500,   515,   519,   527,   545,   546,   551,   553,   555,   557,
     559,   561,   563,   566,   572,   573,   578,   589,   590,   596,
     602,   603,   608,   611,   615,   620,   624,   628,   629,   633,
     639,   644,   649,   650,   655,   656,   661,   662,   664,   669,
     671,   678,   677,   700,   701,   705,   707,   709,   711,   715,
     717,   722,   726,   730,   734,   740,   745,   751,   757,   759,
     762,   761,   772,   773,   777,   781,   784,   789,   794,   797,
     801,   805,   808,   813,   817,   820,   822,   824,   829,   831,
     833,   838,   840,   842,   844,   846,   848,   850,   852,   854,
     856,   858,   863,   865,   868,   870,   872,   875,   878,   889,
     892,   895,   902,   904,   906,   908,   910,   913,   932,   934,
     938,   939,   940,   941,   942,   944,   946,   948,   950,   952,
     954,   956,   958,   960,   962,   964,   966,   968,   970,   980,
     990,  1000,  1010,  1012,  1014,  1017,  1022,  1026,  1028,  1030,
    1032,  1035,  1037,  1040,  1042,  1044,  1046,  1048,  1050,  1052,
    1054,  1056,  1059,  1061,  1063,  1065,  1067,  1069,  1073,  1076,
    1075,  1089,  1090,  1091,  1096,  1100,  1102,  1104,  1109,  1111,
    1114,  1116,  1118,  1120,  1125,  1127,  1132,  1133,  1138,  1139,
    1143,  1146,  1145,  1153,  1157,  1158,  1159,  1162,  1163,  1166,
    1167,  1170,  1174,  1178,  1184,  1213,  1219,  1221,  1225,  1229,
    1230,  1234,  1235,  1239,  1240,  1245,  1247,  1249,  1252
};
#endif

#if YYDEBUG || YYERROR_VERBOSE || YYTOKEN_TABLE
/* YYTNAME[SYMBOL-NUM] -- String name of the symbol SYMBOL-NUM.
   First, the terminals, then, starting at YYNTOKENS, nonterminals.  */
static const char *const yytname[] =
{
  "$end", "error", "$undefined", "GRAMPROG", "GRAMEXPR", "GRAMBLOCK",
  "GRAMBARESTMT", "GRAMFULLSTMT", "GRAMSTMTSEQ", "'{'", "'}'", "'['",
  "']'", "'-'", "'+'", "'@'", "'%'", "'&'", "'='", "'.'", "BAREWORD",
  "METHOD", "FUNCMETH", "THING", "PMFUNC", "PRIVATEREF", "QWLIST",
  "FUNC0OP", "FUNC0SUB", "UNIOPSUB", "LSTOPSUB", "PLUGEXPR", "PLUGSTMT",
  "LABEL", "FORMAT", "SUB", "ANONSUB", "EXTERNSUB", "PACKAGE", "USE",
  "WHILE", "UNTIL", "IF", "UNLESS", "ELSE", "ELSIF", "CONTINUE", "FOR",
  "GIVEN", "WHEN", "DEFAULT", "LOOPEX", "DOTDOT", "YADAYADA", "FUNC0",
  "FUNC1", "FUNC", "UNIOP", "LSTOP", "RELOP", "EQOP", "MULOP", "ADDOP",
  "DOLSHARP", "DO", "HASHBRACK", "NOAMP", "LOCAL", "MY", "REQUIRE",
  "COLONATTR", "FORMLBRACK", "FORMRBRACK", "PREC_LOW", "DOROP", "OROP",
  "ANDOP", "NOTOP", "','", "ASSIGNOP", "'?'", "':'", "DORDOR", "OROR",
  "ANDAND", "BITOROP", "BITANDOP", "SHIFTOP", "MATCHOP", "'!'", "'~'",
  "REFGEN", "UMINUS", "POWCOP", "POWOP", "POSTJOIN", "POSTDEC", "POSTINC",
  "PREDEC", "PREINC", "ARROW", "')'", "'('", "';'", "'$'", "'*'", "'/'",
  "$accept", "grammar", "@1", "@2", "@3", "@4", "@5", "@6", "block",
  "formblock", "remember", "mblock", "mremember", "stmtseq", "formstmtseq",
  "fullstmt", "labfullstmt", "barestmt", "@7", "@8", "@9", "@10", "@11",
  "@12", "@13", "@14", "@15", "@16", "@17", "formline", "formarg",
  "sideff", "else", "cont", "mintro", "nexpr", "texpr", "iexpr", "mexpr",
  "mnexpr", "formname", "startsub", "startanonsub", "startformsub",
  "subname", "proto", "subattrlist", "myattrlist", "subsignature", "@18",
  "optsubbody", "expr", "listexpr", "listop", "@19", "method",
  "subscripted", "termbinop", "termunop", "anonymous", "termdo", "term",
  "@20", "myattrterm", "myterm", "optlistexpr", "optexpr", "optrepl",
  "lpar_or_qw", "@21", "my_scalar", "my_var", "refgen_topic", "my_refgen",
  "amper", "scalar", "ary", "sizearydecl", "hsh", "arylen", "star",
  "sliceme", "kvslice", "gelem", "indirob", 0
};
#endif

# ifdef YYPRINT
/* YYTOKNUM[YYLEX-NUM] -- Internal token number corresponding to
   token YYLEX-NUM.  */
static const yytype_uint16 yytoknum[] =
{
       0,   256,   257,   258,   259,   260,   261,   262,   263,   123,
     125,    91,    93,    45,    43,    64,    37,    38,    61,    46,
     264,   265,   266,   267,   268,   269,   270,   271,   272,   273,
     274,   275,   276,   277,   278,   279,   280,   281,   282,   283,
     284,   285,   286,   287,   288,   289,   290,   291,   292,   293,
     294,   295,   296,   297,   298,   299,   300,   301,   302,   303,
     304,   305,   306,   307,   308,   309,   310,   311,   312,   313,
     314,   315,   316,   317,   318,   319,   320,   321,    44,   322,
      63,    58,   323,   324,   325,   326,   327,   328,   329,    33,
     126,   330,   331,   332,   333,   334,   335,   336,   337,   338,
     339,    41,    40,    59,    36,    42,    47
};
# endif

/* YYR1[YYN] -- Symbol number of symbol that rule YYN derives.  */
static const yytype_uint8 yyr1[] =
{
       0,   107,   109,   108,   110,   108,   111,   108,   112,   108,
     113,   108,   114,   108,   115,   116,   117,   118,   119,   120,
     120,   121,   121,   122,   122,   123,   123,   124,   124,   125,
     124,   126,   124,   127,   124,   124,   128,   124,   124,   124,
     124,   124,   124,   124,   124,   129,   130,   124,   131,   124,
     132,   124,   133,   124,   124,   124,   134,   124,   124,   135,
     124,   124,   124,   136,   137,   137,   138,   138,   138,   138,
     138,   138,   138,   138,   139,   139,   139,   140,   140,   141,
     142,   142,   143,   143,   144,   145,   146,   147,   147,   148,
     149,   150,   151,   151,   152,   152,   153,   153,   153,   154,
     154,   156,   155,   157,   157,   158,   158,   158,   158,   159,
     159,   159,   160,   160,   160,   160,   160,   160,   160,   160,
     161,   160,   162,   162,   163,   163,   163,   163,   163,   163,
     163,   163,   163,   163,   163,   163,   163,   163,   164,   164,
     164,   164,   164,   164,   164,   164,   164,   164,   164,   164,
     164,   164,   165,   165,   165,   165,   165,   165,   165,   165,
     165,   165,   166,   166,   166,   166,   166,   166,   167,   167,
     168,   168,   168,   168,   168,   168,   168,   168,   168,   168,
     168,   168,   168,   168,   168,   168,   168,   168,   168,   168,
     168,   168,   168,   168,   168,   168,   168,   168,   168,   168,
     168,   168,   168,   168,   168,   168,   168,   168,   168,   168,
     168,   168,   168,   168,   168,   168,   168,   168,   168,   169,
     168,   168,   168,   168,   168,   170,   170,   170,   171,   171,
     171,   171,   171,   171,   172,   172,   173,   173,   174,   174,
     175,   176,   175,   177,   178,   178,   178,   179,   179,   180,
     180,   181,   182,   183,   184,   185,   186,   186,   187,   188,
     188,   189,   189,   190,   190,   191,   191,   191,   191
};

/* YYR2[YYN] -- Number of symbols composing right hand side of rule YYN.  */
static const yytype_uint8 yyr2[] =
{
       0,     2,     0,     4,     0,     3,     0,     3,     0,     3,
       0,     3,     0,     3,     4,     7,     0,     4,     0,     0,
       2,     0,     2,     1,     1,     2,     2,     1,     4,     0,
       7,     0,    10,     0,     7,     4,     0,     7,     7,     7,
       6,     6,     2,     8,     8,     0,     0,    13,     0,    10,
       0,     9,     0,    10,     9,     7,     0,     6,     2,     0,
       8,     2,     1,     2,     0,     3,     1,     1,     3,     3,
       3,     3,     3,     3,     0,     2,     6,     0,     2,     0,
       0,     1,     0,     1,     1,     1,     1,     1,     0,     0,
       0,     0,     1,     1,     0,     1,     0,     2,     1,     2,
       1,     0,     3,     1,     1,     3,     3,     3,     1,     2,
       3,     1,     3,     5,     6,     3,     3,     5,     2,     4,
       0,     5,     1,     1,     5,     4,     5,     4,     5,     6,
       5,     4,     5,     4,     3,     6,     4,     5,     3,     3,
       3,     3,     3,     3,     3,     3,     3,     3,     3,     3,
       3,     3,     2,     2,     2,     2,     2,     2,     2,     2,
       2,     2,     3,     2,     4,     3,     5,     8,     2,     2,
       1,     1,     1,     1,     5,     2,     3,     1,     2,     3,
       1,     2,     1,     1,     1,     1,     1,     1,     4,     4,
       5,     5,     1,     1,     3,     4,     3,     4,     4,     4,
       4,     4,     1,     2,     2,     1,     2,     2,     1,     2,
       1,     2,     1,     3,     1,     3,     1,     3,     4,     0,
       6,     1,     1,     1,     1,     3,     2,     4,     3,     2,
       1,     1,     1,     1,     0,     1,     0,     1,     0,     2,
       1,     0,     3,     1,     1,     1,     1,     1,     1,     2,
       2,     2,     2,     2,     5,     2,     2,     4,     2,     1,
       3,     1,     3,     1,     3,     1,     1,     1,     1
};

/* YYDEFACT[STATE-NAME] -- Default rule to reduce with in state
   STATE-NUM when YYTABLE doesn't specify something else to do.  Zero
   means the default is an error.  */
static const yytype_uint16 yydefact[] =
{
       0,     2,     4,     6,     8,    10,    12,     0,    16,   236,
       0,     0,     0,    19,     1,    19,     0,     0,     0,     0,
       0,     0,   221,     0,     0,   192,   219,   180,   214,   216,
     210,    90,   224,    90,   202,   223,   212,     0,     0,   205,
     234,     0,     0,     0,     0,     0,     0,   208,     0,     0,
       0,     0,     0,     0,     0,     0,     0,   237,   108,   222,
     187,   170,   171,   172,   173,   111,   177,     5,   193,   182,
     185,   184,   186,   183,     0,     0,     0,    16,     7,    66,
      27,    91,     0,     0,     0,    89,     0,     0,     0,     0,
      16,     0,     0,     0,    62,    77,     9,     0,    67,     0,
      11,    24,    23,     0,     0,   163,     0,   152,   153,   265,
     268,   267,   266,   253,   255,   251,   234,     0,     0,     0,
       0,   211,     0,    94,   203,     0,     0,   236,   206,   207,
     265,   235,   118,   266,     0,   256,   169,   168,     0,     0,
      92,    93,   234,   178,     0,     0,     0,   226,   230,   233,
     232,   231,   209,   204,   154,   155,   175,   161,   160,   181,
       0,   252,   258,     0,     0,     0,   109,     0,     0,     0,
       0,     0,     0,     0,     0,     0,     0,     0,     0,     0,
       0,     0,     0,     0,   159,     0,   158,   157,   156,     0,
       0,     0,     0,     0,     0,     0,     0,     0,    19,    88,
      89,    89,     0,    36,    16,    16,    16,    16,    16,     0,
      16,     0,    16,     0,    16,    16,    42,     0,    58,    61,
       0,     0,     0,     0,     0,     0,    26,    25,    20,   162,
     116,   236,     0,     0,   215,   120,    95,     0,    96,   213,
     217,     0,     0,     0,   112,   165,     0,   196,   268,     0,
     176,     0,   182,   185,   184,   229,     0,   100,   225,     0,
     179,   107,   106,   105,   110,     0,     0,   134,     0,   147,
     143,   144,   140,   141,   138,     0,   150,   149,   148,   146,
     145,   142,   151,   139,     0,     0,   260,   262,     0,   122,
       0,     0,     0,   264,   115,   123,   194,     0,     0,     0,
       0,     0,     0,     0,     0,     0,    87,     0,    29,    33,
       0,     0,    82,     0,     0,     0,   249,     0,   250,   247,
       0,   248,   244,   245,   246,     0,    56,     0,   241,   240,
      16,     0,     0,    78,    70,    71,    84,    68,    69,    72,
      73,     0,   238,   136,   234,   101,    96,    98,     0,   218,
     119,     0,   164,     0,   181,     0,   227,   228,    99,     0,
       0,     0,   127,   133,     0,     0,     0,   198,   199,   200,
     257,   131,     0,   197,   201,   236,   195,     0,   125,     0,
     188,     0,   189,     0,    14,    16,    28,    94,    16,     0,
      16,    35,     0,     0,    83,     0,     0,    85,     0,     0,
     243,    16,    81,    86,     0,     0,    67,     0,    52,     0,
       0,     0,     0,   117,     0,     0,   121,     0,     0,    97,
     166,   113,     0,   179,   137,     0,   130,   174,     0,   126,
     132,     0,   128,   190,   191,   124,     0,    96,     0,    96,
      59,   234,    79,    79,     0,     0,     0,     0,     0,    45,
      18,    77,     0,   242,     0,     0,     0,   239,   220,   102,
      19,   254,   135,   129,   114,     0,     0,    96,     0,    19,
       0,     0,     0,    74,    74,     0,     0,    77,    82,    19,
      57,     0,    50,    40,    41,     0,    21,   104,   103,    30,
       0,    34,     0,    37,    77,    77,     0,     0,    38,    39,
      48,     0,    55,     0,     0,     0,     0,   167,     0,    19,
      60,    43,    44,    75,     0,     0,    77,    46,    17,     0,
      77,    64,     0,    22,     0,     0,    77,    54,    79,    77,
      51,    19,    63,    15,    32,     0,    49,     0,    53,     0,
      74,     0,    65,    76,     0,    47
};

/* YYDEFGOTO[NTERM-NUM].  */
static const yytype_int16 yydefgoto[] =
{
      -1,     7,     8,     9,    10,    11,    12,    13,   111,   386,
      15,   451,   479,   103,   508,   228,   101,   102,   387,   388,
     389,   311,   478,   528,   515,   506,   452,   407,   469,   523,
     532,    97,   498,   218,   471,   403,   393,   335,   396,   405,
     307,   203,   122,   199,   142,   238,   348,   258,   346,   417,
     489,    98,    58,    59,   344,   294,    60,    61,    62,    63,
      64,    65,   118,    66,   147,   132,    67,   415,   330,   409,
     399,   319,   320,   212,    68,    69,    70,   150,    71,    72,
      73,    74,    75,    76,   113
};

/* YYPACT[STATE-NUM] -- Index in YYTABLE of the portion describing
   STATE-NUM.  */
#define YYPACT_NINF -440
static const yytype_int16 yypact[] =
{
     725,  -440,  -440,  -440,  -440,  -440,  -440,    30,  -440,  2862,
      27,  1528,  1429,  -440,  -440,  -440,  2007,  2862,  2862,    41,
      41,    41,  -440,    41,    41,  -440,  -440,    49,   -24,  -440,
    2862,  -440,  -440,  -440,  2862,  -440,   -11,    26,    35,  1912,
    1815,    41,  1912,  2102,    18,  2862,    32,  2862,  2862,  2862,
    2862,  2862,  2862,  2862,  2197,    41,    41,   156,    36,  -440,
       7,  -440,  -440,  -440,  -440,  3036,  -440,  -440,    39,    56,
     109,   120,  -440,   146,   167,   229,   151,  -440,  -440,  -440,
    -440,  -440,    18,    18,   127,  -440,    68,    78,    85,   131,
     176,   147,   148,    27,  -440,   207,  -440,   152,  1966,  1429,
    -440,  -440,  -440,   636,   736,  -440,    64,   266,   266,  -440,
    -440,  -440,  -440,  -440,  -440,  -440,  2862,   162,   168,  2862,
     170,  2087,    27,     1,  3036,   171,  2292,  1815,  -440,  2087,
     538,    36,  -440,   461,  2862,  -440,  -440,  2087,   269,   335,
    -440,  -440,  2862,  2087,    50,  2957,  2387,   211,  -440,  -440,
    -440,  -440,  2087,    36,   266,   266,   266,   507,   507,   273,
      82,  -440,  -440,  2862,  2862,  2862,  2862,  2862,  2862,  2482,
    2862,  2862,  2862,  2862,  2862,  2862,  2862,  2862,  2862,  2862,
    2862,  2862,  2862,  2862,  -440,  2862,  -440,  -440,  -440,    47,
    2577,  2862,  2862,  2862,  2862,  2862,  2862,  2862,  -440,   265,
    -440,  -440,   268,  -440,  -440,  -440,  -440,  -440,   203,    80,
    -440,   264,  -440,    25,  -440,  -440,  -440,    27,  -440,  -440,
    2862,  2862,  2862,  2862,  2862,  2862,  -440,  -440,  -440,  -440,
    -440,  2862,  2862,   123,  -440,  -440,  -440,   194,   231,  -440,
    -440,   296,   206,  2862,    36,  -440,   299,  -440,   307,  2672,
     266,   211,    62,    63,    73,  -440,   346,   298,  -440,  2862,
     313,   250,   250,  -440,  3036,   339,   130,  -440,   379,  1611,
    1992,   390,   721,   621,  3036,  2990,  1704,  1704,   340,  1800,
    1897,  1662,   266,   266,  2862,  2862,   223,   226,   227,  -440,
     232,  2767,    17,   234,   239,  -440,  -440,   450,   343,   134,
     355,   138,   388,   141,   424,   835,  -440,   328,   245,  -440,
       8,   330,  2862,  2862,  2862,  2862,  -440,   244,  -440,  -440,
     251,  -440,  -440,  -440,  -440,  1623,  -440,    -5,  -440,  -440,
    -440,  2862,  2862,  -440,   156,  -440,   156,   156,   156,   156,
     156,   263,   -25,  -440,  2862,  -440,   231,   344,    27,  -440,
    -440,   494,  -440,   351,    22,   500,  -440,  -440,  -440,   199,
    2862,   383,  -440,  -440,  2862,   431,   230,  -440,  -440,  -440,
    -440,  -440,   508,  -440,  -440,  2862,  -440,   385,  -440,   386,
    -440,   394,  -440,   397,  -440,  -440,  -440,   375,  -440,   194,
    -440,  -440,   396,   331,   156,   338,   342,   156,   358,    25,
    -440,  -440,  -440,  -440,   359,   362,   302,   432,  -440,   364,
    2862,   368,   370,  -440,  2862,   373,  -440,   380,   480,  -440,
    -440,  -440,   481,    38,  -440,   240,  -440,  3082,   482,  -440,
    -440,   395,  -440,  -440,  -440,  -440,   392,   231,   194,   231,
    -440,  2862,  -440,  -440,   432,   432,  2862,  2862,   432,  -440,
    -440,   207,   407,  -440,   410,   432,   432,   156,  -440,  -440,
    -440,  -440,  -440,  -440,  -440,   443,    12,   231,   413,  -440,
     414,   432,   432,    43,    43,   417,   427,   207,  2862,  -440,
    -440,  2862,  -440,  -440,  -440,   934,  -440,  -440,  -440,  -440,
     521,  -440,  1033,  -440,   207,   207,   432,   429,  -440,  -440,
    -440,   432,  -440,   430,  1132,   451,   432,  -440,     4,  -440,
    -440,  -440,  -440,  -440,  2862,   432,   207,  -440,  -440,   432,
     207,   488,   513,  -440,  1231,   452,   207,  -440,  -440,   207,
    -440,  -440,  -440,  -440,  -440,   432,  -440,  1718,  -440,  1330,
      43,   459,  -440,  -440,   432,  -440
};

/* YYPGOTO[NTERM-NUM].  */
static const yytype_int16 yypgoto[] =
{
    -440,  -440,  -440,  -440,  -440,  -440,  -440,  -440,   -10,  -440,
     -33,  -179,  -440,   -12,  -440,   551,   466,    14,  -440,  -440,
    -440,  -440,  -440,  -440,  -440,  -440,  -440,  -440,  -440,  -440,
    -440,  -312,  -439,  -292,  -412,  -440,    88,   259,  -246,    40,
    -440,  -155,   553,  -440,   163,   201,  -337,   341,  -361,  -440,
    -440,    -2,   -36,  -440,  -440,  -440,  -440,  -440,  -440,  -440,
    -440,   209,  -440,  -440,   444,  -108,  -112,  -440,   192,  -440,
    -440,   267,  -440,  -440,   384,   279,   -41,  -440,   -40,  -440,
    -440,  -440,  -440,  -440,    -1
};

/* YYTABLE[YYPACT[STATE-NUM]].  What to do in state STATE-NUM.  If
   positive, shift that token.  If negative, reduce the rule which
   number is the opposite.  If zero, do what YYDEFACT says.
   If YYTABLE_NINF, syntax error.  */
#define YYTABLE_NINF -264
static const yytype_int16 yytable[] =
{
      78,    95,    95,   104,   131,   149,   151,    57,   230,   418,
      19,    20,   153,   402,   106,   242,   167,   390,   168,   114,
     115,    77,   116,   117,   236,    96,    77,   521,   439,   128,
      14,   472,   136,   259,   247,   499,    77,   109,   140,   134,
     135,   139,   110,   141,   198,   308,   309,   144,    20,   360,
      77,   328,   160,   166,   161,   162,   284,   211,   285,    77,
     119,   109,   286,   287,   288,   191,   110,   192,   289,   398,
     109,   191,  -259,   192,  -259,   248,   229,   467,   120,   404,
     131,   414,  -261,   216,  -261,   411,   412,   496,   497,    95,
     237,   125,  -229,    95,    95,    19,    20,    21,   244,    55,
     466,   543,   468,   -16,   253,   254,   131,   522,  -228,   169,
     290,   391,   235,   227,   166,   487,   537,   233,  -259,   341,
    -259,    55,   373,   145,   241,    57,   243,   329,   126,  -261,
     490,  -261,  -230,  -233,   146,   343,    55,   127,   163,   164,
     165,   190,   362,  -231,   256,    55,   378,   202,   318,   291,
     380,   292,   293,   382,    55,  -263,   163,   164,   165,   480,
     197,   261,   262,   263,   454,   265,   266,   268,   323,   324,
     204,   312,   313,   314,   315,   317,   193,   325,   194,   327,
     205,   331,   332,   260,    55,   502,   305,   206,   297,   298,
     299,   300,   301,   302,   303,   304,   342,   163,   164,   165,
     475,   476,   511,   512,   163,   164,   165,   333,   163,   164,
     165,   424,   163,   164,   165,   163,   164,   165,   334,   336,
     337,   338,   339,   340,   527,   402,   107,   108,   530,    57,
     163,   164,   165,   207,   536,   505,   416,   538,   195,   121,
     196,   351,   429,   124,   208,   200,   201,   355,   129,   214,
     215,   137,   462,   217,   143,   219,   152,   359,   154,   155,
     156,   157,   158,   431,   231,   473,   474,   209,   525,   477,
     232,   234,   239,   163,   164,   165,   483,   484,   210,   245,
      55,   257,   365,   366,   259,   306,   323,   324,   310,   372,
     326,   161,   494,   495,   316,    95,   345,   410,   112,   112,
     112,   347,   112,   112,   163,   164,   165,   350,   131,   352,
     394,   336,   397,   397,   163,   164,   165,   513,   353,   133,
     112,   358,   516,   406,   360,   148,   165,   520,   367,   397,
     397,   368,   369,   470,   112,   112,   526,   370,   420,   374,
     529,   375,   220,   221,   222,   223,   385,   -31,    55,   224,
     392,   225,   436,   401,   250,   438,   540,   440,   425,   184,
     185,   186,   187,   188,   413,   545,   189,   419,   447,   213,
     163,   164,   165,    57,   422,   264,   163,   164,   165,   269,
     270,   271,   272,   273,   274,   275,   276,   277,   278,   279,
     280,   281,   282,   426,   283,   432,   433,   349,   236,   171,
     172,   173,   174,   -85,   434,   131,   133,   435,   397,   163,
     164,   165,   457,   163,   164,   165,   441,   163,   164,   165,
     163,   164,   165,   112,   252,   180,   181,   182,   183,   163,
     164,   165,   442,   184,   185,   186,   187,   188,   246,   443,
     189,   450,   361,   444,   397,   397,   377,   357,   485,   171,
    -264,   173,   174,   163,   164,   165,   488,   492,   379,   445,
     448,  -182,   163,   164,   165,   449,   453,   504,   295,   455,
     191,   456,   192,  -182,   458,    95,   394,   182,   183,   397,
     363,   459,    95,   184,   185,   186,   187,   188,   322,   460,
     189,   381,   463,   461,    95,   465,   464,   524,   163,   164,
     165,  -182,  -182,  -182,  -182,   163,   164,   165,  -182,   481,
    -182,   482,   397,  -182,    95,   486,   491,   493,   500,   539,
    -182,  -182,  -182,  -182,   163,   164,   165,   383,   501,    95,
     509,   514,   533,   517,   428,  -182,  -182,  -182,  -221,  -182,
    -182,  -182,  -182,  -182,  -182,  -182,  -182,  -182,  -182,  -182,
    -221,   376,   519,   535,  -182,  -182,  -182,  -182,  -182,   531,
     544,  -182,  -182,   100,  -182,   226,   503,  -182,   163,   164,
     165,   112,   395,   427,   163,   164,   165,   541,  -221,  -221,
    -221,  -221,   163,   164,   165,  -221,   123,  -221,   437,   251,
    -221,   446,   356,   321,   408,   421,   400,  -221,  -221,  -221,
    -221,   423,  -264,  -264,  -264,     0,   322,   189,     0,   430,
       0,     0,  -221,  -221,  -221,     0,  -221,  -221,  -221,  -221,
    -221,  -221,  -221,  -221,  -221,  -221,  -221,     0,     0,     0,
       0,  -221,  -221,  -221,  -221,  -221,   -13,    79,  -221,  -221,
       0,  -221,     0,     0,  -221,    77,     0,    16,     0,    17,
      18,    19,    20,    21,     0,     0,    22,    23,    24,    25,
      26,     0,    27,    28,    29,    30,    31,    32,    80,    99,
      81,    82,    33,    83,    84,    85,    86,    87,    88,    89,
       0,     0,   173,    90,    91,    92,    93,    34,     0,    35,
      36,    37,    38,    39,    40,     0,     0,     0,     0,    41,
      42,    43,    44,    45,    46,    47,     0,     0,     0,   183,
       0,     0,     0,    48,   184,   185,   186,   187,   188,     0,
       0,   189,     0,     0,     0,    49,    50,    51,     1,     2,
       3,     4,     5,     6,    52,    53,    -3,    79,    54,    94,
      55,    56,     0,     0,     0,    77,     0,    16,     0,    17,
      18,    19,    20,    21,     0,     0,    22,    23,    24,    25,
      26,     0,    27,    28,    29,    30,    31,    32,    80,    99,
      81,    82,    33,    83,    84,    85,    86,    87,    88,    89,
       0,     0,     0,    90,    91,    92,    93,    34,     0,    35,
      36,    37,    38,    39,    40,     0,     0,     0,     0,    41,
      42,    43,    44,    45,    46,    47,     0,     0,     0,   183,
       0,     0,     0,    48,   184,   185,   186,   187,   188,     0,
       0,   189,     0,     0,     0,    49,    50,    51,     0,     0,
       0,     0,     0,     0,    52,    53,    79,     0,    54,    94,
      55,    56,     0,     0,    77,   384,    16,     0,    17,    18,
      19,    20,    21,     0,     0,    22,    23,    24,    25,    26,
       0,    27,    28,    29,    30,    31,    32,    80,    99,    81,
      82,    33,    83,    84,    85,    86,    87,    88,    89,     0,
       0,     0,    90,    91,    92,    93,    34,     0,    35,    36,
      37,    38,    39,    40,     0,     0,     0,     0,    41,    42,
      43,    44,    45,    46,    47,     0,     0,     0,     0,     0,
       0,     0,    48,     0,     0,     0,     0,     0,     0,     0,
       0,     0,     0,     0,    49,    50,    51,     0,     0,     0,
       0,     0,     0,    52,    53,    79,     0,    54,    94,    55,
      56,     0,     0,    77,   507,    16,     0,    17,    18,    19,
      20,    21,     0,     0,    22,    23,    24,    25,    26,     0,
      27,    28,    29,    30,    31,    32,    80,    99,    81,    82,
      33,    83,    84,    85,    86,    87,    88,    89,     0,     0,
       0,    90,    91,    92,    93,    34,     0,    35,    36,    37,
      38,    39,    40,     0,     0,     0,     0,    41,    42,    43,
      44,    45,    46,    47,     0,     0,     0,     0,     0,     0,
       0,    48,     0,     0,     0,     0,     0,     0,     0,     0,
       0,     0,     0,    49,    50,    51,     0,     0,     0,     0,
       0,     0,    52,    53,    79,     0,    54,    94,    55,    56,
       0,     0,    77,   510,    16,     0,    17,    18,    19,    20,
      21,     0,     0,    22,    23,    24,    25,    26,     0,    27,
      28,    29,    30,    31,    32,    80,    99,    81,    82,    33,
      83,    84,    85,    86,    87,    88,    89,     0,     0,     0,
      90,    91,    92,    93,    34,     0,    35,    36,    37,    38,
      39,    40,     0,     0,     0,     0,    41,    42,    43,    44,
      45,    46,    47,     0,     0,     0,     0,     0,     0,     0,
      48,     0,     0,     0,     0,     0,     0,     0,     0,     0,
       0,     0,    49,    50,    51,     0,     0,     0,     0,     0,
       0,    52,    53,    79,     0,    54,    94,    55,    56,     0,
       0,    77,   518,    16,     0,    17,    18,    19,    20,    21,
       0,     0,    22,    23,    24,    25,    26,     0,    27,    28,
      29,    30,    31,    32,    80,    99,    81,    82,    33,    83,
      84,    85,    86,    87,    88,    89,     0,     0,     0,    90,
      91,    92,    93,    34,     0,    35,    36,    37,    38,    39,
      40,     0,     0,     0,     0,    41,    42,    43,    44,    45,
      46,    47,     0,     0,     0,     0,     0,     0,     0,    48,
       0,     0,     0,     0,     0,     0,     0,     0,     0,     0,
       0,    49,    50,    51,     0,     0,     0,     0,     0,     0,
      52,    53,    79,     0,    54,    94,    55,    56,     0,     0,
      77,   534,    16,     0,    17,    18,    19,    20,    21,     0,
       0,    22,    23,    24,    25,    26,     0,    27,    28,    29,
      30,    31,    32,    80,    99,    81,    82,    33,    83,    84,
      85,    86,    87,    88,    89,     0,     0,     0,    90,    91,
      92,    93,    34,     0,    35,    36,    37,    38,    39,    40,
       0,     0,     0,     0,    41,    42,    43,    44,    45,    46,
      47,     0,     0,     0,     0,     0,     0,     0,    48,     0,
       0,     0,     0,     0,     0,     0,     0,     0,     0,     0,
      49,    50,    51,     0,     0,     0,     0,     0,     0,    52,
      53,    79,     0,    54,    94,    55,    56,     0,     0,    77,
       0,    16,     0,    17,    18,    19,    20,    21,     0,     0,
      22,    23,    24,    25,    26,     0,    27,    28,    29,    30,
      31,    32,    80,    99,    81,    82,    33,    83,    84,    85,
      86,    87,    88,    89,     0,     0,     0,    90,    91,    92,
      93,    34,     0,    35,    36,    37,    38,    39,    40,     0,
       0,     0,     0,    41,    42,    43,    44,    45,    46,    47,
       0,     0,   542,     0,     0,     0,     0,    48,     0,     0,
       0,     0,     0,     0,     0,     0,     0,     0,     0,    49,
      50,    51,     0,     0,     0,     0,     0,     0,    52,    53,
      79,     0,    54,    94,    55,    56,     0,     0,    77,     0,
      16,     0,    17,    18,    19,    20,    21,     0,     0,    22,
      23,    24,    25,    26,     0,    27,    28,    29,    30,    31,
      32,    80,    99,    81,    82,    33,    83,    84,    85,    86,
      87,    88,    89,     0,     0,     0,    90,    91,    92,    93,
      34,     0,    35,    36,    37,    38,    39,    40,     0,     0,
       0,     0,    41,    42,    43,    44,    45,    46,    47,     0,
       0,     0,     0,     0,     0,     0,    48,     0,     0,     0,
       0,     0,     0,     0,     0,     0,     0,     0,    49,    50,
      51,     0,     0,     0,     0,     0,     0,    52,    53,    79,
       0,    54,    94,    55,    56,     0,     0,    77,     0,    16,
       0,    17,    18,    19,    20,    21,     0,     0,    22,    23,
      24,    25,    26,     0,    27,    28,    29,    30,    31,    32,
      80,     0,    81,    82,    33,    83,    84,    85,    86,    87,
      88,    89,     0,     0,     0,    90,    91,    92,    93,    34,
       0,    35,    36,    37,    38,    39,    40,     0,     0,     0,
       0,    41,    42,    43,    44,    45,    46,    47,     0,     0,
       0,     0,     0,     0,     0,    48,     0,     0,     0,     0,
       0,     0,     0,     0,     0,     0,     0,    49,    50,    51,
       0,     0,     0,     0,    79,     0,    52,    53,     0,     0,
      54,    94,    55,    56,    16,     0,    17,    18,    19,    20,
      21,     0,     0,    22,    23,    24,    25,    26,     0,    27,
      28,    29,    30,    31,    32,     0,     0,     0,     0,    33,
       0,     0,     0,  -264,     0,     0,     0,     0,     0,     0,
     171,   172,   173,   174,    34,     0,    35,    36,    37,    38,
      39,    40,     0,     0,     0,     0,    41,    42,    43,    44,
      45,    46,    47,   177,   178,   179,   180,   181,   182,   183,
      48,     0,     0,     0,   184,   185,   186,   187,   188,     0,
       0,   189,    49,    50,    51,     0,     0,     0,     0,    79,
       0,    52,    53,   173,   174,    54,   -80,    55,    56,    16,
       0,    17,    18,    19,    20,    21,     0,     0,    22,    23,
      24,    25,    26,     0,    27,    28,    29,    30,    31,    32,
     183,     0,     0,     0,    33,   184,   185,   186,   187,   188,
       0,     0,   189,   171,   172,   173,   174,     0,     0,    34,
       0,    35,    36,    37,    38,    39,    40,     0,     0,     0,
       0,    41,    42,    43,    44,    45,    46,    47,   179,   180,
     181,   182,   183,     0,     0,    48,     0,   184,   185,   186,
     187,   188,     0,     0,   189,     0,     0,    49,    50,    51,
       0,     0,     0,     0,     0,     0,    52,    53,     0,   -80,
      54,     0,    55,    56,    77,     0,    16,     0,    17,    18,
      19,    20,    21,     0,     0,   130,    23,    24,    25,    26,
     110,    27,    28,    29,    30,    31,    32,     0,     0,     0,
       0,    33,     0,     0,     0,     0,     0,     0,     0,   171,
     172,   173,   174,     0,     0,     0,    34,     0,    35,    36,
      37,    38,    39,    40,     0,     0,     0,     0,    41,    42,
      43,    44,    45,    46,    47,     0,   181,   182,   183,     0,
       0,     0,    48,   184,   185,   186,   187,   188,     0,     0,
     189,     0,     0,     0,    49,    50,    51,     0,     0,     0,
       0,     0,     0,    52,    53,     0,     0,    54,     0,    55,
      56,    77,     0,    16,     0,    17,    18,    19,    20,    21,
       0,     0,    22,    23,    24,    25,    26,     0,    27,    28,
      29,    30,    31,    32,     0,     0,     0,     0,    33,     0,
       0,     0,     0,     0,     0,     0,   171,   172,   173,   174,
       0,     0,     0,    34,     0,    35,    36,    37,    38,    39,
      40,     0,     0,     0,     0,    41,    42,    43,    44,    45,
      46,    47,     0,     0,   182,   183,     0,     0,     0,    48,
     184,   185,   186,   187,   188,     0,     0,   189,     0,     0,
       0,    49,    50,    51,     0,     0,   220,   221,   222,   223,
      52,    53,     0,   224,    54,   225,    55,    56,    16,   105,
      17,    18,    19,    20,    21,     0,     0,    22,    23,    24,
      25,    26,     0,    27,    28,    29,    30,    31,    32,     0,
     163,   164,   165,    33,     0,     0,     0,     0,     0,     0,
       0,  -264,     0,   173,   174,     0,     0,     0,    34,     0,
      35,    36,    37,    38,    39,    40,     0,     0,     0,     0,
      41,    42,    43,    44,    45,    46,    47,     0,     0,   182,
     183,     0,     0,     0,    48,   184,   185,   186,   187,   188,
       0,     0,   189,     0,     0,     0,    49,    50,    51,     0,
       0,     0,     0,     0,     0,    52,    53,     0,     0,    54,
       0,    55,    56,    16,     0,    17,    18,    19,    20,    21,
       0,     0,    22,    23,    24,    25,    26,     0,    27,    28,
      29,    30,    31,    32,     0,     0,     0,     0,    33,     0,
       0,     0,     0,     0,     0,     0,     0,     0,   173,   174,
       0,     0,     0,    34,     0,    35,    36,    37,    38,    39,
      40,     0,     0,     0,     0,    41,    42,    43,    44,    45,
      46,    47,     0,     0,   182,   183,     0,     0,     0,    48,
     184,   185,   186,   187,   188,     0,     0,   189,     0,     0,
       0,    49,    50,    51,     0,     0,     0,     0,     0,     0,
      52,    53,     0,     0,    54,   138,    55,    56,    16,     0,
      17,    18,    19,    20,    21,     0,     0,    22,    23,    24,
      25,    26,     0,    27,    28,    29,    30,    31,    32,     0,
       0,     0,     0,    33,     0,     0,     0,     0,     0,     0,
       0,     0,     0,     0,     0,     0,     0,     0,    34,     0,
      35,    36,    37,    38,    39,    40,     0,     0,     0,     0,
      41,    42,    43,    44,    45,    46,    47,     0,     0,     0,
       0,     0,     0,     0,    48,     0,     0,     0,     0,     0,
       0,     0,     0,     0,     0,     0,    49,    50,    51,     0,
       0,     0,     0,     0,     0,    52,    53,     0,   159,    54,
       0,    55,    56,    16,     0,    17,    18,    19,    20,    21,
       0,     0,    22,    23,    24,    25,    26,     0,    27,    28,
      29,    30,    31,    32,     0,     0,     0,     0,    33,     0,
       0,     0,     0,     0,     0,     0,     0,     0,     0,     0,
       0,     0,     0,    34,     0,    35,    36,    37,    38,    39,
      40,     0,     0,     0,     0,    41,    42,    43,    44,    45,
      46,    47,     0,     0,     0,     0,     0,     0,     0,    48,
       0,     0,     0,     0,     0,     0,     0,     0,     0,     0,
       0,    49,    50,    51,     0,     0,     0,     0,     0,     0,
      52,    53,     0,   240,    54,     0,    55,    56,    16,     0,
      17,    18,    19,    20,    21,     0,     0,    22,    23,    24,
      25,    26,     0,    27,    28,    29,    30,    31,    32,     0,
       0,     0,     0,    33,     0,     0,     0,     0,     0,     0,
       0,     0,     0,     0,     0,     0,     0,     0,    34,     0,
      35,    36,    37,    38,    39,    40,     0,     0,     0,     0,
      41,    42,    43,    44,    45,    46,    47,     0,     0,     0,
       0,     0,     0,     0,    48,     0,     0,     0,     0,     0,
       0,     0,     0,     0,     0,     0,    49,    50,    51,     0,
       0,     0,     0,     0,     0,    52,    53,     0,   255,    54,
       0,    55,    56,    16,     0,    17,    18,    19,    20,    21,
       0,     0,    22,    23,    24,    25,    26,     0,    27,    28,
      29,    30,    31,    32,     0,     0,     0,     0,    33,     0,
       0,     0,     0,     0,     0,     0,     0,     0,     0,     0,
       0,     0,     0,    34,     0,    35,    36,    37,    38,    39,
      40,     0,     0,     0,     0,    41,    42,    43,    44,    45,
      46,    47,     0,     0,     0,     0,     0,     0,     0,    48,
       0,     0,     0,     0,     0,     0,     0,     0,     0,     0,
       0,    49,    50,    51,     0,     0,     0,     0,     0,     0,
      52,    53,     0,   267,    54,     0,    55,    56,    16,     0,
      17,    18,    19,    20,    21,     0,     0,    22,    23,    24,
      25,    26,     0,    27,    28,    29,    30,    31,    32,     0,
       0,     0,     0,    33,     0,     0,     0,     0,     0,     0,
       0,     0,     0,     0,     0,     0,     0,     0,    34,     0,
      35,    36,    37,    38,    39,    40,     0,     0,     0,     0,
      41,    42,    43,    44,    45,    46,    47,     0,     0,     0,
       0,     0,     0,     0,    48,     0,     0,     0,     0,     0,
       0,     0,     0,     0,     0,     0,    49,    50,    51,     0,
       0,     0,     0,     0,     0,    52,    53,     0,   296,    54,
       0,    55,    56,    16,     0,    17,    18,    19,    20,    21,
       0,     0,    22,    23,    24,    25,    26,     0,    27,    28,
      29,    30,    31,    32,     0,     0,     0,     0,    33,     0,
       0,     0,     0,     0,     0,     0,     0,     0,     0,     0,
       0,     0,     0,    34,     0,    35,    36,    37,    38,    39,
      40,     0,     0,     0,     0,    41,    42,    43,    44,    45,
      46,    47,     0,     0,     0,     0,     0,     0,     0,    48,
       0,     0,     0,     0,     0,     0,     0,     0,     0,     0,
       0,    49,    50,    51,     0,     0,     0,     0,     0,     0,
      52,    53,     0,   354,    54,     0,    55,    56,    16,     0,
      17,    18,    19,    20,    21,     0,     0,    22,    23,    24,
      25,    26,     0,    27,    28,    29,    30,    31,    32,     0,
       0,     0,     0,    33,     0,     0,     0,     0,     0,     0,
       0,     0,     0,     0,     0,     0,     0,     0,    34,     0,
      35,    36,    37,    38,    39,    40,     0,     0,     0,     0,
      41,    42,    43,    44,    45,    46,    47,     0,     0,     0,
       0,     0,     0,     0,    48,     0,     0,     0,     0,     0,
       0,     0,     0,     0,     0,     0,    49,    50,    51,     0,
       0,     0,     0,     0,     0,    52,    53,     0,   371,    54,
       0,    55,    56,    16,     0,    17,    18,    19,    20,    21,
       0,     0,    22,    23,    24,    25,    26,     0,    27,    28,
      29,    30,    31,    32,     0,     0,     0,     0,    33,     0,
       0,     0,     0,     0,     0,     0,     0,     0,     0,     0,
       0,     0,     0,    34,     0,    35,    36,    37,    38,    39,
      40,     0,     0,     0,     0,    41,    42,    43,    44,    45,
      46,    47,     0,     0,     0,     0,     0,     0,     0,    48,
       0,     0,     0,     0,     0,     0,     0,     0,     0,     0,
       0,    49,    50,    51,     0,     0,     0,     0,     0,     0,
      52,    53,     0,     0,    54,     0,    55,    56,    16,     0,
      17,    18,   144,    20,    21,     0,     0,    22,    23,    24,
      25,    26,     0,    27,    28,    29,    30,    31,    32,     0,
       0,     0,     0,    33,     0,     0,     0,     0,     0,     0,
       0,     0,     0,     0,     0,     0,     0,     0,    34,     0,
      35,    36,    37,    38,    39,    40,     0,     0,     0,     0,
      41,    42,    43,    44,    45,    46,    47,     0,     0,     0,
       0,     0,     0,     0,    48,     0,     0,     0,     0,     0,
       0,     0,   170,     0,     0,     0,    49,    50,    51,   171,
     172,   173,   174,     0,     0,    52,    53,     0,     0,   249,
       0,    55,    56,     0,     0,     0,     0,     0,     0,   175,
     176,   364,   177,   178,   179,   180,   181,   182,   183,     0,
       0,     0,     0,   184,   185,   186,   187,   188,   170,     0,
     189,     0,     0,     0,     0,   171,   172,   173,   174,     0,
       0,     0,     0,     0,     0,     0,     0,     0,     0,     0,
       0,     0,     0,     0,     0,   175,   176,     0,   177,   178,
     179,   180,   181,   182,   183,     0,     0,     0,     0,   184,
     185,   186,   187,   188,   170,     0,   189,     0,     0,     0,
       0,   171,   172,   173,   174,     0,     0,     0,     0,     0,
       0,     0,     0,     0,     0,     0,     0,     0,     0,     0,
       0,     0,   176,     0,   177,   178,   179,   180,   181,   182,
     183,     0,     0,     0,     0,   184,   185,   186,   187,   188,
       0,     0,   189
};

static const yytype_int16 yycheck[] =
{
      10,    11,    12,    15,    40,    46,    46,     9,   116,   346,
      15,    16,    48,   325,    16,   127,     9,     9,    11,    20,
      21,     9,    23,    24,    23,    11,     9,    23,   389,    39,
       0,   443,    42,    11,   142,   474,     9,    20,    20,    40,
      41,    43,    25,    25,    77,   200,   201,    15,    16,    11,
       9,    26,    54,    78,    55,    56,     9,    90,    11,     9,
      11,    20,    15,    16,    17,     9,    25,    11,    21,   315,
      20,     9,     9,    11,    11,    25,    12,   438,   102,   325,
     116,   106,     9,    93,    11,   331,   332,    44,    45,    99,
     123,   102,    70,   103,   104,    15,    16,    17,   134,   104,
     437,   540,   439,   102,   145,   145,   142,   103,    70,   102,
      63,   103,   122,    99,    78,   103,   528,   119,     9,   231,
      11,   104,   105,    91,   126,   127,   127,   102,   102,     9,
     467,    11,    70,    70,   102,    12,   104,   102,    74,    75,
      76,   102,    12,    70,   146,   104,    12,    20,    68,   102,
      12,   104,   105,    12,   104,     9,    74,    75,    76,   451,
       9,   163,   164,   165,   410,   167,   168,   169,   209,   209,
     102,   204,   205,   206,   207,   208,     9,   210,    11,   212,
     102,   214,   215,   101,   104,   477,   198,   102,   190,   191,
     192,   193,   194,   195,   196,   197,   232,    74,    75,    76,
     446,   447,   494,   495,    74,    75,    76,   217,    74,    75,
      76,    12,    74,    75,    76,    74,    75,    76,   220,   221,
     222,   223,   224,   225,   516,   537,    17,    18,   520,   231,
      74,    75,    76,   102,   526,   481,   344,   529,     9,    30,
      11,   243,    12,    34,    68,    82,    83,   249,    39,   102,
     102,    42,    12,    46,    45,   103,    47,   259,    49,    50,
      51,    52,    53,   375,   102,   444,   445,    91,   514,   448,
     102,   101,   101,    74,    75,    76,   455,   456,   102,    10,
     104,    70,   284,   285,    11,    20,   327,   327,    20,   291,
      26,   292,   471,   472,    91,   305,   102,   330,    19,    20,
      21,    70,    23,    24,    74,    75,    76,   101,   344,    10,
     312,   313,   314,   315,    74,    75,    76,   496,    11,    40,
      41,    23,   501,   325,    11,    46,    76,   506,   105,   331,
     332,   105,   105,   441,    55,    56,   515,   105,   348,   105,
     519,   102,    40,    41,    42,    43,    18,   102,   104,    47,
      20,    49,   385,   102,   145,   388,   535,   390,   360,    93,
      94,    95,    96,    97,   101,   544,   100,    23,   401,    90,
      74,    75,    76,   375,    23,   166,    74,    75,    76,   170,
     171,   172,   173,   174,   175,   176,   177,   178,   179,   180,
     181,   182,   183,    10,   185,    10,    10,   101,    23,    59,
      60,    61,    62,   101,    10,   441,   127,    10,   410,    74,
      75,    76,   414,    74,    75,    76,    20,    74,    75,    76,
      74,    75,    76,   144,   145,    85,    86,    87,    88,    74,
      75,    76,   101,    93,    94,    95,    96,    97,   103,   101,
     100,     9,   103,   101,   446,   447,   103,   101,   460,    59,
      60,    61,    62,    74,    75,    76,   466,   469,   103,   101,
     101,     0,    74,    75,    76,   103,   102,   479,   189,   101,
       9,   101,    11,    12,   101,   485,   478,    87,    88,   481,
     101,   101,   492,    93,    94,    95,    96,    97,   209,     9,
     100,   103,    10,    12,   504,   103,   101,   509,    74,    75,
      76,    40,    41,    42,    43,    74,    75,    76,    47,   102,
      49,   101,   514,    52,   524,    72,   103,   103,   101,   531,
      59,    60,    61,    62,    74,    75,    76,   103,   101,   539,
       9,   102,    19,   103,   103,    74,    75,    76,     0,    78,
      79,    80,    81,    82,    83,    84,    85,    86,    87,    88,
      12,   101,   101,   101,    93,    94,    95,    96,    97,    71,
     101,   100,   101,    12,   103,    99,   478,   106,    74,    75,
      76,   292,   313,   364,    74,    75,    76,   537,    40,    41,
      42,    43,    74,    75,    76,    47,    33,    49,   387,   145,
      52,   399,   251,   209,   327,   101,   317,    59,    60,    61,
      62,   101,    95,    96,    97,    -1,   327,   100,    -1,   101,
      -1,    -1,    74,    75,    76,    -1,    78,    79,    80,    81,
      82,    83,    84,    85,    86,    87,    88,    -1,    -1,    -1,
      -1,    93,    94,    95,    96,    97,     0,     1,   100,   101,
      -1,   103,    -1,    -1,   106,     9,    -1,    11,    -1,    13,
      14,    15,    16,    17,    -1,    -1,    20,    21,    22,    23,
      24,    -1,    26,    27,    28,    29,    30,    31,    32,    33,
      34,    35,    36,    37,    38,    39,    40,    41,    42,    43,
      -1,    -1,    61,    47,    48,    49,    50,    51,    -1,    53,
      54,    55,    56,    57,    58,    -1,    -1,    -1,    -1,    63,
      64,    65,    66,    67,    68,    69,    -1,    -1,    -1,    88,
      -1,    -1,    -1,    77,    93,    94,    95,    96,    97,    -1,
      -1,   100,    -1,    -1,    -1,    89,    90,    91,     3,     4,
       5,     6,     7,     8,    98,    99,     0,     1,   102,   103,
     104,   105,    -1,    -1,    -1,     9,    -1,    11,    -1,    13,
      14,    15,    16,    17,    -1,    -1,    20,    21,    22,    23,
      24,    -1,    26,    27,    28,    29,    30,    31,    32,    33,
      34,    35,    36,    37,    38,    39,    40,    41,    42,    43,
      -1,    -1,    -1,    47,    48,    49,    50,    51,    -1,    53,
      54,    55,    56,    57,    58,    -1,    -1,    -1,    -1,    63,
      64,    65,    66,    67,    68,    69,    -1,    -1,    -1,    88,
      -1,    -1,    -1,    77,    93,    94,    95,    96,    97,    -1,
      -1,   100,    -1,    -1,    -1,    89,    90,    91,    -1,    -1,
      -1,    -1,    -1,    -1,    98,    99,     1,    -1,   102,   103,
     104,   105,    -1,    -1,     9,    10,    11,    -1,    13,    14,
      15,    16,    17,    -1,    -1,    20,    21,    22,    23,    24,
      -1,    26,    27,    28,    29,    30,    31,    32,    33,    34,
      35,    36,    37,    38,    39,    40,    41,    42,    43,    -1,
      -1,    -1,    47,    48,    49,    50,    51,    -1,    53,    54,
      55,    56,    57,    58,    -1,    -1,    -1,    -1,    63,    64,
      65,    66,    67,    68,    69,    -1,    -1,    -1,    -1,    -1,
      -1,    -1,    77,    -1,    -1,    -1,    -1,    -1,    -1,    -1,
      -1,    -1,    -1,    -1,    89,    90,    91,    -1,    -1,    -1,
      -1,    -1,    -1,    98,    99,     1,    -1,   102,   103,   104,
     105,    -1,    -1,     9,    10,    11,    -1,    13,    14,    15,
      16,    17,    -1,    -1,    20,    21,    22,    23,    24,    -1,
      26,    27,    28,    29,    30,    31,    32,    33,    34,    35,
      36,    37,    38,    39,    40,    41,    42,    43,    -1,    -1,
      -1,    47,    48,    49,    50,    51,    -1,    53,    54,    55,
      56,    57,    58,    -1,    -1,    -1,    -1,    63,    64,    65,
      66,    67,    68,    69,    -1,    -1,    -1,    -1,    -1,    -1,
      -1,    77,    -1,    -1,    -1,    -1,    -1,    -1,    -1,    -1,
      -1,    -1,    -1,    89,    90,    91,    -1,    -1,    -1,    -1,
      -1,    -1,    98,    99,     1,    -1,   102,   103,   104,   105,
      -1,    -1,     9,    10,    11,    -1,    13,    14,    15,    16,
      17,    -1,    -1,    20,    21,    22,    23,    24,    -1,    26,
      27,    28,    29,    30,    31,    32,    33,    34,    35,    36,
      37,    38,    39,    40,    41,    42,    43,    -1,    -1,    -1,
      47,    48,    49,    50,    51,    -1,    53,    54,    55,    56,
      57,    58,    -1,    -1,    -1,    -1,    63,    64,    65,    66,
      67,    68,    69,    -1,    -1,    -1,    -1,    -1,    -1,    -1,
      77,    -1,    -1,    -1,    -1,    -1,    -1,    -1,    -1,    -1,
      -1,    -1,    89,    90,    91,    -1,    -1,    -1,    -1,    -1,
      -1,    98,    99,     1,    -1,   102,   103,   104,   105,    -1,
      -1,     9,    10,    11,    -1,    13,    14,    15,    16,    17,
      -1,    -1,    20,    21,    22,    23,    24,    -1,    26,    27,
      28,    29,    30,    31,    32,    33,    34,    35,    36,    37,
      38,    39,    40,    41,    42,    43,    -1,    -1,    -1,    47,
      48,    49,    50,    51,    -1,    53,    54,    55,    56,    57,
      58,    -1,    -1,    -1,    -1,    63,    64,    65,    66,    67,
      68,    69,    -1,    -1,    -1,    -1,    -1,    -1,    -1,    77,
      -1,    -1,    -1,    -1,    -1,    -1,    -1,    -1,    -1,    -1,
      -1,    89,    90,    91,    -1,    -1,    -1,    -1,    -1,    -1,
      98,    99,     1,    -1,   102,   103,   104,   105,    -1,    -1,
       9,    10,    11,    -1,    13,    14,    15,    16,    17,    -1,
      -1,    20,    21,    22,    23,    24,    -1,    26,    27,    28,
      29,    30,    31,    32,    33,    34,    35,    36,    37,    38,
      39,    40,    41,    42,    43,    -1,    -1,    -1,    47,    48,
      49,    50,    51,    -1,    53,    54,    55,    56,    57,    58,
      -1,    -1,    -1,    -1,    63,    64,    65,    66,    67,    68,
      69,    -1,    -1,    -1,    -1,    -1,    -1,    -1,    77,    -1,
      -1,    -1,    -1,    -1,    -1,    -1,    -1,    -1,    -1,    -1,
      89,    90,    91,    -1,    -1,    -1,    -1,    -1,    -1,    98,
      99,     1,    -1,   102,   103,   104,   105,    -1,    -1,     9,
      -1,    11,    -1,    13,    14,    15,    16,    17,    -1,    -1,
      20,    21,    22,    23,    24,    -1,    26,    27,    28,    29,
      30,    31,    32,    33,    34,    35,    36,    37,    38,    39,
      40,    41,    42,    43,    -1,    -1,    -1,    47,    48,    49,
      50,    51,    -1,    53,    54,    55,    56,    57,    58,    -1,
      -1,    -1,    -1,    63,    64,    65,    66,    67,    68,    69,
      -1,    -1,    72,    -1,    -1,    -1,    -1,    77,    -1,    -1,
      -1,    -1,    -1,    -1,    -1,    -1,    -1,    -1,    -1,    89,
      90,    91,    -1,    -1,    -1,    -1,    -1,    -1,    98,    99,
       1,    -1,   102,   103,   104,   105,    -1,    -1,     9,    -1,
      11,    -1,    13,    14,    15,    16,    17,    -1,    -1,    20,
      21,    22,    23,    24,    -1,    26,    27,    28,    29,    30,
      31,    32,    33,    34,    35,    36,    37,    38,    39,    40,
      41,    42,    43,    -1,    -1,    -1,    47,    48,    49,    50,
      51,    -1,    53,    54,    55,    56,    57,    58,    -1,    -1,
      -1,    -1,    63,    64,    65,    66,    67,    68,    69,    -1,
      -1,    -1,    -1,    -1,    -1,    -1,    77,    -1,    -1,    -1,
      -1,    -1,    -1,    -1,    -1,    -1,    -1,    -1,    89,    90,
      91,    -1,    -1,    -1,    -1,    -1,    -1,    98,    99,     1,
      -1,   102,   103,   104,   105,    -1,    -1,     9,    -1,    11,
      -1,    13,    14,    15,    16,    17,    -1,    -1,    20,    21,
      22,    23,    24,    -1,    26,    27,    28,    29,    30,    31,
      32,    -1,    34,    35,    36,    37,    38,    39,    40,    41,
      42,    43,    -1,    -1,    -1,    47,    48,    49,    50,    51,
      -1,    53,    54,    55,    56,    57,    58,    -1,    -1,    -1,
      -1,    63,    64,    65,    66,    67,    68,    69,    -1,    -1,
      -1,    -1,    -1,    -1,    -1,    77,    -1,    -1,    -1,    -1,
      -1,    -1,    -1,    -1,    -1,    -1,    -1,    89,    90,    91,
      -1,    -1,    -1,    -1,     1,    -1,    98,    99,    -1,    -1,
     102,   103,   104,   105,    11,    -1,    13,    14,    15,    16,
      17,    -1,    -1,    20,    21,    22,    23,    24,    -1,    26,
      27,    28,    29,    30,    31,    -1,    -1,    -1,    -1,    36,
      -1,    -1,    -1,    52,    -1,    -1,    -1,    -1,    -1,    -1,
      59,    60,    61,    62,    51,    -1,    53,    54,    55,    56,
      57,    58,    -1,    -1,    -1,    -1,    63,    64,    65,    66,
      67,    68,    69,    82,    83,    84,    85,    86,    87,    88,
      77,    -1,    -1,    -1,    93,    94,    95,    96,    97,    -1,
      -1,   100,    89,    90,    91,    -1,    -1,    -1,    -1,     1,
      -1,    98,    99,    61,    62,   102,   103,   104,   105,    11,
      -1,    13,    14,    15,    16,    17,    -1,    -1,    20,    21,
      22,    23,    24,    -1,    26,    27,    28,    29,    30,    31,
      88,    -1,    -1,    -1,    36,    93,    94,    95,    96,    97,
      -1,    -1,   100,    59,    60,    61,    62,    -1,    -1,    51,
      -1,    53,    54,    55,    56,    57,    58,    -1,    -1,    -1,
      -1,    63,    64,    65,    66,    67,    68,    69,    84,    85,
      86,    87,    88,    -1,    -1,    77,    -1,    93,    94,    95,
      96,    97,    -1,    -1,   100,    -1,    -1,    89,    90,    91,
      -1,    -1,    -1,    -1,    -1,    -1,    98,    99,    -1,   101,
     102,    -1,   104,   105,     9,    -1,    11,    -1,    13,    14,
      15,    16,    17,    -1,    -1,    20,    21,    22,    23,    24,
      25,    26,    27,    28,    29,    30,    31,    -1,    -1,    -1,
      -1,    36,    -1,    -1,    -1,    -1,    -1,    -1,    -1,    59,
      60,    61,    62,    -1,    -1,    -1,    51,    -1,    53,    54,
      55,    56,    57,    58,    -1,    -1,    -1,    -1,    63,    64,
      65,    66,    67,    68,    69,    -1,    86,    87,    88,    -1,
      -1,    -1,    77,    93,    94,    95,    96,    97,    -1,    -1,
     100,    -1,    -1,    -1,    89,    90,    91,    -1,    -1,    -1,
      -1,    -1,    -1,    98,    99,    -1,    -1,   102,    -1,   104,
     105,     9,    -1,    11,    -1,    13,    14,    15,    16,    17,
      -1,    -1,    20,    21,    22,    23,    24,    -1,    26,    27,
      28,    29,    30,    31,    -1,    -1,    -1,    -1,    36,    -1,
      -1,    -1,    -1,    -1,    -1,    -1,    59,    60,    61,    62,
      -1,    -1,    -1,    51,    -1,    53,    54,    55,    56,    57,
      58,    -1,    -1,    -1,    -1,    63,    64,    65,    66,    67,
      68,    69,    -1,    -1,    87,    88,    -1,    -1,    -1,    77,
      93,    94,    95,    96,    97,    -1,    -1,   100,    -1,    -1,
      -1,    89,    90,    91,    -1,    -1,    40,    41,    42,    43,
      98,    99,    -1,    47,   102,    49,   104,   105,    11,    12,
      13,    14,    15,    16,    17,    -1,    -1,    20,    21,    22,
      23,    24,    -1,    26,    27,    28,    29,    30,    31,    -1,
      74,    75,    76,    36,    -1,    -1,    -1,    -1,    -1,    -1,
      -1,    59,    -1,    61,    62,    -1,    -1,    -1,    51,    -1,
      53,    54,    55,    56,    57,    58,    -1,    -1,    -1,    -1,
      63,    64,    65,    66,    67,    68,    69,    -1,    -1,    87,
      88,    -1,    -1,    -1,    77,    93,    94,    95,    96,    97,
      -1,    -1,   100,    -1,    -1,    -1,    89,    90,    91,    -1,
      -1,    -1,    -1,    -1,    -1,    98,    99,    -1,    -1,   102,
      -1,   104,   105,    11,    -1,    13,    14,    15,    16,    17,
      -1,    -1,    20,    21,    22,    23,    24,    -1,    26,    27,
      28,    29,    30,    31,    -1,    -1,    -1,    -1,    36,    -1,
      -1,    -1,    -1,    -1,    -1,    -1,    -1,    -1,    61,    62,
      -1,    -1,    -1,    51,    -1,    53,    54,    55,    56,    57,
      58,    -1,    -1,    -1,    -1,    63,    64,    65,    66,    67,
      68,    69,    -1,    -1,    87,    88,    -1,    -1,    -1,    77,
      93,    94,    95,    96,    97,    -1,    -1,   100,    -1,    -1,
      -1,    89,    90,    91,    -1,    -1,    -1,    -1,    -1,    -1,
      98,    99,    -1,    -1,   102,   103,   104,   105,    11,    -1,
      13,    14,    15,    16,    17,    -1,    -1,    20,    21,    22,
      23,    24,    -1,    26,    27,    28,    29,    30,    31,    -1,
      -1,    -1,    -1,    36,    -1,    -1,    -1,    -1,    -1,    -1,
      -1,    -1,    -1,    -1,    -1,    -1,    -1,    -1,    51,    -1,
      53,    54,    55,    56,    57,    58,    -1,    -1,    -1,    -1,
      63,    64,    65,    66,    67,    68,    69,    -1,    -1,    -1,
      -1,    -1,    -1,    -1,    77,    -1,    -1,    -1,    -1,    -1,
      -1,    -1,    -1,    -1,    -1,    -1,    89,    90,    91,    -1,
      -1,    -1,    -1,    -1,    -1,    98,    99,    -1,   101,   102,
      -1,   104,   105,    11,    -1,    13,    14,    15,    16,    17,
      -1,    -1,    20,    21,    22,    23,    24,    -1,    26,    27,
      28,    29,    30,    31,    -1,    -1,    -1,    -1,    36,    -1,
      -1,    -1,    -1,    -1,    -1,    -1,    -1,    -1,    -1,    -1,
      -1,    -1,    -1,    51,    -1,    53,    54,    55,    56,    57,
      58,    -1,    -1,    -1,    -1,    63,    64,    65,    66,    67,
      68,    69,    -1,    -1,    -1,    -1,    -1,    -1,    -1,    77,
      -1,    -1,    -1,    -1,    -1,    -1,    -1,    -1,    -1,    -1,
      -1,    89,    90,    91,    -1,    -1,    -1,    -1,    -1,    -1,
      98,    99,    -1,   101,   102,    -1,   104,   105,    11,    -1,
      13,    14,    15,    16,    17,    -1,    -1,    20,    21,    22,
      23,    24,    -1,    26,    27,    28,    29,    30,    31,    -1,
      -1,    -1,    -1,    36,    -1,    -1,    -1,    -1,    -1,    -1,
      -1,    -1,    -1,    -1,    -1,    -1,    -1,    -1,    51,    -1,
      53,    54,    55,    56,    57,    58,    -1,    -1,    -1,    -1,
      63,    64,    65,    66,    67,    68,    69,    -1,    -1,    -1,
      -1,    -1,    -1,    -1,    77,    -1,    -1,    -1,    -1,    -1,
      -1,    -1,    -1,    -1,    -1,    -1,    89,    90,    91,    -1,
      -1,    -1,    -1,    -1,    -1,    98,    99,    -1,   101,   102,
      -1,   104,   105,    11,    -1,    13,    14,    15,    16,    17,
      -1,    -1,    20,    21,    22,    23,    24,    -1,    26,    27,
      28,    29,    30,    31,    -1,    -1,    -1,    -1,    36,    -1,
      -1,    -1,    -1,    -1,    -1,    -1,    -1,    -1,    -1,    -1,
      -1,    -1,    -1,    51,    -1,    53,    54,    55,    56,    57,
      58,    -1,    -1,    -1,    -1,    63,    64,    65,    66,    67,
      68,    69,    -1,    -1,    -1,    -1,    -1,    -1,    -1,    77,
      -1,    -1,    -1,    -1,    -1,    -1,    -1,    -1,    -1,    -1,
      -1,    89,    90,    91,    -1,    -1,    -1,    -1,    -1,    -1,
      98,    99,    -1,   101,   102,    -1,   104,   105,    11,    -1,
      13,    14,    15,    16,    17,    -1,    -1,    20,    21,    22,
      23,    24,    -1,    26,    27,    28,    29,    30,    31,    -1,
      -1,    -1,    -1,    36,    -1,    -1,    -1,    -1,    -1,    -1,
      -1,    -1,    -1,    -1,    -1,    -1,    -1,    -1,    51,    -1,
      53,    54,    55,    56,    57,    58,    -1,    -1,    -1,    -1,
      63,    64,    65,    66,    67,    68,    69,    -1,    -1,    -1,
      -1,    -1,    -1,    -1,    77,    -1,    -1,    -1,    -1,    -1,
      -1,    -1,    -1,    -1,    -1,    -1,    89,    90,    91,    -1,
      -1,    -1,    -1,    -1,    -1,    98,    99,    -1,   101,   102,
      -1,   104,   105,    11,    -1,    13,    14,    15,    16,    17,
      -1,    -1,    20,    21,    22,    23,    24,    -1,    26,    27,
      28,    29,    30,    31,    -1,    -1,    -1,    -1,    36,    -1,
      -1,    -1,    -1,    -1,    -1,    -1,    -1,    -1,    -1,    -1,
      -1,    -1,    -1,    51,    -1,    53,    54,    55,    56,    57,
      58,    -1,    -1,    -1,    -1,    63,    64,    65,    66,    67,
      68,    69,    -1,    -1,    -1,    -1,    -1,    -1,    -1,    77,
      -1,    -1,    -1,    -1,    -1,    -1,    -1,    -1,    -1,    -1,
      -1,    89,    90,    91,    -1,    -1,    -1,    -1,    -1,    -1,
      98,    99,    -1,   101,   102,    -1,   104,   105,    11,    -1,
      13,    14,    15,    16,    17,    -1,    -1,    20,    21,    22,
      23,    24,    -1,    26,    27,    28,    29,    30,    31,    -1,
      -1,    -1,    -1,    36,    -1,    -1,    -1,    -1,    -1,    -1,
      -1,    -1,    -1,    -1,    -1,    -1,    -1,    -1,    51,    -1,
      53,    54,    55,    56,    57,    58,    -1,    -1,    -1,    -1,
      63,    64,    65,    66,    67,    68,    69,    -1,    -1,    -1,
      -1,    -1,    -1,    -1,    77,    -1,    -1,    -1,    -1,    -1,
      -1,    -1,    -1,    -1,    -1,    -1,    89,    90,    91,    -1,
      -1,    -1,    -1,    -1,    -1,    98,    99,    -1,   101,   102,
      -1,   104,   105,    11,    -1,    13,    14,    15,    16,    17,
      -1,    -1,    20,    21,    22,    23,    24,    -1,    26,    27,
      28,    29,    30,    31,    -1,    -1,    -1,    -1,    36,    -1,
      -1,    -1,    -1,    -1,    -1,    -1,    -1,    -1,    -1,    -1,
      -1,    -1,    -1,    51,    -1,    53,    54,    55,    56,    57,
      58,    -1,    -1,    -1,    -1,    63,    64,    65,    66,    67,
      68,    69,    -1,    -1,    -1,    -1,    -1,    -1,    -1,    77,
      -1,    -1,    -1,    -1,    -1,    -1,    -1,    -1,    -1,    -1,
      -1,    89,    90,    91,    -1,    -1,    -1,    -1,    -1,    -1,
      98,    99,    -1,    -1,   102,    -1,   104,   105,    11,    -1,
      13,    14,    15,    16,    17,    -1,    -1,    20,    21,    22,
      23,    24,    -1,    26,    27,    28,    29,    30,    31,    -1,
      -1,    -1,    -1,    36,    -1,    -1,    -1,    -1,    -1,    -1,
      -1,    -1,    -1,    -1,    -1,    -1,    -1,    -1,    51,    -1,
      53,    54,    55,    56,    57,    58,    -1,    -1,    -1,    -1,
      63,    64,    65,    66,    67,    68,    69,    -1,    -1,    -1,
      -1,    -1,    -1,    -1,    77,    -1,    -1,    -1,    -1,    -1,
      -1,    -1,    52,    -1,    -1,    -1,    89,    90,    91,    59,
      60,    61,    62,    -1,    -1,    98,    99,    -1,    -1,   102,
      -1,   104,   105,    -1,    -1,    -1,    -1,    -1,    -1,    79,
      80,    81,    82,    83,    84,    85,    86,    87,    88,    -1,
      -1,    -1,    -1,    93,    94,    95,    96,    97,    52,    -1,
     100,    -1,    -1,    -1,    -1,    59,    60,    61,    62,    -1,
      -1,    -1,    -1,    -1,    -1,    -1,    -1,    -1,    -1,    -1,
      -1,    -1,    -1,    -1,    -1,    79,    80,    -1,    82,    83,
      84,    85,    86,    87,    88,    -1,    -1,    -1,    -1,    93,
      94,    95,    96,    97,    52,    -1,   100,    -1,    -1,    -1,
      -1,    59,    60,    61,    62,    -1,    -1,    -1,    -1,    -1,
      -1,    -1,    -1,    -1,    -1,    -1,    -1,    -1,    -1,    -1,
      -1,    -1,    80,    -1,    82,    83,    84,    85,    86,    87,
      88,    -1,    -1,    -1,    -1,    93,    94,    95,    96,    97,
      -1,    -1,   100
};

/* YYSTOS[STATE-NUM] -- The (internal number of the) accessing
   symbol of state STATE-NUM.  */
static const yytype_uint8 yystos[] =
{
       0,     3,     4,     5,     6,     7,     8,   108,   109,   110,
     111,   112,   113,   114,     0,   117,    11,    13,    14,    15,
      16,    17,    20,    21,    22,    23,    24,    26,    27,    28,
      29,    30,    31,    36,    51,    53,    54,    55,    56,    57,
      58,    63,    64,    65,    66,    67,    68,    69,    77,    89,
      90,    91,    98,    99,   102,   104,   105,   158,   159,   160,
     163,   164,   165,   166,   167,   168,   170,   173,   181,   182,
     183,   185,   186,   187,   188,   189,   190,     9,   115,     1,
      32,    34,    35,    37,    38,    39,    40,    41,    42,    43,
      47,    48,    49,    50,   103,   115,   124,   138,   158,    33,
     122,   123,   124,   120,   120,    12,   158,   168,   168,    20,
      25,   115,   182,   191,   191,   191,   191,   191,   169,    11,
     102,   168,   149,   149,   168,   102,   102,   102,   115,   168,
      20,   159,   172,   182,   191,   191,   115,   168,   103,   158,
      20,    25,   151,   168,    15,    91,   102,   171,   182,   183,
     184,   185,   168,   159,   168,   168,   168,   168,   168,   101,
     158,   191,   191,    74,    75,    76,    78,     9,    11,   102,
      52,    59,    60,    61,    62,    79,    80,    82,    83,    84,
      85,    86,    87,    88,    93,    94,    95,    96,    97,   100,
     102,     9,    11,     9,    11,     9,    11,     9,   117,   150,
     151,   151,    20,   148,   102,   102,   102,   102,    68,    91,
     102,   117,   180,   182,   102,   102,   115,    46,   140,   103,
      40,    41,    42,    43,    47,    49,   123,   124,   122,    12,
     172,   102,   102,   158,   101,   115,    23,   117,   152,   101,
     101,   158,   173,   191,   159,    10,   103,   172,    25,   102,
     168,   171,   182,   183,   185,   101,   158,    70,   154,    11,
     101,   158,   158,   158,   168,   158,   158,   101,   158,   168,
     168,   168,   168,   168,   168,   168,   168,   168,   168,   168,
     168,   168,   168,   168,     9,    11,    15,    16,    17,    21,
      63,   102,   104,   105,   162,   182,   101,   158,   158,   158,
     158,   158,   158,   158,   158,   120,    20,   147,   148,   148,
      20,   128,   117,   117,   117,   117,    91,   117,    68,   178,
     179,   181,   182,   183,   185,   117,    26,   117,    26,   102,
     175,   117,   117,   115,   158,   144,   158,   158,   158,   158,
     158,   173,   159,    12,   161,   102,   155,    70,   153,   101,
     101,   158,    10,    11,   101,   158,   154,   101,    23,   158,
      11,   103,    12,   101,    81,   158,   158,   105,   105,   105,
     105,   101,   158,   105,   105,   102,   101,   103,    12,   103,
      12,   103,    12,   103,    10,    18,   116,   125,   126,   127,
       9,   103,    20,   143,   158,   144,   145,   158,   145,   177,
     182,   102,   138,   142,   145,   146,   158,   134,   178,   176,
     117,   145,   145,   101,   106,   174,   172,   156,   153,    23,
     115,   101,    23,   101,    12,   158,    10,   168,   103,    12,
     101,   173,    10,    10,    10,    10,   117,   152,   117,   155,
     117,    20,   101,   101,   101,   101,   175,   117,   101,   103,
       9,   118,   133,   102,   145,   101,   101,   158,   101,   101,
       9,    12,    12,    10,   101,   103,   153,   155,   153,   135,
     172,   141,   141,   118,   118,   145,   145,   118,   129,   119,
     140,   102,   101,   118,   118,   120,    72,   103,   115,   157,
     153,   103,   120,   103,   118,   118,    44,    45,   139,   139,
     101,   101,   140,   143,   120,   145,   132,    10,   121,     9,
      10,   140,   140,   118,   102,   131,   118,   103,    10,   101,
     118,    23,   103,   136,   120,   145,   118,   140,   130,   118,
     140,    71,   137,    19,    10,   101,   140,   141,   140,   120,
     118,   146,    72,   139,   101,   118
};

typedef enum {
	toketype_ival, toketype_opval, toketype_pval
} toketypes;

/* type of each token/terminal */
static const toketypes yy_type_tab[] =
{
  toketype_ival, toketype_ival, toketype_ival, toketype_ival, toketype_ival, toketype_ival,
  toketype_ival, toketype_ival, toketype_ival, toketype_ival, toketype_ival, toketype_ival,
  toketype_ival, toketype_ival, toketype_ival, toketype_ival, toketype_ival, toketype_ival, toketype_ival, toketype_ival, toketype_opval,
  toketype_opval, toketype_opval, toketype_opval, toketype_opval, toketype_opval, toketype_opval,
  toketype_opval, toketype_opval, toketype_opval, toketype_opval, toketype_opval, toketype_opval,
  toketype_pval, toketype_ival, toketype_ival, toketype_ival, toketype_ival, toketype_ival, toketype_ival,
  toketype_ival, toketype_ival, toketype_ival, toketype_ival, toketype_ival, toketype_ival, toketype_ival, toketype_ival,
  toketype_ival, toketype_ival, toketype_ival, toketype_ival, toketype_ival, toketype_ival, toketype_ival,
  toketype_ival, toketype_ival, toketype_ival, toketype_ival, toketype_ival, toketype_ival, toketype_ival, toketype_ival,
  toketype_ival, toketype_ival, toketype_ival, toketype_ival, toketype_ival, toketype_ival, toketype_ival,
  toketype_ival, toketype_ival, toketype_ival, toketype_ival, toketype_ival, toketype_ival,
  toketype_ival, toketype_ival, toketype_ival, toketype_ival, toketype_ival, toketype_ival, toketype_ival, toketype_ival,
  toketype_ival, toketype_ival, toketype_ival, toketype_ival, toketype_ival, toketype_ival, toketype_ival,
  toketype_ival, toketype_ival, toketype_ival, toketype_ival, toketype_ival, toketype_ival, toketype_ival,
  toketype_ival, toketype_ival, toketype_ival, toketype_ival, toketype_ival, toketype_ival, toketype_ival, toketype_ival, toketype_ival,
  toketype_ival, toketype_ival, toketype_ival, toketype_ival, toketype_ival, toketype_ival, toketype_ival, toketype_ival, toketype_opval,
  toketype_opval, toketype_ival, toketype_opval, toketype_ival, toketype_opval, toketype_opval,
  toketype_opval, toketype_opval, toketype_opval, toketype_ival, toketype_ival, toketype_ival, toketype_ival, toketype_ival,
  toketype_ival, toketype_ival, toketype_ival, toketype_ival, toketype_ival, toketype_ival, toketype_opval, toketype_opval,
  toketype_opval, toketype_opval, toketype_opval, toketype_ival, toketype_opval, toketype_opval, toketype_opval, toketype_opval,
  toketype_opval, toketype_opval, toketype_ival, toketype_ival, toketype_ival,
  toketype_opval, toketype_opval, toketype_opval, toketype_opval, toketype_opval, toketype_ival,
  toketype_opval, toketype_opval, toketype_opval, toketype_opval, toketype_ival, toketype_opval,
  toketype_opval, toketype_opval, toketype_opval, toketype_opval, toketype_opval, toketype_opval,
  toketype_ival, toketype_opval, toketype_opval, toketype_opval, toketype_opval, toketype_opval,
  toketype_ival, toketype_ival, toketype_opval, toketype_opval, toketype_opval, toketype_ival,
  toketype_opval, toketype_opval, toketype_opval, toketype_opval, toketype_opval, toketype_opval, toketype_opval,
  toketype_opval, toketype_opval, toketype_opval, toketype_opval
};

/* Generated from:
 * 71f460c516535a6ca3669726e1b0affa60e0b1b3c94f7b7541d42202cb619cdd perly.y
 * d75acf04e5e050e9d0de13999b5b46a13f176dcf9f75c07acf51e913fc41db9a regen_perly.pl
 * ex: set ro: */
