/* ex: set ro ft=c: -*- buffer-read-only: t -*-
   !!!!!!!   DO NOT EDIT THIS FILE   !!!!!!!
   This file is built by regen_perly.pl from perly.y.
   Any changes made here will be lost!
 */

#define YYFINAL  14
/* YYLAST -- Last index in YYTABLE.  */
#define YYLAST   3187

/* YYNTOKENS -- Number of terminals.  */
#define YYNTOKENS  107
/* YYNNTS -- Number of nonterminals.  */
#define YYNNTS  85
/* YYNRULES -- Number of rules.  */
#define YYNRULES  268
/* YYNSTATES -- Number of states.  */
#define YYNSTATES  548

/* YYTRANSLATE[YYX] -- Symbol number corresponding to YYX as returned
   by yylex, with out-of-bounds checking.  */
#define YYUNDEFTOK  2
#define YYMAXUTOK   339

#define YYTRANSLATE(YYX)                                                \
  ((unsigned int) (YYX) <= YYMAXUTOK ? yytranslate[YYX] : YYUNDEFTOK)

/* YYTRANSLATE[TOKEN-NUM] -- Symbol number corresponding to TOKEN-NUM
   as returned by yylex, without out-of-bounds checking.  */
static const yytype_uint8 yytranslate[] =
{
       0,     2,     2,     2,     2,     2,     2,     2,     2,     2,
       2,     2,     2,     2,     2,     2,     2,     2,     2,     2,
       2,     2,     2,     2,     2,     2,     2,     2,     2,     2,
       2,     2,     2,    89,     2,     2,   104,    16,    17,     2,
     102,   101,   105,    14,    78,    13,    19,   106,     2,     2,
       2,     2,     2,     2,     2,     2,     2,     2,    81,   103,
       2,    18,     2,    80,    15,     2,     2,     2,     2,     2,
       2,     2,     2,     2,     2,     2,     2,     2,     2,     2,
       2,     2,     2,     2,     2,     2,     2,     2,     2,     2,
       2,    11,     2,    12,     2,     2,     2,     2,     2,     2,
       2,     2,     2,     2,     2,     2,     2,     2,     2,     2,
       2,     2,     2,     2,     2,     2,     2,     2,     2,     2,
       2,     2,     2,     9,     2,    10,    90,     2,     2,     2,
       2,     2,     2,     2,     2,     2,     2,     2,     2,     2,
       2,     2,     2,     2,     2,     2,     2,     2,     2,     2,
       2,     2,     2,     2,     2,     2,     2,     2,     2,     2,
       2,     2,     2,     2,     2,     2,     2,     2,     2,     2,
       2,     2,     2,     2,     2,     2,     2,     2,     2,     2,
       2,     2,     2,     2,     2,     2,     2,     2,     2,     2,
       2,     2,     2,     2,     2,     2,     2,     2,     2,     2,
       2,     2,     2,     2,     2,     2,     2,     2,     2,     2,
       2,     2,     2,     2,     2,     2,     2,     2,     2,     2,
       2,     2,     2,     2,     2,     2,     2,     2,     2,     2,
       2,     2,     2,     2,     2,     2,     2,     2,     2,     2,
       2,     2,     2,     2,     2,     2,     2,     2,     2,     2,
       2,     2,     2,     2,     2,     2,     1,     2,     3,     4,
       5,     6,     7,     8,    20,    21,    22,    23,    24,    25,
      26,    27,    28,    29,    30,    31,    32,    33,    34,    35,
      36,    37,    38,    39,    40,    41,    42,    43,    44,    45,
      46,    47,    48,    49,    50,    51,    52,    53,    54,    55,
      56,    57,    58,    59,    60,    61,    62,    63,    64,    65,
      66,    67,    68,    69,    70,    71,    72,    73,    74,    75,
      76,    77,    79,    82,    83,    84,    85,    86,    87,    88,
      91,    92,    93,    94,    95,    96,    97,    98,    99,   100
};

#if YYDEBUG
  /* YYRLINE[YYN] -- Source line where rule number YYN was defined.  */
static const yytype_uint16 yyrline[] =
{
       0,   117,   117,   116,   127,   126,   136,   135,   148,   147,
     160,   159,   172,   171,   183,   191,   199,   203,   211,   217,
     218,   228,   229,   238,   242,   246,   250,   257,   259,   269,
     268,   302,   301,   344,   343,   372,   380,   379,   388,   394,
     400,   411,   413,   415,   422,   430,   432,   429,   450,   449,
     457,   456,   465,   464,   474,   482,   489,   488,   496,   503,
     502,   517,   521,   529,   547,   548,   553,   555,   557,   559,
     561,   563,   565,   568,   574,   575,   580,   591,   592,   598,
     604,   605,   610,   613,   617,   622,   626,   630,   631,   635,
     641,   646,   651,   652,   657,   658,   663,   664,   666,   671,
     673,   679,   678,   697,   698,   702,   704,   706,   708,   712,
     714,   719,   723,   727,   731,   737,   742,   748,   754,   756,
     759,   758,   769,   770,   774,   778,   781,   786,   791,   794,
     798,   802,   805,   810,   814,   817,   819,   821,   826,   849,
     851,   856,   858,   860,   862,   864,   866,   868,   870,   872,
     874,   876,   881,   883,   886,   888,   890,   893,   896,   907,
     910,   913,   920,   922,   924,   926,   928,   931,   950,   952,
     956,   957,   958,   959,   960,   962,   964,   966,   968,   970,
     972,   974,   976,   978,   980,   982,   984,   986,   988,   998,
    1008,  1018,  1028,  1030,  1032,  1035,  1040,  1044,  1046,  1048,
    1050,  1053,  1055,  1058,  1060,  1062,  1064,  1066,  1068,  1070,
    1072,  1074,  1077,  1079,  1081,  1083,  1085,  1087,  1091,  1094,
    1093,  1106,  1107,  1108,  1113,  1117,  1119,  1121,  1126,  1128,
    1131,  1133,  1135,  1137,  1142,  1144,  1149,  1150,  1155,  1156,
    1160,  1163,  1162,  1170,  1174,  1175,  1176,  1179,  1180,  1183,
    1184,  1187,  1191,  1195,  1201,  1230,  1236,  1238,  1242,  1246,
    1247,  1251,  1252,  1256,  1257,  1262,  1264,  1266,  1269
};
#endif

#if YYDEBUG || YYERROR_VERBOSE || 0
/* YYTNAME[SYMBOL-NUM] -- String name of the symbol SYMBOL-NUM.
   First, the terminals, then, starting at YYNTOKENS, nonterminals.  */
static const char *const yytname[] =
{
  "$end", "error", "$undefined", "GRAMPROG", "GRAMEXPR", "GRAMBLOCK",
  "GRAMBARESTMT", "GRAMFULLSTMT", "GRAMSTMTSEQ", "'{'", "'}'", "'['",
  "']'", "'-'", "'+'", "'@'", "'%'", "'&'", "'='", "'.'", "BAREWORD",
  "METHOD", "FUNCMETH", "THING", "PMFUNC", "PRIVATEREF", "QWLIST",
  "FUNC0OP", "FUNC0SUB", "UNIOPSUB", "LSTOPSUB", "PLUGEXPR", "PLUGSTMT",
  "LABEL", "FORMAT", "SUB", "ANONSUB", "EXTERN", "PACKAGE", "USE", "WHILE",
  "UNTIL", "IF", "UNLESS", "ELSE", "ELSIF", "CONTINUE", "FOR", "GIVEN",
  "WHEN", "DEFAULT", "LOOPEX", "DOTDOT", "YADAYADA", "FUNC0", "FUNC1",
  "FUNC", "UNIOP", "LSTOP", "RELOP", "EQOP", "MULOP", "ADDOP", "DOLSHARP",
  "DO", "HASHBRACK", "NOAMP", "LOCAL", "MY", "REQUIRE", "COLONATTR",
  "FORMLBRACK", "FORMRBRACK", "PREC_LOW", "OROP", "DOROP", "ANDOP",
  "NOTOP", "','", "ASSIGNOP", "'?'", "':'", "OROR", "DORDOR", "ANDAND",
  "BITOROP", "BITANDOP", "SHIFTOP", "MATCHOP", "'!'", "'~'", "UMINUS",
  "REFGEN", "POWOP", "POWCOP", "PREINC", "PREDEC", "POSTINC", "POSTDEC",
  "POSTJOIN", "ARROW", "')'", "'('", "';'", "'$'", "'*'", "'/'", "$accept",
  "grammar", "$@1", "$@2", "$@3", "$@4", "$@5", "$@6", "block",
  "formblock", "remember", "mblock", "mremember", "stmtseq", "formstmtseq",
  "fullstmt", "labfullstmt", "barestmt", "$@7", "$@8", "$@9", "$@10",
  "$@11", "$@12", "$@13", "$@14", "@15", "$@16", "$@17", "formline",
  "formarg", "sideff", "else", "cont", "mintro", "nexpr", "texpr", "iexpr",
  "mexpr", "mnexpr", "formname", "startsub", "startanonsub",
  "startformsub", "subname", "proto", "subattrlist", "myattrlist",
  "subsignature", "@18", "optsubbody", "expr", "listexpr", "listop", "@19",
  "method", "subscripted", "termbinop", "termunop", "anonymous", "termdo",
  "term", "@20", "myattrterm", "myterm", "optlistexpr", "optexpr",
  "optrepl", "lpar_or_qw", "$@21", "my_scalar", "my_var", "refgen_topic",
  "my_refgen", "amper", "scalar", "ary", "sizearydecl", "hsh", "arylen",
  "star", "sliceme", "kvslice", "gelem", "indirob", YY_NULLPTR
};
#endif

# ifdef YYPRINT
/* YYTOKNUM[NUM] -- (External) token number corresponding to the
   (internal) symbol number NUM (which must be that of a token).  */
static const yytype_uint16 yytoknum[] =
{
       0,   256,   257,   258,   259,   260,   261,   262,   263,   123,
     125,    91,    93,    45,    43,    64,    37,    38,    61,    46,
     264,   265,   266,   267,   268,   269,   270,   271,   272,   273,
     274,   275,   276,   277,   278,   279,   280,   281,   282,   283,
     284,   285,   286,   287,   288,   289,   290,   291,   292,   293,
     294,   295,   296,   297,   298,   299,   300,   301,   302,   303,
     304,   305,   306,   307,   308,   309,   310,   311,   312,   313,
     314,   315,   316,   317,   318,   319,   320,   321,    44,   322,
      63,    58,   323,   324,   325,   326,   327,   328,   329,    33,
     126,   330,   331,   332,   333,   334,   335,   336,   337,   338,
     339,    41,    40,    59,    36,    42,    47
};
# endif

#define YYPACT_NINF -411

#define yypact_value_is_default(Yystate) \
  (!!((Yystate) == (-411)))

#define YYTABLE_NINF -264

#define yytable_value_is_error(Yytable_value) \
  (!!((Yytable_value) == (-264)))

  /* YYPACT[STATE-NUM] -- Index in YYTABLE of the portion describing
     STATE-NUM.  */
static const yytype_int16 yypact[] =
{
     424,  -411,  -411,  -411,  -411,  -411,  -411,    30,  -411,  2867,
      29,  1531,  1434,  -411,  -411,  -411,  2012,  2867,  2867,    11,
      11,    11,  -411,    11,    11,  -411,  -411,    37,   -47,  -411,
    2867,  -411,  -411,  -411,  2867,  -411,   -37,   -33,   -28,  1917,
    1820,    11,  1917,  2107,    53,  2867,    55,  2867,  2867,  2867,
    2867,  2867,  2867,  2867,  2202,    11,    11,   134,     6,  -411,
      50,  -411,  -411,  -411,  -411,  3044,  -411,  -411,   -23,    79,
     100,   147,  -411,    78,   167,   174,    83,  -411,  -411,  -411,
    -411,  -411,    53,    61,    88,  -411,    -3,    16,    58,    73,
     213,    77,    80,    29,  -411,   109,  -411,    97,   394,  1434,
    -411,  -411,  -411,   658,   755,  -411,   130,   833,   833,  -411,
    -411,  -411,  -411,  -411,  -411,  -411,  2867,   101,   122,  2867,
     124,   511,    29,    -5,  3044,   125,  2297,  1820,  -411,   511,
     554,     6,  -411,   477,  2867,  -411,  -411,   511,   192,   259,
    -411,  -411,  2867,   511,    19,  2962,  2392,   160,  -411,  -411,
    -411,  -411,   511,     6,   833,   833,   833,   393,   393,   221,
     409,  -411,  -411,  2867,  2867,  2867,  2867,  2867,  2867,  2487,
    2867,  2867,  2867,  2867,  2867,  2867,  2867,  2867,  2867,  2867,
    2867,  2867,  2867,  2867,  2867,  -411,  -411,  -411,  -411,   360,
    2582,  2867,  2867,  2867,  2867,  2867,  2867,  2867,  -411,   211,
    -411,    53,   226,  -411,  -411,  -411,  -411,  -411,   144,    60,
    -411,   223,  -411,     1,  -411,  -411,  -411,    29,  -411,  -411,
    2867,  2867,  2867,  2867,  2867,  2867,  -411,  -411,  -411,  -411,
    -411,  2867,  2867,   137,  -411,  -411,  -411,   146,   185,  -411,
    -411,   427,   165,  2867,     6,  -411,   258,  -411,   263,  2677,
     833,   160,   163,   190,   231,  -411,   569,   252,  -411,  2867,
     288,   224,   224,  -411,  3044,   265,   169,  -411,   628,  1615,
    2092,  1902,   737,   361,  3044,  3001,  1709,  1709,   447,  1805,
    1997,   524,   833,   833,  2867,  2867,   197,   198,   201,  -411,
     215,  2772,    15,   217,   205,  -411,  -411,   643,   285,   202,
     304,   216,   308,   222,   339,   852,  -411,   307,   225,  -411,
       7,   306,  2867,  2867,  2867,  2867,  -411,   227,  -411,  -411,
     235,  -411,  -411,  -411,  -411,  1627,  -411,    18,  -411,  -411,
    -411,  2867,  2867,  -411,   134,  -411,   134,   134,   134,   134,
     134,   241,   -15,  -411,  2867,  -411,   185,   321,    29,  -411,
    -411,   656,  -411,   326,    51,   664,  -411,  -411,  -411,   272,
    2867,   353,  -411,  -411,  2867,   397,   276,  -411,  -411,  -411,
    -411,  -411,   725,  -411,  -411,  2867,  -411,   354,  -411,   356,
    -411,   357,  -411,   362,  -411,  -411,  -411,   351,  -411,  -411,
    -411,  -411,   365,   286,   134,   305,   309,   134,   315,     1,
    -411,  -411,  -411,  -411,   320,   322,   377,   380,  -411,   331,
    2867,   337,   338,  -411,  2867,   345,  -411,   346,   400,  -411,
    -411,  -411,   428,    57,  -411,   281,  -411,  3087,   440,  -411,
    -411,   373,  -411,  -411,  -411,  -411,   363,   185,   146,  -411,
    -411,  2867,  -411,  -411,   380,   380,  2867,  2867,   380,  -411,
    -411,   109,   378,  -411,   386,   380,   380,   134,  -411,  -411,
    -411,  -411,  -411,  -411,  -411,   391,    10,   185,   146,  -411,
     392,   380,   380,   153,   153,   395,   398,   109,  2867,  -411,
    -411,  2867,  -411,  -411,  -411,   949,  -411,  -411,  -411,  -411,
     472,   185,  1046,  -411,   109,   109,   380,   396,  -411,  -411,
    -411,   380,  -411,   401,  1143,   404,   380,  -411,    28,  -411,
     408,  -411,  -411,  -411,  -411,  2867,   380,   109,  -411,  -411,
     380,   109,   441,   495,  -411,  1240,  -411,   415,   109,  -411,
    -411,   109,  -411,  -411,  -411,  -411,  -411,   380,  -411,  1723,
    -411,  1337,   153,   421,  -411,  -411,   380,  -411
};

  /* YYDEFACT[STATE-NUM] -- Default reduction number in state STATE-NUM.
     Performed when YYTABLE does not specify something else to do.  Zero
     means the default is an error.  */
static const yytype_uint16 yydefact[] =
{
       0,     2,     4,     6,     8,    10,    12,     0,    16,   236,
       0,     0,     0,    19,     1,    19,     0,     0,     0,     0,
       0,     0,   221,     0,     0,   192,   219,   180,   214,   216,
     210,    90,   224,    90,   202,   223,   212,     0,     0,   205,
     234,     0,     0,     0,     0,     0,     0,   208,     0,     0,
       0,     0,     0,     0,     0,     0,     0,   237,   108,   222,
     187,   170,   171,   172,   173,   111,   177,     5,   193,   182,
     185,   184,   186,   183,     0,     0,     0,    16,     7,    66,
      27,    91,     0,     0,     0,    89,     0,     0,     0,     0,
      16,     0,     0,     0,    62,    77,     9,     0,    67,     0,
      11,    24,    23,     0,     0,   163,     0,   152,   153,   265,
     268,   267,   266,   253,   255,   251,   234,     0,     0,     0,
       0,   211,     0,    94,   203,     0,     0,   236,   206,   207,
     265,   235,   118,   266,     0,   256,   169,   168,     0,     0,
      92,    93,   234,   178,     0,     0,     0,   226,   230,   233,
     232,   231,   209,   204,   154,   155,   175,   160,   161,   181,
       0,   252,   258,     0,     0,     0,   109,     0,     0,     0,
       0,     0,     0,     0,     0,     0,     0,     0,     0,     0,
       0,     0,     0,     0,     0,   159,   156,   157,   158,     0,
       0,     0,     0,     0,     0,     0,     0,     0,    19,    88,
      89,     0,     0,    36,    16,    16,    16,    16,    16,     0,
      16,     0,    16,     0,    16,    16,    42,     0,    58,    61,
       0,     0,     0,     0,     0,     0,    26,    25,    20,   162,
     116,   236,     0,     0,   215,   120,    95,     0,    96,   213,
     217,     0,     0,     0,   112,   165,     0,   196,   268,     0,
     176,     0,   182,   185,   184,   229,     0,   100,   225,     0,
     179,   106,   107,   105,   110,     0,     0,   134,     0,   147,
     143,   144,   140,   141,   138,     0,   149,   150,   148,   146,
     145,   142,   151,   139,     0,     0,   260,   262,     0,   122,
       0,     0,     0,   264,   115,   123,   194,     0,     0,     0,
       0,     0,     0,     0,     0,     0,    87,     0,    29,    89,
       0,     0,    82,     0,     0,     0,   249,     0,   250,   247,
       0,   248,   244,   245,   246,     0,    56,     0,   241,   240,
      16,     0,     0,    78,    70,    71,    84,    68,    69,    72,
      73,     0,   238,   136,   234,   101,    96,    98,     0,   218,
     119,     0,   164,     0,   181,     0,   227,   228,    99,     0,
       0,     0,   127,   133,     0,     0,     0,   198,   199,   200,
     257,   131,     0,   197,   201,   236,   195,     0,   125,     0,
     188,     0,   189,     0,    14,    16,    28,    94,    16,    33,
      16,    35,     0,     0,    83,     0,     0,    85,     0,     0,
     243,    16,    81,    86,     0,     0,    67,     0,    52,     0,
       0,     0,     0,   117,     0,     0,   121,     0,     0,    97,
     166,   113,     0,   179,   137,     0,   130,   174,     0,   126,
     132,     0,   128,   190,   191,   124,     0,    96,     0,    16,
      59,   234,    79,    79,     0,     0,     0,     0,     0,    45,
      18,    77,     0,   242,     0,     0,     0,   239,   220,   102,
      19,   254,   135,   129,   114,     0,     0,    96,     0,    19,
       0,     0,     0,    74,    74,     0,     0,    77,    82,    19,
      57,     0,    50,    40,    41,     0,    21,   104,   103,    30,
       0,    96,     0,    37,    77,    77,     0,     0,    38,    39,
      48,     0,    55,     0,     0,     0,     0,   167,     0,    19,
       0,    60,    43,    44,    75,     0,     0,    77,    46,    17,
       0,    77,    64,     0,    22,     0,    34,     0,    77,    54,
      79,    77,    51,    19,    63,    15,    32,     0,    49,     0,
      53,     0,    74,     0,    65,    76,     0,    47
};

  /* YYPGOTO[NTERM-NUM].  */
static const yytype_int16 yypgoto[] =
{
    -411,  -411,  -411,  -411,  -411,  -411,  -411,  -411,   -10,  -411,
     -69,  -192,  -411,   -12,  -411,   513,   431,    49,  -411,  -411,
    -411,  -411,  -411,  -411,  -411,  -411,  -411,  -411,  -411,  -411,
    -411,  -312,  -410,  -344,  -390,  -411,    45,   214,  -230,     3,
    -411,  -183,   510,  -411,   -67,   161,  -337,   298,  -382,  -411,
    -411,    -2,   -36,  -411,  -411,  -411,  -411,  -411,  -411,  -411,
    -411,   220,  -411,  -411,   405,  -105,  -117,  -411,   168,  -411,
    -411,   242,  -411,  -411,   359,    26,   -41,  -411,   -40,  -411,
    -411,  -411,  -411,  -411,     2
};

  /* YYDEFGOTO[NTERM-NUM].  */
static const yytype_int16 yydefgoto[] =
{
      -1,     7,     8,     9,    10,    11,    12,    13,   111,   386,
      15,   451,   479,   103,   508,   228,   101,   102,   387,   388,
     439,   311,   478,   530,   516,   506,   452,   407,   469,   524,
     534,    97,   498,   218,   471,   403,   393,   335,   396,   405,
     307,   203,   122,   199,   142,   238,   348,   258,   346,   417,
     489,    98,    58,    59,   344,   294,    60,    61,    62,    63,
      64,    65,   118,    66,   147,   132,    67,   415,   330,   409,
     399,   319,   320,   212,    68,    69,    70,   150,    71,    72,
      73,    74,    75,    76,   113
};

  /* YYTABLE[YYPACT[STATE-NUM]] -- What to do in state STATE-NUM.  If
     positive, shift that token.  If negative, reduce the rule whose
     number is the opposite.  If YYTABLE_NINF, syntax error.  */
static const yytype_int16 yytable[] =
{
      78,    95,    95,   104,   131,   149,   151,    57,   198,   418,
     242,   230,   153,   402,   106,   200,   390,   308,   236,    77,
      77,   211,   114,   115,    77,   116,   117,   328,    77,   128,
      14,   109,   136,    19,    20,   109,   110,   247,    77,   109,
     110,   139,   134,   135,   248,   112,   112,   112,   119,   112,
     112,   522,   160,   472,   237,   120,   467,   161,   162,   167,
      96,   168,   259,   166,   499,   125,   133,   112,   360,   126,
     144,    20,   148,   140,   127,    19,    20,    21,   141,   190,
     131,   112,   112,   216,   166,   398,   491,  -263,   191,    95,
     192,   414,   197,    95,    95,   404,   201,   -16,   244,   204,
     466,   411,   412,   329,   253,   254,   131,   480,   202,  -259,
     391,  -259,   235,   487,   341,    55,   213,   233,   205,    55,
     373,  -229,    55,    55,   241,    57,   389,  -228,   318,   243,
     490,   523,   545,   502,   309,   312,   313,   314,   315,   317,
     539,   325,   229,   327,   256,   331,   332,   145,   227,   343,
     512,   513,   169,   133,   510,   217,  -261,   146,  -261,    55,
     206,   261,   262,   263,    55,   265,   266,   268,   323,   324,
     112,   252,   191,   529,   192,   207,   193,   532,   194,   214,
     454,   362,   215,   195,   538,   196,   305,   540,   297,   298,
     299,   300,   301,   302,   303,   304,   342,   496,   497,  -259,
     219,  -259,   245,   231,   163,   164,   165,   333,   163,   164,
     165,   163,   164,   165,   378,   295,   475,   476,   334,   336,
     337,   338,   339,   340,   232,   234,   239,   402,   380,    57,
     257,   306,   259,  -230,   382,   322,   316,   107,   108,   416,
    -261,   351,  -261,   163,   164,   165,   310,   355,   345,   326,
     121,   505,   473,   474,   124,   347,   477,   359,   431,   129,
    -233,   410,   137,   483,   484,   143,   350,   152,   352,   154,
     155,   156,   157,   158,   353,   358,   163,   164,   165,   494,
     495,   208,   365,   366,   424,   527,   323,   324,   429,   372,
     163,   164,   165,   462,   161,    95,   163,   164,   165,   360,
     165,  -231,   367,   368,   514,   209,   369,   375,   131,   517,
     394,   336,   397,   397,   521,   210,   436,    55,   112,   438,
     370,   440,   374,   406,   528,   385,   392,   -31,   531,   397,
     397,    55,   447,   163,   164,   165,   470,   401,   420,   163,
     164,   165,   413,   400,   419,   542,   163,   164,   165,   422,
     163,   164,   165,   322,   547,   163,   164,   165,   425,   163,
     164,   165,   246,   426,   432,   250,   433,   434,   361,   284,
     468,   285,   435,    57,   236,   286,   287,   288,   163,   164,
     165,   289,   163,   164,   165,   441,   264,   442,   377,   450,
     269,   270,   271,   272,   273,   274,   275,   276,   277,   278,
     279,   280,   281,   282,   283,   131,   443,   379,   397,   460,
     444,   381,   457,   163,   164,   165,   445,   220,   221,   222,
     223,   448,   173,   290,   224,   449,   225,     1,     2,     3,
       4,     5,     6,   453,   220,   221,   222,   223,   455,   456,
     461,   224,   383,   225,   397,   397,   458,   459,   485,   183,
     463,   163,   164,   165,   184,   185,   488,   492,   186,   187,
     188,   189,   291,   486,   292,   293,   465,   504,   163,   164,
     165,   163,   164,   165,   464,    95,   394,  -182,   -85,   397,
     481,   509,    95,   163,   164,   165,   191,   482,   192,  -182,
    -264,  -264,  -264,   189,    95,   493,   500,   525,   515,   501,
     428,   163,   164,   165,   518,   520,   171,   172,   173,   174,
     260,   526,   533,   397,   535,    95,   537,  -182,  -182,  -182,
    -182,   541,   546,   503,  -182,   100,  -182,   395,   349,  -182,
     226,    95,   180,   181,   182,   183,  -182,  -182,  -182,  -182,
     184,   185,   543,   123,   186,   187,   188,   189,   437,   356,
     251,  -182,  -182,  -182,  -221,  -182,  -182,  -182,  -182,  -182,
    -182,  -182,  -182,  -182,  -182,  -182,  -221,   446,   321,   408,
    -182,  -182,   173,   174,  -182,  -182,  -182,  -182,  -182,     0,
    -182,     0,     0,  -182,   427,   173,   174,     0,     0,     0,
       0,     0,     0,     0,  -221,  -221,  -221,  -221,   182,   183,
       0,  -221,     0,  -221,   184,   185,  -221,     0,   186,   187,
     188,   189,   183,  -221,  -221,  -221,  -221,   184,   185,     0,
       0,   186,   187,   188,   189,     0,     0,     0,  -221,  -221,
    -221,     0,  -221,  -221,  -221,  -221,  -221,  -221,  -221,  -221,
    -221,  -221,  -221,   163,   164,   165,     0,  -221,  -221,     0,
       0,  -221,  -221,  -221,  -221,  -221,     0,  -221,   -13,    79,
    -221,     0,     0,     0,     0,     0,     0,    77,     0,    16,
     357,    17,    18,    19,    20,    21,     0,     0,    22,    23,
      24,    25,    26,     0,    27,    28,    29,    30,    31,    32,
      80,    99,    81,    82,    33,    83,    84,    85,    86,    87,
      88,    89,   163,   164,   165,    90,    91,    92,    93,    34,
       0,    35,    36,    37,    38,    39,    40,   163,   164,   165,
       0,    41,    42,    43,    44,    45,    46,    47,     0,   363,
     163,   164,   165,     0,     0,    48,     0,     0,   163,   164,
     165,     0,     0,     0,   376,     0,     0,    49,    50,     0,
      51,     0,     0,    52,    53,    -3,    79,   421,     0,     0,
      54,    94,    55,    56,    77,   423,    16,     0,    17,    18,
      19,    20,    21,     0,     0,    22,    23,    24,    25,    26,
       0,    27,    28,    29,    30,    31,    32,    80,    99,    81,
      82,    33,    83,    84,    85,    86,    87,    88,    89,   163,
     164,   165,    90,    91,    92,    93,    34,     0,    35,    36,
      37,    38,    39,    40,     0,     0,     0,     0,    41,    42,
      43,    44,    45,    46,    47,   183,   430,     0,     0,     0,
     184,   185,    48,     0,   186,   187,   188,   189,     0,     0,
       0,     0,     0,     0,    49,    50,     0,    51,     0,     0,
      52,    53,     0,    79,     0,     0,     0,    54,    94,    55,
      56,    77,   384,    16,     0,    17,    18,    19,    20,    21,
       0,     0,    22,    23,    24,    25,    26,     0,    27,    28,
      29,    30,    31,    32,    80,    99,    81,    82,    33,    83,
      84,    85,    86,    87,    88,    89,     0,     0,     0,    90,
      91,    92,    93,    34,     0,    35,    36,    37,    38,    39,
      40,     0,     0,     0,     0,    41,    42,    43,    44,    45,
      46,    47,     0,     0,     0,     0,   184,   185,     0,    48,
     186,   187,   188,   189,     0,     0,     0,     0,     0,     0,
       0,    49,    50,     0,    51,     0,     0,    52,    53,     0,
      79,     0,     0,     0,    54,    94,    55,    56,    77,   507,
      16,     0,    17,    18,    19,    20,    21,     0,     0,    22,
      23,    24,    25,    26,     0,    27,    28,    29,    30,    31,
      32,    80,    99,    81,    82,    33,    83,    84,    85,    86,
      87,    88,    89,     0,     0,     0,    90,    91,    92,    93,
      34,     0,    35,    36,    37,    38,    39,    40,     0,     0,
       0,     0,    41,    42,    43,    44,    45,    46,    47,     0,
       0,     0,     0,     0,     0,     0,    48,     0,     0,     0,
       0,     0,     0,     0,     0,     0,     0,     0,    49,    50,
       0,    51,     0,     0,    52,    53,     0,    79,     0,     0,
       0,    54,    94,    55,    56,    77,   511,    16,     0,    17,
      18,    19,    20,    21,     0,     0,    22,    23,    24,    25,
      26,     0,    27,    28,    29,    30,    31,    32,    80,    99,
      81,    82,    33,    83,    84,    85,    86,    87,    88,    89,
       0,     0,     0,    90,    91,    92,    93,    34,     0,    35,
      36,    37,    38,    39,    40,     0,     0,     0,     0,    41,
      42,    43,    44,    45,    46,    47,     0,     0,     0,     0,
       0,     0,     0,    48,     0,     0,     0,     0,     0,     0,
       0,     0,     0,     0,     0,    49,    50,     0,    51,     0,
       0,    52,    53,     0,    79,     0,     0,     0,    54,    94,
      55,    56,    77,   519,    16,     0,    17,    18,    19,    20,
      21,     0,     0,    22,    23,    24,    25,    26,     0,    27,
      28,    29,    30,    31,    32,    80,    99,    81,    82,    33,
      83,    84,    85,    86,    87,    88,    89,     0,     0,     0,
      90,    91,    92,    93,    34,     0,    35,    36,    37,    38,
      39,    40,     0,     0,     0,     0,    41,    42,    43,    44,
      45,    46,    47,     0,     0,     0,     0,     0,     0,     0,
      48,     0,     0,     0,     0,     0,     0,     0,     0,     0,
       0,     0,    49,    50,     0,    51,     0,     0,    52,    53,
       0,    79,     0,     0,     0,    54,    94,    55,    56,    77,
     536,    16,     0,    17,    18,    19,    20,    21,     0,     0,
      22,    23,    24,    25,    26,     0,    27,    28,    29,    30,
      31,    32,    80,    99,    81,    82,    33,    83,    84,    85,
      86,    87,    88,    89,     0,     0,     0,    90,    91,    92,
      93,    34,     0,    35,    36,    37,    38,    39,    40,     0,
       0,     0,     0,    41,    42,    43,    44,    45,    46,    47,
       0,     0,     0,     0,     0,     0,     0,    48,     0,     0,
       0,     0,     0,     0,     0,     0,     0,     0,     0,    49,
      50,     0,    51,     0,     0,    52,    53,     0,    79,     0,
       0,     0,    54,    94,    55,    56,    77,     0,    16,     0,
      17,    18,    19,    20,    21,     0,     0,    22,    23,    24,
      25,    26,     0,    27,    28,    29,    30,    31,    32,    80,
      99,    81,    82,    33,    83,    84,    85,    86,    87,    88,
      89,     0,     0,     0,    90,    91,    92,    93,    34,     0,
      35,    36,    37,    38,    39,    40,     0,     0,     0,     0,
      41,    42,    43,    44,    45,    46,    47,     0,     0,   544,
       0,     0,     0,     0,    48,     0,     0,     0,     0,     0,
       0,     0,     0,     0,     0,     0,    49,    50,     0,    51,
       0,     0,    52,    53,     0,    79,     0,     0,     0,    54,
      94,    55,    56,    77,     0,    16,     0,    17,    18,    19,
      20,    21,     0,     0,    22,    23,    24,    25,    26,     0,
      27,    28,    29,    30,    31,    32,    80,    99,    81,    82,
      33,    83,    84,    85,    86,    87,    88,    89,     0,     0,
       0,    90,    91,    92,    93,    34,     0,    35,    36,    37,
      38,    39,    40,     0,     0,     0,     0,    41,    42,    43,
      44,    45,    46,    47,     0,     0,     0,     0,     0,     0,
       0,    48,     0,     0,     0,     0,     0,     0,     0,     0,
       0,     0,     0,    49,    50,     0,    51,     0,     0,    52,
      53,     0,    79,     0,     0,     0,    54,    94,    55,    56,
      77,     0,    16,     0,    17,    18,    19,    20,    21,     0,
       0,    22,    23,    24,    25,    26,     0,    27,    28,    29,
      30,    31,    32,    80,     0,    81,    82,    33,    83,    84,
      85,    86,    87,    88,    89,     0,     0,     0,    90,    91,
      92,    93,    34,     0,    35,    36,    37,    38,    39,    40,
       0,     0,     0,     0,    41,    42,    43,    44,    45,    46,
      47,     0,     0,     0,     0,     0,     0,     0,    48,     0,
       0,     0,     0,     0,     0,     0,     0,     0,     0,     0,
      49,    50,     0,    51,     0,     0,    52,    53,    79,     0,
       0,     0,     0,    54,    94,    55,    56,     0,    16,     0,
      17,    18,    19,    20,    21,     0,     0,    22,    23,    24,
      25,    26,     0,    27,    28,    29,    30,    31,    32,     0,
       0,     0,     0,    33,     0,     0,     0,  -264,     0,     0,
       0,     0,     0,     0,   171,   172,   173,   174,    34,     0,
      35,    36,    37,    38,    39,    40,     0,     0,     0,     0,
      41,    42,    43,    44,    45,    46,    47,   177,   178,   179,
     180,   181,   182,   183,    48,     0,     0,     0,   184,   185,
       0,     0,   186,   187,   188,   189,    49,    50,     0,    51,
       0,     0,    52,    53,    79,     0,     0,     0,     0,    54,
     -80,    55,    56,     0,    16,     0,    17,    18,    19,    20,
      21,     0,     0,    22,    23,    24,    25,    26,     0,    27,
      28,    29,    30,    31,    32,     0,     0,     0,     0,    33,
       0,     0,     0,     0,     0,     0,     0,     0,   171,   172,
     173,   174,     0,     0,    34,     0,    35,    36,    37,    38,
      39,    40,     0,     0,     0,     0,    41,    42,    43,    44,
      45,    46,    47,   179,   180,   181,   182,   183,     0,     0,
      48,     0,   184,   185,     0,     0,   186,   187,   188,   189,
       0,     0,    49,    50,     0,    51,     0,     0,    52,    53,
       0,     0,     0,     0,   -80,    54,     0,    55,    56,    77,
       0,    16,     0,    17,    18,    19,    20,    21,     0,     0,
     130,    23,    24,    25,    26,   110,    27,    28,    29,    30,
      31,    32,     0,     0,     0,     0,    33,     0,     0,     0,
       0,     0,     0,     0,   171,   172,   173,   174,     0,     0,
       0,    34,     0,    35,    36,    37,    38,    39,    40,     0,
       0,     0,     0,    41,    42,    43,    44,    45,    46,    47,
       0,   181,   182,   183,     0,     0,     0,    48,   184,   185,
       0,     0,   186,   187,   188,   189,     0,     0,     0,    49,
      50,     0,    51,     0,     0,    52,    53,     0,     0,     0,
       0,     0,    54,     0,    55,    56,    77,     0,    16,     0,
      17,    18,    19,    20,    21,     0,     0,    22,    23,    24,
      25,    26,     0,    27,    28,    29,    30,    31,    32,     0,
       0,     0,     0,    33,     0,     0,     0,     0,     0,     0,
       0,   171,  -264,   173,   174,     0,     0,     0,    34,     0,
      35,    36,    37,    38,    39,    40,     0,     0,     0,     0,
      41,    42,    43,    44,    45,    46,    47,     0,     0,   182,
     183,     0,     0,     0,    48,   184,   185,     0,     0,   186,
     187,   188,   189,     0,     0,     0,    49,    50,     0,    51,
       0,     0,    52,    53,     0,     0,     0,     0,     0,    54,
       0,    55,    56,    16,   105,    17,    18,    19,    20,    21,
       0,     0,    22,    23,    24,    25,    26,     0,    27,    28,
      29,    30,    31,    32,     0,     0,     0,     0,    33,     0,
       0,     0,     0,     0,     0,     0,   171,   172,   173,   174,
       0,     0,     0,    34,     0,    35,    36,    37,    38,    39,
      40,     0,     0,     0,     0,    41,    42,    43,    44,    45,
      46,    47,     0,     0,   182,   183,     0,     0,     0,    48,
     184,   185,     0,     0,   186,   187,   188,   189,     0,     0,
       0,    49,    50,     0,    51,     0,     0,    52,    53,     0,
       0,     0,     0,     0,    54,     0,    55,    56,    16,     0,
      17,    18,    19,    20,    21,     0,     0,    22,    23,    24,
      25,    26,     0,    27,    28,    29,    30,    31,    32,     0,
       0,     0,     0,    33,     0,     0,     0,     0,     0,     0,
       0,  -264,     0,   173,   174,     0,     0,     0,    34,     0,
      35,    36,    37,    38,    39,    40,     0,     0,     0,     0,
      41,    42,    43,    44,    45,    46,    47,     0,     0,   182,
     183,     0,     0,     0,    48,   184,   185,     0,     0,   186,
     187,   188,   189,     0,     0,     0,    49,    50,     0,    51,
       0,     0,    52,    53,     0,     0,     0,     0,     0,    54,
     138,    55,    56,    16,     0,    17,    18,    19,    20,    21,
       0,     0,    22,    23,    24,    25,    26,     0,    27,    28,
      29,    30,    31,    32,     0,     0,     0,     0,    33,     0,
       0,     0,     0,     0,     0,     0,     0,     0,     0,     0,
       0,     0,     0,    34,     0,    35,    36,    37,    38,    39,
      40,     0,     0,     0,     0,    41,    42,    43,    44,    45,
      46,    47,     0,     0,     0,     0,     0,     0,     0,    48,
       0,     0,     0,     0,     0,     0,     0,     0,     0,     0,
       0,    49,    50,     0,    51,     0,     0,    52,    53,     0,
       0,     0,     0,   159,    54,     0,    55,    56,    16,     0,
      17,    18,    19,    20,    21,     0,     0,    22,    23,    24,
      25,    26,     0,    27,    28,    29,    30,    31,    32,     0,
       0,     0,     0,    33,     0,     0,     0,     0,     0,     0,
       0,     0,     0,     0,     0,     0,     0,     0,    34,     0,
      35,    36,    37,    38,    39,    40,     0,     0,     0,     0,
      41,    42,    43,    44,    45,    46,    47,     0,     0,     0,
       0,     0,     0,     0,    48,     0,     0,     0,     0,     0,
       0,     0,     0,     0,     0,     0,    49,    50,     0,    51,
       0,     0,    52,    53,     0,     0,     0,     0,   240,    54,
       0,    55,    56,    16,     0,    17,    18,    19,    20,    21,
       0,     0,    22,    23,    24,    25,    26,     0,    27,    28,
      29,    30,    31,    32,     0,     0,     0,     0,    33,     0,
       0,     0,     0,     0,     0,     0,     0,     0,     0,     0,
       0,     0,     0,    34,     0,    35,    36,    37,    38,    39,
      40,     0,     0,     0,     0,    41,    42,    43,    44,    45,
      46,    47,     0,     0,     0,     0,     0,     0,     0,    48,
       0,     0,     0,     0,     0,     0,     0,     0,     0,     0,
       0,    49,    50,     0,    51,     0,     0,    52,    53,     0,
       0,     0,     0,   255,    54,     0,    55,    56,    16,     0,
      17,    18,    19,    20,    21,     0,     0,    22,    23,    24,
      25,    26,     0,    27,    28,    29,    30,    31,    32,     0,
       0,     0,     0,    33,     0,     0,     0,     0,     0,     0,
       0,     0,     0,     0,     0,     0,     0,     0,    34,     0,
      35,    36,    37,    38,    39,    40,     0,     0,     0,     0,
      41,    42,    43,    44,    45,    46,    47,     0,     0,     0,
       0,     0,     0,     0,    48,     0,     0,     0,     0,     0,
       0,     0,     0,     0,     0,     0,    49,    50,     0,    51,
       0,     0,    52,    53,     0,     0,     0,     0,   267,    54,
       0,    55,    56,    16,     0,    17,    18,    19,    20,    21,
       0,     0,    22,    23,    24,    25,    26,     0,    27,    28,
      29,    30,    31,    32,     0,     0,     0,     0,    33,     0,
       0,     0,     0,     0,     0,     0,     0,     0,     0,     0,
       0,     0,     0,    34,     0,    35,    36,    37,    38,    39,
      40,     0,     0,     0,     0,    41,    42,    43,    44,    45,
      46,    47,     0,     0,     0,     0,     0,     0,     0,    48,
       0,     0,     0,     0,     0,     0,     0,     0,     0,     0,
       0,    49,    50,     0,    51,     0,     0,    52,    53,     0,
       0,     0,     0,   296,    54,     0,    55,    56,    16,     0,
      17,    18,    19,    20,    21,     0,     0,    22,    23,    24,
      25,    26,     0,    27,    28,    29,    30,    31,    32,     0,
       0,     0,     0,    33,     0,     0,     0,     0,     0,     0,
       0,     0,     0,     0,     0,     0,     0,     0,    34,     0,
      35,    36,    37,    38,    39,    40,     0,     0,     0,     0,
      41,    42,    43,    44,    45,    46,    47,     0,     0,     0,
       0,     0,     0,     0,    48,     0,     0,     0,     0,     0,
       0,     0,     0,     0,     0,     0,    49,    50,     0,    51,
       0,     0,    52,    53,     0,     0,     0,     0,   354,    54,
       0,    55,    56,    16,     0,    17,    18,    19,    20,    21,
       0,     0,    22,    23,    24,    25,    26,     0,    27,    28,
      29,    30,    31,    32,     0,     0,     0,     0,    33,     0,
       0,     0,     0,     0,     0,     0,     0,     0,     0,     0,
       0,     0,     0,    34,     0,    35,    36,    37,    38,    39,
      40,     0,     0,     0,     0,    41,    42,    43,    44,    45,
      46,    47,     0,     0,     0,     0,     0,     0,     0,    48,
       0,     0,     0,     0,     0,     0,     0,     0,     0,     0,
       0,    49,    50,     0,    51,     0,     0,    52,    53,     0,
       0,     0,     0,   371,    54,     0,    55,    56,    16,     0,
      17,    18,    19,    20,    21,     0,     0,    22,    23,    24,
      25,    26,     0,    27,    28,    29,    30,    31,    32,     0,
       0,     0,     0,    33,     0,     0,     0,     0,     0,     0,
       0,     0,     0,     0,     0,     0,     0,     0,    34,     0,
      35,    36,    37,    38,    39,    40,     0,     0,     0,     0,
      41,    42,    43,    44,    45,    46,    47,     0,     0,     0,
       0,     0,     0,     0,    48,     0,     0,     0,     0,     0,
       0,     0,     0,     0,     0,     0,    49,    50,     0,    51,
       0,     0,    52,    53,     0,     0,     0,     0,     0,    54,
       0,    55,    56,    16,     0,    17,    18,   144,    20,    21,
       0,     0,    22,    23,    24,    25,    26,     0,    27,    28,
      29,    30,    31,    32,     0,     0,     0,     0,    33,     0,
       0,     0,     0,     0,     0,     0,     0,     0,     0,     0,
       0,     0,     0,    34,     0,    35,    36,    37,    38,    39,
      40,     0,     0,     0,     0,    41,    42,    43,    44,    45,
      46,    47,     0,     0,     0,     0,     0,     0,     0,    48,
       0,     0,     0,     0,     0,     0,     0,     0,     0,     0,
       0,    49,    50,   170,    51,     0,     0,    52,    53,     0,
     171,   172,   173,   174,   249,     0,    55,    56,     0,     0,
       0,     0,     0,     0,     0,     0,     0,     0,     0,     0,
     175,   176,   364,   177,   178,   179,   180,   181,   182,   183,
       0,     0,     0,     0,   184,   185,   170,     0,   186,   187,
     188,   189,     0,   171,   172,   173,   174,     0,     0,     0,
       0,     0,     0,     0,     0,     0,     0,     0,     0,     0,
       0,     0,     0,   175,   176,     0,   177,   178,   179,   180,
     181,   182,   183,     0,     0,     0,     0,   184,   185,   170,
       0,   186,   187,   188,   189,     0,   171,   172,   173,   174,
       0,     0,     0,     0,     0,     0,     0,     0,     0,     0,
       0,     0,     0,     0,     0,     0,     0,   176,     0,   177,
     178,   179,   180,   181,   182,   183,     0,     0,     0,     0,
     184,   185,     0,     0,   186,   187,   188,   189
};

static const yytype_int16 yycheck[] =
{
      10,    11,    12,    15,    40,    46,    46,     9,    77,   346,
     127,   116,    48,   325,    16,    82,     9,   200,    23,     9,
       9,    90,    20,    21,     9,    23,    24,    26,     9,    39,
       0,    20,    42,    15,    16,    20,    25,   142,     9,    20,
      25,    43,    40,    41,    25,    19,    20,    21,    11,    23,
      24,    23,    54,   443,   123,   102,   438,    55,    56,     9,
      11,    11,    11,    78,   474,   102,    40,    41,    11,   102,
      15,    16,    46,    20,   102,    15,    16,    17,    25,   102,
     116,    55,    56,    93,    78,   315,   468,     9,     9,    99,
      11,   106,     9,   103,   104,   325,    35,   102,   134,   102,
     437,   331,   332,   102,   145,   145,   142,   451,    20,     9,
     103,    11,   122,   103,   231,   104,    90,   119,   102,   104,
     105,    70,   104,   104,   126,   127,   309,    70,    68,   127,
     467,   103,   542,   477,   201,   204,   205,   206,   207,   208,
     530,   210,    12,   212,   146,   214,   215,    92,    99,    12,
     494,   495,   102,   127,   491,    46,     9,   102,    11,   104,
     102,   163,   164,   165,   104,   167,   168,   169,   209,   209,
     144,   145,     9,   517,    11,   102,     9,   521,    11,   102,
     410,    12,   102,     9,   528,    11,   198,   531,   190,   191,
     192,   193,   194,   195,   196,   197,   232,    44,    45,     9,
     103,    11,    10,   102,    74,    75,    76,   217,    74,    75,
      76,    74,    75,    76,    12,   189,   446,   447,   220,   221,
     222,   223,   224,   225,   102,   101,   101,   539,    12,   231,
      70,    20,    11,    70,    12,   209,    92,    17,    18,   344,
       9,   243,    11,    74,    75,    76,    20,   249,   102,    26,
      30,   481,   444,   445,    34,    70,   448,   259,   375,    39,
      70,   330,    42,   455,   456,    45,   101,    47,    10,    49,
      50,    51,    52,    53,    11,    23,    74,    75,    76,   471,
     472,    68,   284,   285,    12,   515,   327,   327,    12,   291,
      74,    75,    76,    12,   292,   305,    74,    75,    76,    11,
      76,    70,   105,   105,   496,    92,   105,   102,   344,   501,
     312,   313,   314,   315,   506,   102,   385,   104,   292,   388,
     105,   390,   105,   325,   516,    18,    20,   102,   520,   331,
     332,   104,   401,    74,    75,    76,   441,   102,   348,    74,
      75,    76,   101,   317,    23,   537,    74,    75,    76,    23,
      74,    75,    76,   327,   546,    74,    75,    76,   360,    74,
      75,    76,   103,    10,    10,   145,    10,    10,   103,     9,
     439,    11,    10,   375,    23,    15,    16,    17,    74,    75,
      76,    21,    74,    75,    76,    20,   166,   101,   103,     9,
     170,   171,   172,   173,   174,   175,   176,   177,   178,   179,
     180,   181,   182,   183,   184,   441,   101,   103,   410,     9,
     101,   103,   414,    74,    75,    76,   101,    40,    41,    42,
      43,   101,    61,    63,    47,   103,    49,     3,     4,     5,
       6,     7,     8,   102,    40,    41,    42,    43,   101,   101,
      12,    47,   103,    49,   446,   447,   101,   101,   460,    88,
      10,    74,    75,    76,    93,    94,   466,   469,    97,    98,
      99,   100,   102,    72,   104,   105,   103,   479,    74,    75,
      76,    74,    75,    76,   101,   485,   478,     0,   101,   481,
     102,     9,   492,    74,    75,    76,     9,   101,    11,    12,
      97,    98,    99,   100,   504,   103,   101,   509,   102,   101,
     103,    74,    75,    76,   103,   101,    59,    60,    61,    62,
     101,   103,    71,   515,    19,   525,   101,    40,    41,    42,
      43,   533,   101,   478,    47,    12,    49,   313,   101,    52,
      99,   541,    85,    86,    87,    88,    59,    60,    61,    62,
      93,    94,   539,    33,    97,    98,    99,   100,   387,   251,
     145,    74,    75,    76,     0,    78,    79,    80,    81,    82,
      83,    84,    85,    86,    87,    88,    12,   399,   209,   327,
      93,    94,    61,    62,    97,    98,    99,   100,   101,    -1,
     103,    -1,    -1,   106,   364,    61,    62,    -1,    -1,    -1,
      -1,    -1,    -1,    -1,    40,    41,    42,    43,    87,    88,
      -1,    47,    -1,    49,    93,    94,    52,    -1,    97,    98,
      99,   100,    88,    59,    60,    61,    62,    93,    94,    -1,
      -1,    97,    98,    99,   100,    -1,    -1,    -1,    74,    75,
      76,    -1,    78,    79,    80,    81,    82,    83,    84,    85,
      86,    87,    88,    74,    75,    76,    -1,    93,    94,    -1,
      -1,    97,    98,    99,   100,   101,    -1,   103,     0,     1,
     106,    -1,    -1,    -1,    -1,    -1,    -1,     9,    -1,    11,
     101,    13,    14,    15,    16,    17,    -1,    -1,    20,    21,
      22,    23,    24,    -1,    26,    27,    28,    29,    30,    31,
      32,    33,    34,    35,    36,    37,    38,    39,    40,    41,
      42,    43,    74,    75,    76,    47,    48,    49,    50,    51,
      -1,    53,    54,    55,    56,    57,    58,    74,    75,    76,
      -1,    63,    64,    65,    66,    67,    68,    69,    -1,   101,
      74,    75,    76,    -1,    -1,    77,    -1,    -1,    74,    75,
      76,    -1,    -1,    -1,   101,    -1,    -1,    89,    90,    -1,
      92,    -1,    -1,    95,    96,     0,     1,   101,    -1,    -1,
     102,   103,   104,   105,     9,   101,    11,    -1,    13,    14,
      15,    16,    17,    -1,    -1,    20,    21,    22,    23,    24,
      -1,    26,    27,    28,    29,    30,    31,    32,    33,    34,
      35,    36,    37,    38,    39,    40,    41,    42,    43,    74,
      75,    76,    47,    48,    49,    50,    51,    -1,    53,    54,
      55,    56,    57,    58,    -1,    -1,    -1,    -1,    63,    64,
      65,    66,    67,    68,    69,    88,   101,    -1,    -1,    -1,
      93,    94,    77,    -1,    97,    98,    99,   100,    -1,    -1,
      -1,    -1,    -1,    -1,    89,    90,    -1,    92,    -1,    -1,
      95,    96,    -1,     1,    -1,    -1,    -1,   102,   103,   104,
     105,     9,    10,    11,    -1,    13,    14,    15,    16,    17,
      -1,    -1,    20,    21,    22,    23,    24,    -1,    26,    27,
      28,    29,    30,    31,    32,    33,    34,    35,    36,    37,
      38,    39,    40,    41,    42,    43,    -1,    -1,    -1,    47,
      48,    49,    50,    51,    -1,    53,    54,    55,    56,    57,
      58,    -1,    -1,    -1,    -1,    63,    64,    65,    66,    67,
      68,    69,    -1,    -1,    -1,    -1,    93,    94,    -1,    77,
      97,    98,    99,   100,    -1,    -1,    -1,    -1,    -1,    -1,
      -1,    89,    90,    -1,    92,    -1,    -1,    95,    96,    -1,
       1,    -1,    -1,    -1,   102,   103,   104,   105,     9,    10,
      11,    -1,    13,    14,    15,    16,    17,    -1,    -1,    20,
      21,    22,    23,    24,    -1,    26,    27,    28,    29,    30,
      31,    32,    33,    34,    35,    36,    37,    38,    39,    40,
      41,    42,    43,    -1,    -1,    -1,    47,    48,    49,    50,
      51,    -1,    53,    54,    55,    56,    57,    58,    -1,    -1,
      -1,    -1,    63,    64,    65,    66,    67,    68,    69,    -1,
      -1,    -1,    -1,    -1,    -1,    -1,    77,    -1,    -1,    -1,
      -1,    -1,    -1,    -1,    -1,    -1,    -1,    -1,    89,    90,
      -1,    92,    -1,    -1,    95,    96,    -1,     1,    -1,    -1,
      -1,   102,   103,   104,   105,     9,    10,    11,    -1,    13,
      14,    15,    16,    17,    -1,    -1,    20,    21,    22,    23,
      24,    -1,    26,    27,    28,    29,    30,    31,    32,    33,
      34,    35,    36,    37,    38,    39,    40,    41,    42,    43,
      -1,    -1,    -1,    47,    48,    49,    50,    51,    -1,    53,
      54,    55,    56,    57,    58,    -1,    -1,    -1,    -1,    63,
      64,    65,    66,    67,    68,    69,    -1,    -1,    -1,    -1,
      -1,    -1,    -1,    77,    -1,    -1,    -1,    -1,    -1,    -1,
      -1,    -1,    -1,    -1,    -1,    89,    90,    -1,    92,    -1,
      -1,    95,    96,    -1,     1,    -1,    -1,    -1,   102,   103,
     104,   105,     9,    10,    11,    -1,    13,    14,    15,    16,
      17,    -1,    -1,    20,    21,    22,    23,    24,    -1,    26,
      27,    28,    29,    30,    31,    32,    33,    34,    35,    36,
      37,    38,    39,    40,    41,    42,    43,    -1,    -1,    -1,
      47,    48,    49,    50,    51,    -1,    53,    54,    55,    56,
      57,    58,    -1,    -1,    -1,    -1,    63,    64,    65,    66,
      67,    68,    69,    -1,    -1,    -1,    -1,    -1,    -1,    -1,
      77,    -1,    -1,    -1,    -1,    -1,    -1,    -1,    -1,    -1,
      -1,    -1,    89,    90,    -1,    92,    -1,    -1,    95,    96,
      -1,     1,    -1,    -1,    -1,   102,   103,   104,   105,     9,
      10,    11,    -1,    13,    14,    15,    16,    17,    -1,    -1,
      20,    21,    22,    23,    24,    -1,    26,    27,    28,    29,
      30,    31,    32,    33,    34,    35,    36,    37,    38,    39,
      40,    41,    42,    43,    -1,    -1,    -1,    47,    48,    49,
      50,    51,    -1,    53,    54,    55,    56,    57,    58,    -1,
      -1,    -1,    -1,    63,    64,    65,    66,    67,    68,    69,
      -1,    -1,    -1,    -1,    -1,    -1,    -1,    77,    -1,    -1,
      -1,    -1,    -1,    -1,    -1,    -1,    -1,    -1,    -1,    89,
      90,    -1,    92,    -1,    -1,    95,    96,    -1,     1,    -1,
      -1,    -1,   102,   103,   104,   105,     9,    -1,    11,    -1,
      13,    14,    15,    16,    17,    -1,    -1,    20,    21,    22,
      23,    24,    -1,    26,    27,    28,    29,    30,    31,    32,
      33,    34,    35,    36,    37,    38,    39,    40,    41,    42,
      43,    -1,    -1,    -1,    47,    48,    49,    50,    51,    -1,
      53,    54,    55,    56,    57,    58,    -1,    -1,    -1,    -1,
      63,    64,    65,    66,    67,    68,    69,    -1,    -1,    72,
      -1,    -1,    -1,    -1,    77,    -1,    -1,    -1,    -1,    -1,
      -1,    -1,    -1,    -1,    -1,    -1,    89,    90,    -1,    92,
      -1,    -1,    95,    96,    -1,     1,    -1,    -1,    -1,   102,
     103,   104,   105,     9,    -1,    11,    -1,    13,    14,    15,
      16,    17,    -1,    -1,    20,    21,    22,    23,    24,    -1,
      26,    27,    28,    29,    30,    31,    32,    33,    34,    35,
      36,    37,    38,    39,    40,    41,    42,    43,    -1,    -1,
      -1,    47,    48,    49,    50,    51,    -1,    53,    54,    55,
      56,    57,    58,    -1,    -1,    -1,    -1,    63,    64,    65,
      66,    67,    68,    69,    -1,    -1,    -1,    -1,    -1,    -1,
      -1,    77,    -1,    -1,    -1,    -1,    -1,    -1,    -1,    -1,
      -1,    -1,    -1,    89,    90,    -1,    92,    -1,    -1,    95,
      96,    -1,     1,    -1,    -1,    -1,   102,   103,   104,   105,
       9,    -1,    11,    -1,    13,    14,    15,    16,    17,    -1,
      -1,    20,    21,    22,    23,    24,    -1,    26,    27,    28,
      29,    30,    31,    32,    -1,    34,    35,    36,    37,    38,
      39,    40,    41,    42,    43,    -1,    -1,    -1,    47,    48,
      49,    50,    51,    -1,    53,    54,    55,    56,    57,    58,
      -1,    -1,    -1,    -1,    63,    64,    65,    66,    67,    68,
      69,    -1,    -1,    -1,    -1,    -1,    -1,    -1,    77,    -1,
      -1,    -1,    -1,    -1,    -1,    -1,    -1,    -1,    -1,    -1,
      89,    90,    -1,    92,    -1,    -1,    95,    96,     1,    -1,
      -1,    -1,    -1,   102,   103,   104,   105,    -1,    11,    -1,
      13,    14,    15,    16,    17,    -1,    -1,    20,    21,    22,
      23,    24,    -1,    26,    27,    28,    29,    30,    31,    -1,
      -1,    -1,    -1,    36,    -1,    -1,    -1,    52,    -1,    -1,
      -1,    -1,    -1,    -1,    59,    60,    61,    62,    51,    -1,
      53,    54,    55,    56,    57,    58,    -1,    -1,    -1,    -1,
      63,    64,    65,    66,    67,    68,    69,    82,    83,    84,
      85,    86,    87,    88,    77,    -1,    -1,    -1,    93,    94,
      -1,    -1,    97,    98,    99,   100,    89,    90,    -1,    92,
      -1,    -1,    95,    96,     1,    -1,    -1,    -1,    -1,   102,
     103,   104,   105,    -1,    11,    -1,    13,    14,    15,    16,
      17,    -1,    -1,    20,    21,    22,    23,    24,    -1,    26,
      27,    28,    29,    30,    31,    -1,    -1,    -1,    -1,    36,
      -1,    -1,    -1,    -1,    -1,    -1,    -1,    -1,    59,    60,
      61,    62,    -1,    -1,    51,    -1,    53,    54,    55,    56,
      57,    58,    -1,    -1,    -1,    -1,    63,    64,    65,    66,
      67,    68,    69,    84,    85,    86,    87,    88,    -1,    -1,
      77,    -1,    93,    94,    -1,    -1,    97,    98,    99,   100,
      -1,    -1,    89,    90,    -1,    92,    -1,    -1,    95,    96,
      -1,    -1,    -1,    -1,   101,   102,    -1,   104,   105,     9,
      -1,    11,    -1,    13,    14,    15,    16,    17,    -1,    -1,
      20,    21,    22,    23,    24,    25,    26,    27,    28,    29,
      30,    31,    -1,    -1,    -1,    -1,    36,    -1,    -1,    -1,
      -1,    -1,    -1,    -1,    59,    60,    61,    62,    -1,    -1,
      -1,    51,    -1,    53,    54,    55,    56,    57,    58,    -1,
      -1,    -1,    -1,    63,    64,    65,    66,    67,    68,    69,
      -1,    86,    87,    88,    -1,    -1,    -1,    77,    93,    94,
      -1,    -1,    97,    98,    99,   100,    -1,    -1,    -1,    89,
      90,    -1,    92,    -1,    -1,    95,    96,    -1,    -1,    -1,
      -1,    -1,   102,    -1,   104,   105,     9,    -1,    11,    -1,
      13,    14,    15,    16,    17,    -1,    -1,    20,    21,    22,
      23,    24,    -1,    26,    27,    28,    29,    30,    31,    -1,
      -1,    -1,    -1,    36,    -1,    -1,    -1,    -1,    -1,    -1,
      -1,    59,    60,    61,    62,    -1,    -1,    -1,    51,    -1,
      53,    54,    55,    56,    57,    58,    -1,    -1,    -1,    -1,
      63,    64,    65,    66,    67,    68,    69,    -1,    -1,    87,
      88,    -1,    -1,    -1,    77,    93,    94,    -1,    -1,    97,
      98,    99,   100,    -1,    -1,    -1,    89,    90,    -1,    92,
      -1,    -1,    95,    96,    -1,    -1,    -1,    -1,    -1,   102,
      -1,   104,   105,    11,    12,    13,    14,    15,    16,    17,
      -1,    -1,    20,    21,    22,    23,    24,    -1,    26,    27,
      28,    29,    30,    31,    -1,    -1,    -1,    -1,    36,    -1,
      -1,    -1,    -1,    -1,    -1,    -1,    59,    60,    61,    62,
      -1,    -1,    -1,    51,    -1,    53,    54,    55,    56,    57,
      58,    -1,    -1,    -1,    -1,    63,    64,    65,    66,    67,
      68,    69,    -1,    -1,    87,    88,    -1,    -1,    -1,    77,
      93,    94,    -1,    -1,    97,    98,    99,   100,    -1,    -1,
      -1,    89,    90,    -1,    92,    -1,    -1,    95,    96,    -1,
      -1,    -1,    -1,    -1,   102,    -1,   104,   105,    11,    -1,
      13,    14,    15,    16,    17,    -1,    -1,    20,    21,    22,
      23,    24,    -1,    26,    27,    28,    29,    30,    31,    -1,
      -1,    -1,    -1,    36,    -1,    -1,    -1,    -1,    -1,    -1,
      -1,    59,    -1,    61,    62,    -1,    -1,    -1,    51,    -1,
      53,    54,    55,    56,    57,    58,    -1,    -1,    -1,    -1,
      63,    64,    65,    66,    67,    68,    69,    -1,    -1,    87,
      88,    -1,    -1,    -1,    77,    93,    94,    -1,    -1,    97,
      98,    99,   100,    -1,    -1,    -1,    89,    90,    -1,    92,
      -1,    -1,    95,    96,    -1,    -1,    -1,    -1,    -1,   102,
     103,   104,   105,    11,    -1,    13,    14,    15,    16,    17,
      -1,    -1,    20,    21,    22,    23,    24,    -1,    26,    27,
      28,    29,    30,    31,    -1,    -1,    -1,    -1,    36,    -1,
      -1,    -1,    -1,    -1,    -1,    -1,    -1,    -1,    -1,    -1,
      -1,    -1,    -1,    51,    -1,    53,    54,    55,    56,    57,
      58,    -1,    -1,    -1,    -1,    63,    64,    65,    66,    67,
      68,    69,    -1,    -1,    -1,    -1,    -1,    -1,    -1,    77,
      -1,    -1,    -1,    -1,    -1,    -1,    -1,    -1,    -1,    -1,
      -1,    89,    90,    -1,    92,    -1,    -1,    95,    96,    -1,
      -1,    -1,    -1,   101,   102,    -1,   104,   105,    11,    -1,
      13,    14,    15,    16,    17,    -1,    -1,    20,    21,    22,
      23,    24,    -1,    26,    27,    28,    29,    30,    31,    -1,
      -1,    -1,    -1,    36,    -1,    -1,    -1,    -1,    -1,    -1,
      -1,    -1,    -1,    -1,    -1,    -1,    -1,    -1,    51,    -1,
      53,    54,    55,    56,    57,    58,    -1,    -1,    -1,    -1,
      63,    64,    65,    66,    67,    68,    69,    -1,    -1,    -1,
      -1,    -1,    -1,    -1,    77,    -1,    -1,    -1,    -1,    -1,
      -1,    -1,    -1,    -1,    -1,    -1,    89,    90,    -1,    92,
      -1,    -1,    95,    96,    -1,    -1,    -1,    -1,   101,   102,
      -1,   104,   105,    11,    -1,    13,    14,    15,    16,    17,
      -1,    -1,    20,    21,    22,    23,    24,    -1,    26,    27,
      28,    29,    30,    31,    -1,    -1,    -1,    -1,    36,    -1,
      -1,    -1,    -1,    -1,    -1,    -1,    -1,    -1,    -1,    -1,
      -1,    -1,    -1,    51,    -1,    53,    54,    55,    56,    57,
      58,    -1,    -1,    -1,    -1,    63,    64,    65,    66,    67,
      68,    69,    -1,    -1,    -1,    -1,    -1,    -1,    -1,    77,
      -1,    -1,    -1,    -1,    -1,    -1,    -1,    -1,    -1,    -1,
      -1,    89,    90,    -1,    92,    -1,    -1,    95,    96,    -1,
      -1,    -1,    -1,   101,   102,    -1,   104,   105,    11,    -1,
      13,    14,    15,    16,    17,    -1,    -1,    20,    21,    22,
      23,    24,    -1,    26,    27,    28,    29,    30,    31,    -1,
      -1,    -1,    -1,    36,    -1,    -1,    -1,    -1,    -1,    -1,
      -1,    -1,    -1,    -1,    -1,    -1,    -1,    -1,    51,    -1,
      53,    54,    55,    56,    57,    58,    -1,    -1,    -1,    -1,
      63,    64,    65,    66,    67,    68,    69,    -1,    -1,    -1,
      -1,    -1,    -1,    -1,    77,    -1,    -1,    -1,    -1,    -1,
      -1,    -1,    -1,    -1,    -1,    -1,    89,    90,    -1,    92,
      -1,    -1,    95,    96,    -1,    -1,    -1,    -1,   101,   102,
      -1,   104,   105,    11,    -1,    13,    14,    15,    16,    17,
      -1,    -1,    20,    21,    22,    23,    24,    -1,    26,    27,
      28,    29,    30,    31,    -1,    -1,    -1,    -1,    36,    -1,
      -1,    -1,    -1,    -1,    -1,    -1,    -1,    -1,    -1,    -1,
      -1,    -1,    -1,    51,    -1,    53,    54,    55,    56,    57,
      58,    -1,    -1,    -1,    -1,    63,    64,    65,    66,    67,
      68,    69,    -1,    -1,    -1,    -1,    -1,    -1,    -1,    77,
      -1,    -1,    -1,    -1,    -1,    -1,    -1,    -1,    -1,    -1,
      -1,    89,    90,    -1,    92,    -1,    -1,    95,    96,    -1,
      -1,    -1,    -1,   101,   102,    -1,   104,   105,    11,    -1,
      13,    14,    15,    16,    17,    -1,    -1,    20,    21,    22,
      23,    24,    -1,    26,    27,    28,    29,    30,    31,    -1,
      -1,    -1,    -1,    36,    -1,    -1,    -1,    -1,    -1,    -1,
      -1,    -1,    -1,    -1,    -1,    -1,    -1,    -1,    51,    -1,
      53,    54,    55,    56,    57,    58,    -1,    -1,    -1,    -1,
      63,    64,    65,    66,    67,    68,    69,    -1,    -1,    -1,
      -1,    -1,    -1,    -1,    77,    -1,    -1,    -1,    -1,    -1,
      -1,    -1,    -1,    -1,    -1,    -1,    89,    90,    -1,    92,
      -1,    -1,    95,    96,    -1,    -1,    -1,    -1,   101,   102,
      -1,   104,   105,    11,    -1,    13,    14,    15,    16,    17,
      -1,    -1,    20,    21,    22,    23,    24,    -1,    26,    27,
      28,    29,    30,    31,    -1,    -1,    -1,    -1,    36,    -1,
      -1,    -1,    -1,    -1,    -1,    -1,    -1,    -1,    -1,    -1,
      -1,    -1,    -1,    51,    -1,    53,    54,    55,    56,    57,
      58,    -1,    -1,    -1,    -1,    63,    64,    65,    66,    67,
      68,    69,    -1,    -1,    -1,    -1,    -1,    -1,    -1,    77,
      -1,    -1,    -1,    -1,    -1,    -1,    -1,    -1,    -1,    -1,
      -1,    89,    90,    -1,    92,    -1,    -1,    95,    96,    -1,
      -1,    -1,    -1,   101,   102,    -1,   104,   105,    11,    -1,
      13,    14,    15,    16,    17,    -1,    -1,    20,    21,    22,
      23,    24,    -1,    26,    27,    28,    29,    30,    31,    -1,
      -1,    -1,    -1,    36,    -1,    -1,    -1,    -1,    -1,    -1,
      -1,    -1,    -1,    -1,    -1,    -1,    -1,    -1,    51,    -1,
      53,    54,    55,    56,    57,    58,    -1,    -1,    -1,    -1,
      63,    64,    65,    66,    67,    68,    69,    -1,    -1,    -1,
      -1,    -1,    -1,    -1,    77,    -1,    -1,    -1,    -1,    -1,
      -1,    -1,    -1,    -1,    -1,    -1,    89,    90,    -1,    92,
      -1,    -1,    95,    96,    -1,    -1,    -1,    -1,    -1,   102,
      -1,   104,   105,    11,    -1,    13,    14,    15,    16,    17,
      -1,    -1,    20,    21,    22,    23,    24,    -1,    26,    27,
      28,    29,    30,    31,    -1,    -1,    -1,    -1,    36,    -1,
      -1,    -1,    -1,    -1,    -1,    -1,    -1,    -1,    -1,    -1,
      -1,    -1,    -1,    51,    -1,    53,    54,    55,    56,    57,
      58,    -1,    -1,    -1,    -1,    63,    64,    65,    66,    67,
      68,    69,    -1,    -1,    -1,    -1,    -1,    -1,    -1,    77,
      -1,    -1,    -1,    -1,    -1,    -1,    -1,    -1,    -1,    -1,
      -1,    89,    90,    52,    92,    -1,    -1,    95,    96,    -1,
      59,    60,    61,    62,   102,    -1,   104,   105,    -1,    -1,
      -1,    -1,    -1,    -1,    -1,    -1,    -1,    -1,    -1,    -1,
      79,    80,    81,    82,    83,    84,    85,    86,    87,    88,
      -1,    -1,    -1,    -1,    93,    94,    52,    -1,    97,    98,
      99,   100,    -1,    59,    60,    61,    62,    -1,    -1,    -1,
      -1,    -1,    -1,    -1,    -1,    -1,    -1,    -1,    -1,    -1,
      -1,    -1,    -1,    79,    80,    -1,    82,    83,    84,    85,
      86,    87,    88,    -1,    -1,    -1,    -1,    93,    94,    52,
      -1,    97,    98,    99,   100,    -1,    59,    60,    61,    62,
      -1,    -1,    -1,    -1,    -1,    -1,    -1,    -1,    -1,    -1,
      -1,    -1,    -1,    -1,    -1,    -1,    -1,    80,    -1,    82,
      83,    84,    85,    86,    87,    88,    -1,    -1,    -1,    -1,
      93,    94,    -1,    -1,    97,    98,    99,   100
};

  /* YYSTOS[STATE-NUM] -- The (internal number of the) accessing
     symbol of state STATE-NUM.  */
static const yytype_uint8 yystos[] =
{
       0,     3,     4,     5,     6,     7,     8,   108,   109,   110,
     111,   112,   113,   114,     0,   117,    11,    13,    14,    15,
      16,    17,    20,    21,    22,    23,    24,    26,    27,    28,
      29,    30,    31,    36,    51,    53,    54,    55,    56,    57,
      58,    63,    64,    65,    66,    67,    68,    69,    77,    89,
      90,    92,    95,    96,   102,   104,   105,   158,   159,   160,
     163,   164,   165,   166,   167,   168,   170,   173,   181,   182,
     183,   185,   186,   187,   188,   189,   190,     9,   115,     1,
      32,    34,    35,    37,    38,    39,    40,    41,    42,    43,
      47,    48,    49,    50,   103,   115,   124,   138,   158,    33,
     122,   123,   124,   120,   120,    12,   158,   168,   168,    20,
      25,   115,   182,   191,   191,   191,   191,   191,   169,    11,
     102,   168,   149,   149,   168,   102,   102,   102,   115,   168,
      20,   159,   172,   182,   191,   191,   115,   168,   103,   158,
      20,    25,   151,   168,    15,    92,   102,   171,   182,   183,
     184,   185,   168,   159,   168,   168,   168,   168,   168,   101,
     158,   191,   191,    74,    75,    76,    78,     9,    11,   102,
      52,    59,    60,    61,    62,    79,    80,    82,    83,    84,
      85,    86,    87,    88,    93,    94,    97,    98,    99,   100,
     102,     9,    11,     9,    11,     9,    11,     9,   117,   150,
     151,    35,    20,   148,   102,   102,   102,   102,    68,    92,
     102,   117,   180,   182,   102,   102,   115,    46,   140,   103,
      40,    41,    42,    43,    47,    49,   123,   124,   122,    12,
     172,   102,   102,   158,   101,   115,    23,   117,   152,   101,
     101,   158,   173,   191,   159,    10,   103,   172,    25,   102,
     168,   171,   182,   183,   185,   101,   158,    70,   154,    11,
     101,   158,   158,   158,   168,   158,   158,   101,   158,   168,
     168,   168,   168,   168,   168,   168,   168,   168,   168,   168,
     168,   168,   168,   168,     9,    11,    15,    16,    17,    21,
      63,   102,   104,   105,   162,   182,   101,   158,   158,   158,
     158,   158,   158,   158,   158,   120,    20,   147,   148,   151,
      20,   128,   117,   117,   117,   117,    92,   117,    68,   178,
     179,   181,   182,   183,   185,   117,    26,   117,    26,   102,
     175,   117,   117,   115,   158,   144,   158,   158,   158,   158,
     158,   173,   159,    12,   161,   102,   155,    70,   153,   101,
     101,   158,    10,    11,   101,   158,   154,   101,    23,   158,
      11,   103,    12,   101,    81,   158,   158,   105,   105,   105,
     105,   101,   158,   105,   105,   102,   101,   103,    12,   103,
      12,   103,    12,   103,    10,    18,   116,   125,   126,   148,
       9,   103,    20,   143,   158,   144,   145,   158,   145,   177,
     182,   102,   138,   142,   145,   146,   158,   134,   178,   176,
     117,   145,   145,   101,   106,   174,   172,   156,   153,    23,
     115,   101,    23,   101,    12,   158,    10,   168,   103,    12,
     101,   173,    10,    10,    10,    10,   117,   152,   117,   127,
     117,    20,   101,   101,   101,   101,   175,   117,   101,   103,
       9,   118,   133,   102,   145,   101,   101,   158,   101,   101,
       9,    12,    12,    10,   101,   103,   153,   155,   117,   135,
     172,   141,   141,   118,   118,   145,   145,   118,   129,   119,
     140,   102,   101,   118,   118,   120,    72,   103,   115,   157,
     153,   155,   120,   103,   118,   118,    44,    45,   139,   139,
     101,   101,   140,   143,   120,   145,   132,    10,   121,     9,
     153,    10,   140,   140,   118,   102,   131,   118,   103,    10,
     101,   118,    23,   103,   136,   120,   103,   145,   118,   140,
     130,   118,   140,    71,   137,    19,    10,   101,   140,   141,
     140,   120,   118,   146,    72,   139,   101,   118
};

  /* YYR1[YYN] -- Symbol number of symbol that rule YYN derives.  */
static const yytype_uint8 yyr1[] =
{
       0,   107,   109,   108,   110,   108,   111,   108,   112,   108,
     113,   108,   114,   108,   115,   116,   117,   118,   119,   120,
     120,   121,   121,   122,   122,   123,   123,   124,   124,   125,
     124,   126,   124,   127,   124,   124,   128,   124,   124,   124,
     124,   124,   124,   124,   124,   129,   130,   124,   131,   124,
     132,   124,   133,   124,   124,   124,   134,   124,   124,   135,
     124,   124,   124,   136,   137,   137,   138,   138,   138,   138,
     138,   138,   138,   138,   139,   139,   139,   140,   140,   141,
     142,   142,   143,   143,   144,   145,   146,   147,   147,   148,
     149,   150,   151,   151,   152,   152,   153,   153,   153,   154,
     154,   156,   155,   157,   157,   158,   158,   158,   158,   159,
     159,   159,   160,   160,   160,   160,   160,   160,   160,   160,
     161,   160,   162,   162,   163,   163,   163,   163,   163,   163,
     163,   163,   163,   163,   163,   163,   163,   163,   164,   164,
     164,   164,   164,   164,   164,   164,   164,   164,   164,   164,
     164,   164,   165,   165,   165,   165,   165,   165,   165,   165,
     165,   165,   166,   166,   166,   166,   166,   166,   167,   167,
     168,   168,   168,   168,   168,   168,   168,   168,   168,   168,
     168,   168,   168,   168,   168,   168,   168,   168,   168,   168,
     168,   168,   168,   168,   168,   168,   168,   168,   168,   168,
     168,   168,   168,   168,   168,   168,   168,   168,   168,   168,
     168,   168,   168,   168,   168,   168,   168,   168,   168,   169,
     168,   168,   168,   168,   168,   170,   170,   170,   171,   171,
     171,   171,   171,   171,   172,   172,   173,   173,   174,   174,
     175,   176,   175,   177,   178,   178,   178,   179,   179,   180,
     180,   181,   182,   183,   184,   185,   186,   186,   187,   188,
     188,   189,   189,   190,   190,   191,   191,   191,   191
};

  /* YYR2[YYN] -- Number of symbols on the right hand side of rule YYN.  */
static const yytype_uint8 yyr2[] =
{
       0,     2,     0,     4,     0,     3,     0,     3,     0,     3,
       0,     3,     0,     3,     4,     7,     0,     4,     0,     0,
       2,     0,     2,     1,     1,     2,     2,     1,     4,     0,
       7,     0,    10,     0,     9,     4,     0,     7,     7,     7,
       6,     6,     2,     8,     8,     0,     0,    13,     0,    10,
       0,     9,     0,    10,     9,     7,     0,     6,     2,     0,
       8,     2,     1,     2,     0,     3,     1,     1,     3,     3,
       3,     3,     3,     3,     0,     2,     6,     0,     2,     0,
       0,     1,     0,     1,     1,     1,     1,     1,     0,     0,
       0,     0,     1,     1,     0,     1,     0,     2,     1,     2,
       1,     0,     3,     1,     1,     3,     3,     3,     1,     2,
       3,     1,     3,     5,     6,     3,     3,     5,     2,     4,
       0,     5,     1,     1,     5,     4,     5,     4,     5,     6,
       5,     4,     5,     4,     3,     6,     4,     5,     3,     3,
       3,     3,     3,     3,     3,     3,     3,     3,     3,     3,
       3,     3,     2,     2,     2,     2,     2,     2,     2,     2,
       2,     2,     3,     2,     4,     3,     5,     8,     2,     2,
       1,     1,     1,     1,     5,     2,     3,     1,     2,     3,
       1,     2,     1,     1,     1,     1,     1,     1,     4,     4,
       5,     5,     1,     1,     3,     4,     3,     4,     4,     4,
       4,     4,     1,     2,     2,     1,     2,     2,     1,     2,
       1,     2,     1,     3,     1,     3,     1,     3,     4,     0,
       6,     1,     1,     1,     1,     3,     2,     4,     3,     2,
       1,     1,     1,     1,     0,     1,     0,     1,     0,     2,
       1,     0,     3,     1,     1,     1,     1,     1,     1,     2,
       2,     2,     2,     2,     5,     2,     2,     4,     2,     1,
       3,     1,     3,     1,     3,     1,     1,     1,     1
};

typedef enum {
	toketype_ival, toketype_opval, toketype_pval
} toketypes;

/* type of each token/terminal */
static const toketypes yy_type_tab[] =
{
  toketype_ival, toketype_ival, toketype_ival, toketype_ival, toketype_ival, toketype_ival,
  toketype_ival, toketype_ival, toketype_ival, toketype_ival, toketype_ival, toketype_ival,
  toketype_ival, toketype_ival, toketype_ival, toketype_ival, toketype_ival, toketype_ival, toketype_ival, toketype_ival, toketype_opval,
  toketype_opval, toketype_opval, toketype_opval, toketype_opval, toketype_opval, toketype_opval,
  toketype_opval, toketype_opval, toketype_opval, toketype_opval, toketype_opval, toketype_opval,
  toketype_pval, toketype_ival, toketype_ival, toketype_ival, toketype_ival, toketype_ival, toketype_ival, toketype_ival,
  toketype_ival, toketype_ival, toketype_ival, toketype_ival, toketype_ival, toketype_ival, toketype_ival, toketype_ival,
  toketype_ival, toketype_ival, toketype_ival, toketype_ival, toketype_ival, toketype_ival, toketype_ival,
  toketype_ival, toketype_ival, toketype_ival, toketype_ival, toketype_ival, toketype_ival, toketype_ival, toketype_ival,
  toketype_ival, toketype_ival, toketype_ival, toketype_ival, toketype_ival, toketype_ival, toketype_ival,
  toketype_ival, toketype_ival, toketype_ival, toketype_ival, toketype_ival, toketype_ival,
  toketype_ival, toketype_ival, toketype_ival, toketype_ival, toketype_ival, toketype_ival, toketype_ival, toketype_ival,
  toketype_ival, toketype_ival, toketype_ival, toketype_ival, toketype_ival, toketype_ival, toketype_ival,
  toketype_ival, toketype_ival, toketype_ival, toketype_ival, toketype_ival, toketype_ival, toketype_ival,
  toketype_ival, toketype_ival, toketype_ival, toketype_ival, toketype_ival, toketype_ival, toketype_ival, toketype_ival, toketype_ival,
  toketype_ival, toketype_ival, toketype_ival, toketype_ival, toketype_ival, toketype_ival, toketype_ival, toketype_opval,
  toketype_opval, toketype_ival, toketype_opval, toketype_ival, toketype_opval, toketype_opval,
  toketype_opval, toketype_opval, toketype_opval, toketype_ival, toketype_ival, toketype_ival, toketype_ival,
  toketype_ival, toketype_ival, toketype_ival, toketype_ival, toketype_ival, toketype_ival, toketype_ival, toketype_opval,
  toketype_opval, toketype_opval, toketype_opval, toketype_opval, toketype_ival, toketype_opval, toketype_opval, toketype_opval,
  toketype_opval, toketype_opval, toketype_opval, toketype_ival, toketype_ival,
  toketype_ival, toketype_opval, toketype_opval, toketype_opval, toketype_opval,
  toketype_opval, toketype_ival, toketype_opval, toketype_opval, toketype_opval, toketype_opval, toketype_ival,
  toketype_opval, toketype_opval, toketype_opval, toketype_opval, toketype_opval, toketype_opval,
  toketype_opval, toketype_ival, toketype_opval, toketype_opval, toketype_opval, toketype_opval,
  toketype_opval, toketype_ival, toketype_ival, toketype_opval, toketype_opval, toketype_opval,
  toketype_ival, toketype_opval, toketype_opval, toketype_opval, toketype_opval, toketype_opval, toketype_opval,
  toketype_opval, toketype_opval, toketype_opval, toketype_opval, toketype_opval
};

/* Generated from:
 * e7951582ae2335fa1fb0c7aab69fad421933b8d20e6354880ecfdd14de3cc281 perly.y
 * 34c0653ef7c691f2b4ac71336f4ea94e2bd925344002392f88ceeb0b435555fa regen_perly.pl
 * ex: set ro: */
