/* ex: set ro ft=c: -*- buffer-read-only: t -*-
   !!!!!!!   DO NOT EDIT THIS FILE   !!!!!!!
   This file is built by regen_perly.pl from perly.y.
   Any changes made here will be lost!
 */

#define YYFINAL  14
/* YYLAST -- Last index in YYTABLE.  */
#define YYLAST   3373

/* YYNTOKENS -- Number of terminals.  */
#define YYNTOKENS  109
/* YYNNTS -- Number of nonterminals.  */
#define YYNNTS  81
/* YYNRULES -- Number of rules.  */
#define YYNRULES  264
/* YYNSTATES -- Number of states.  */
#define YYNSTATES  538

/* YYTRANSLATE[YYX] -- Symbol number corresponding to YYX as returned
   by yylex, with out-of-bounds checking.  */
#define YYUNDEFTOK  2
#define YYMAXUTOK   341

#define YYTRANSLATE(YYX)                                                \
  ((unsigned int) (YYX) <= YYMAXUTOK ? yytranslate[YYX] : YYUNDEFTOK)

/* YYTRANSLATE[TOKEN-NUM] -- Symbol number corresponding to TOKEN-NUM
   as returned by yylex, without out-of-bounds checking.  */
static const yytype_uint8 yytranslate[] =
{
       0,     2,     2,     2,     2,     2,     2,     2,     2,     2,
       2,     2,     2,     2,     2,     2,     2,     2,     2,     2,
       2,     2,     2,     2,     2,     2,     2,     2,     2,     2,
       2,     2,     2,    91,     2,     2,   106,    16,    17,     2,
     104,   103,   107,    14,    80,    13,    19,   108,     2,     2,
       2,     2,     2,     2,     2,     2,     2,     2,    83,   105,
       2,    18,     2,    82,    15,     2,     2,     2,     2,     2,
       2,     2,     2,     2,     2,     2,     2,     2,     2,     2,
       2,     2,     2,     2,     2,     2,     2,     2,     2,     2,
       2,    11,     2,    12,     2,     2,     2,     2,     2,     2,
       2,     2,     2,     2,     2,     2,     2,     2,     2,     2,
       2,     2,     2,     2,     2,     2,     2,     2,     2,     2,
       2,     2,     2,     9,     2,    10,    92,     2,     2,     2,
       2,     2,     2,     2,     2,     2,     2,     2,     2,     2,
       2,     2,     2,     2,     2,     2,     2,     2,     2,     2,
       2,     2,     2,     2,     2,     2,     2,     2,     2,     2,
       2,     2,     2,     2,     2,     2,     2,     2,     2,     2,
       2,     2,     2,     2,     2,     2,     2,     2,     2,     2,
       2,     2,     2,     2,     2,     2,     2,     2,     2,     2,
       2,     2,     2,     2,     2,     2,     2,     2,     2,     2,
       2,     2,     2,     2,     2,     2,     2,     2,     2,     2,
       2,     2,     2,     2,     2,     2,     2,     2,     2,     2,
       2,     2,     2,     2,     2,     2,     2,     2,     2,     2,
       2,     2,     2,     2,     2,     2,     2,     2,     2,     2,
       2,     2,     2,     2,     2,     2,     2,     2,     2,     2,
       2,     2,     2,     2,     2,     2,     1,     2,     3,     4,
       5,     6,     7,     8,    20,    21,    22,    23,    24,    25,
      26,    27,    28,    29,    30,    31,    32,    33,    34,    35,
      36,    37,    38,    39,    40,    41,    42,    43,    44,    45,
      46,    47,    48,    49,    50,    51,    52,    53,    54,    55,
      56,    57,    58,    59,    60,    61,    62,    63,    64,    65,
      66,    67,    68,    69,    70,    71,    72,    73,    74,    75,
      76,    77,    78,    79,    81,    84,    85,    86,    87,    88,
      89,    90,    93,    94,    95,    96,    97,    98,    99,   100,
     101,   102
};

#if YYDEBUG
  /* YYRLINE[YYN] -- Source line where rule number YYN was defined.  */
static const yytype_uint16 yyrline[] =
{
       0,   115,   115,   114,   125,   124,   134,   133,   146,   145,
     158,   157,   170,   169,   181,   189,   197,   201,   209,   215,
     216,   226,   227,   236,   240,   244,   248,   255,   257,   267,
     266,   300,   299,   342,   350,   349,   358,   364,   370,   381,
     383,   385,   392,   400,   402,   399,   419,   424,   431,   430,
<<<<<<<
     445,   453,   459,   466,   465,   481,   480,   492,   496,   504,
     522,   523,   528,   530,   532,   534,   536,   538,   540,   543,
     549,   550,   555,   566,   567,   573,   579,   580,   585,   588,
     592,   597,   601,   605,   606,   609,   610,   611,   615,   620,
     625,   630,   631,   636,   637,   642,   643,   645,   650,   652,
     658,   657,   676,   677,   681,   683,   685,   687,   691,   693,
     698,   702,   706,   710,   716,   721,   727,   733,   735,   738,
     737,   748,   749,   753,   757,   760,   765,   770,   773,   777,
     781,   784,   789,   793,   796,   798,   800,   805,   807,   809,
     814,   816,   818,   820,   822,   824,   826,   828,   830,   832,
     834,   839,   841,   844,   846,   848,   851,   854,   865,   868,
     871,   878,   880,   882,   884,   886,   889,   908,   910,   914,
     915,   916,   917,   918,   920,   922,   924,   926,   928,   930,
     932,   934,   936,   938,   940,   942,   944,   946,   956,   966,
     976,   986,   988,   990,   993,   998,  1002,  1004,  1006,  1008,
    1011,  1013,  1016,  1018,  1020,  1022,  1024,  1026,  1028,  1030,
    1032,  1035,  1037,  1039,  1041,  1043,  1045,  1049,  1052,  1051,
    1064,  1065,  1066,  1071,  1075,  1077,  1079,  1084,  1086,  1089,
    1091,  1093,  1095,  1100,  1102,  1107,  1108,  1113,  1114,  1120,
    1124,  1125,  1126,  1129,  1130,  1133,  1134,  1137,  1141,  1145,
    1151,  1180,  1186,  1188,  1192,  1196,  1197,  1201,  1202,  1206,
    1207,  1212,  1214,  1216,  1219
=======
     445,   453,   459,   466,   465,   481,   480,   493,   497,   505,
     523,   524,   529,   531,   533,   535,   537,   539,   541,   544,
     550,   551,   556,   567,   568,   574,   580,   581,   586,   589,
     593,   598,   602,   606,   607,   610,   611,   612,   616,   621,
     626,   631,   632,   637,   638,   643,   644,   646,   651,   653,
     659,   658,   677,   678,   682,   684,   686,   688,   692,   694,
     699,   703,   707,   711,   717,   722,   728,   734,   736,   739,
     738,   749,   750,   754,   758,   761,   766,   771,   774,   778,
     782,   785,   790,   794,   797,   799,   801,   806,   808,   810,
     815,   817,   819,   821,   823,   825,   827,   829,   831,   833,
     835,   840,   842,   845,   847,   849,   852,   855,   866,   869,
     872,   879,   881,   883,   885,   887,   890,   909,   911,   915,
     916,   917,   918,   919,   921,   923,   925,   927,   929,   931,
     933,   935,   937,   939,   941,   943,   945,   955,   965,   975,
     985,   987,   989,   992,   997,  1001,  1003,  1005,  1007,  1010,
    1012,  1015,  1017,  1019,  1021,  1023,  1025,  1027,  1029,  1031,
    1034,  1036,  1038,  1040,  1042,  1044,  1048,  1051,  1050,  1063,
    1064,  1065,  1070,  1074,  1076,  1081,  1083,  1086,  1088,  1090,
    1092,  1097,  1099,  1104,  1105,  1110,  1111,  1117,  1121,  1122,
    1123,  1126,  1127,  1130,  1134,  1138,  1144,  1173,  1179,  1181,
    1185,  1189,  1190,  1194,  1195,  1199,  1200,  1205,  1207,  1209,
    1212
>>>>>>>
};
#endif

#if YYDEBUG || YYERROR_VERBOSE || 0
/* YYTNAME[SYMBOL-NUM] -- String name of the symbol SYMBOL-NUM.
   First, the terminals, then, starting at YYNTOKENS, nonterminals.  */
static const char *const yytname[] =
{
  "$end", "error", "$undefined", "GRAMPROG", "GRAMEXPR", "GRAMBLOCK",
  "GRAMBARESTMT", "GRAMFULLSTMT", "GRAMSTMTSEQ", "'{'", "'}'", "'['",
  "']'", "'-'", "'+'", "'@'", "'%'", "'&'", "'='", "'.'", "BAREWORD",
  "METHOD", "FUNCMETH", "THING", "PMFUNC", "PRIVATEREF", "QWLIST",
  "FUNC0OP", "FUNC0SUB", "UNIOPSUB", "LSTOPSUB", "PLUGEXPR", "PLUGSTMT",
  "LABEL", "FORMAT", "SUB", "METHDECL", "MULTIDECL", "ANONSUB", "PACKAGE",
  "CLASS", "USE", "WHILE", "UNTIL", "IF", "UNLESS", "ELSE", "ELSIF",
  "CONTINUE", "FOR", "GIVEN", "WHEN", "DEFAULT", "LOOPEX", "DOTDOT",
  "YADAYADA", "FUNC0", "FUNC1", "FUNC", "UNIOP", "LSTOP", "RELOP", "EQOP",
  "MULOP", "ADDOP", "DOLSHARP", "DO", "HASHBRACK", "NOAMP", "LOCAL", "MY",
  "REQUIRE", "COLONATTR", "FORMLBRACK", "FORMRBRACK", "PREC_LOW", "OROP",
  "DOROP", "ANDOP", "NOTOP", "','", "ASSIGNOP", "'?'", "':'", "OROR",
  "DORDOR", "ANDAND", "BITOROP", "BITANDOP", "SHIFTOP", "MATCHOP", "'!'",
  "'~'", "UMINUS", "REFGEN", "POWOP", "POWCOP", "PREINC", "PREDEC",
  "POSTINC", "POSTDEC", "POSTJOIN", "ARROW", "')'", "'('", "';'", "'$'",
  "'*'", "'/'", "$accept", "grammar", "$@1", "$@2", "$@3", "$@4", "$@5",
  "$@6", "block", "formblock", "remember", "mblock", "mremember",
  "stmtseq", "formstmtseq", "fullstmt", "labfullstmt", "barestmt", "$@7",
  "$@8", "$@9", "$@10", "$@11", "@12", "$@13", "$@14", "formline",
  "formarg", "sideff", "else", "cont", "mintro", "nexpr", "texpr", "iexpr",
  "mexpr", "mnexpr", "formname", "subdecl", "startsub", "startanonsub",
  "startformsub", "subname", "proto", "subattrlist", "myattrlist",
  "subsignature", "@15", "optsubbody", "expr", "listexpr", "listop", "@16",
  "method", "subscripted", "termbinop", "termunop", "anonymous", "termdo",
  "term", "@17", "myattrterm", "myterm", "optlistexpr", "optexpr",
  "optrepl", "my_scalar", "my_var", "refgen_topic", "my_refgen", "amper",
  "scalar", "ary", "sizearydecl", "hsh", "arylen", "star", "sliceme",
  "kvslice", "gelem", "indirob", YY_NULLPTR
};
#endif

# ifdef YYPRINT
/* YYTOKNUM[NUM] -- (External) token number corresponding to the
   (internal) symbol number NUM (which must be that of a token).  */
static const yytype_uint16 yytoknum[] =
{
       0,   256,   257,   258,   259,   260,   261,   262,   263,   123,
     125,    91,    93,    45,    43,    64,    37,    38,    61,    46,
     264,   265,   266,   267,   268,   269,   270,   271,   272,   273,
     274,   275,   276,   277,   278,   279,   280,   281,   282,   283,
     284,   285,   286,   287,   288,   289,   290,   291,   292,   293,
     294,   295,   296,   297,   298,   299,   300,   301,   302,   303,
     304,   305,   306,   307,   308,   309,   310,   311,   312,   313,
     314,   315,   316,   317,   318,   319,   320,   321,   322,   323,
      44,   324,    63,    58,   325,   326,   327,   328,   329,   330,
     331,    33,   126,   332,   333,   334,   335,   336,   337,   338,
     339,   340,   341,    41,    40,    59,    36,    42,    47
};
# endif

#define YYPACT_NINF -419

#define yypact_value_is_default(Yystate) \
  (!!((Yystate) == (-419)))

#define YYTABLE_NINF -260

#define yytable_value_is_error(Yytable_value) \
  (!!((Yytable_value) == (-260)))

  /* YYPACT[STATE-NUM] -- Index in YYTABLE of the portion describing
     STATE-NUM.  */
static const yytype_int16 yypact[] =
{
     271,  -419,  -419,  -419,  -419,  -419,  -419,    53,  -419,  3049,
      62,  1685,  1586,  -419,  -419,  -419,  2176,  3049,  3049,    22,
      22,    22,  -419,    22,    22,  -419,  -419,    65,   -26,  -419,
    3049,  -419,  -419,  -419,  3049,  -419,   -14,    -7,    26,  2079,
    1980,    22,  2079,  2273,    48,  3049,    50,  3049,  3049,  3049,
    3049,  3049,  3049,  3049,  2370,    22,    22,   153,    14,  -419,
      23,  -419,  -419,  -419,  -419,  3228,  -419,  -419,    37,    61,
      80,    96,  -419,   112,   273,   303,   117,  -419,  -419,  -419,
    -419,  -419,  -419,  -419,  -419,   165,   176,  -419,    95,   119,
     122,   128,   241,   139,   140,    62,  -419,   190,  -419,   142,
      48,  2173,  1586,  -419,  -419,  -419,   695,   794,  -419,    81,
     598,   598,  -419,  -419,  -419,  -419,  -419,  -419,  -419,  3049,
     144,   147,  3049,   150,   442,    62,     6,  3228,   182,  2467,
    1980,  -419,   442,   571,    14,  -419,   504,  3049,  -419,  -419,
     442,   276,   188,  -419,  -419,  3049,   442,    49,  3146,  2564,
     227,  -419,  -419,  -419,  -419,   442,    14,   598,   598,   598,
       1,     1,   280,   219,  -419,  -419,  3049,  3049,  3049,  3049,
    3049,  3049,  2661,  3049,  3049,  3049,  3049,  3049,  3049,  3049,
    3049,  3049,  3049,  3049,  3049,  3049,  3049,  3049,  -419,  -419,
    -419,  -419,    46,  2758,  3049,  3049,  3049,  3049,  3049,  3049,
    3049,  -419,   295,   297,   291,  -419,  -419,  -419,  -419,  -419,
     222,    67,  -419,  -419,   214,  -419,  -419,  -419,    62,  -419,
    -419,  -419,  3049,  3049,  3049,  3049,  3049,  3049,  -419,  -419,
    -419,  -419,  -419,  3049,  3049,   103,  -419,  -419,  -419,   215,
     256,  -419,  -419,   301,   226,  3049,    14,  -419,   320,  -419,
     322,  2855,   598,   227,    66,    70,    76,  -419,   451,   311,
    -419,  3049,   325,   261,   261,  -419,  3228,   296,   106,  -419,
     499,  1771,   242,   461,   677,   262,  3228,  3185,  1867,  1867,
     388,  1965,  2064,   358,   598,   598,  3049,  3049,   243,   247,
     249,  -419,   252,  2952,    13,   258,   245,  -419,  -419,   541,
     336,   124,   339,   127,   386,   134,   496,   893,  -419,   348,
       3,  -419,   347,  3049,  3049,  3049,  3049,  -419,   263,  -419,
    -419,   266,  -419,  -419,  -419,  -419,  1783,    25,  -419,  3049,
    3049,  -419,   292,   153,  -419,   153,   153,   153,   153,   153,
     272,   -16,  -419,  3049,  -419,   256,   372,    62,  -419,  -419,
     560,  -419,   375,    45,   565,  -419,  -419,  -419,   137,  3049,
     390,  -419,  -419,  3049,   519,   185,  -419,  -419,  -419,  -419,
    -419,   610,  -419,  -419,  3049,  -419,   392,  -419,   393,  -419,
     399,  -419,   408,  -419,  -419,  -419,  -419,  -419,  -419,   404,
     316,   153,   326,   329,   153,   331,   321,  -419,  -419,  -419,
    -419,   334,   333,   191,  -419,  3049,   337,   352,   438,  -419,
    -419,  3049,   364,  -419,   365,   462,  -419,  -419,  -419,   460,
      75,  -419,   194,  -419,  3271,   471,  -419,  -419,   379,  -419,
    -419,  -419,  -419,   380,  -419,  -419,  3049,  -419,  -419,   477,
     477,  3049,  3049,   477,  -419,   389,   394,   477,   477,   256,
     215,   153,  -419,  -419,  -419,  -419,  -419,  -419,  -419,   418,
    -419,   992,   391,   477,   477,  -419,   162,   162,   396,   397,
     190,  3049,  3049,   477,  -419,  -419,    17,   256,  1091,  -419,
    1190,  -419,  -419,   190,   190,  -419,   477,   398,  -419,  -419,
     477,   477,  -419,   402,   400,   190,  -419,  -419,  -419,   486,
    -419,   -10,  -419,  -419,  -419,  1289,  -419,  3049,   190,   190,
    -419,   477,  -419,  -419,   435,   492,  -419,  -419,   409,  -419,
    -419,  -419,   190,  1388,  -419,  -419,  -419,   477,  1881,  -419,
    -419,  1487,   162,   411,  -419,  -419,   477,  -419
};

  /* YYDEFACT[STATE-NUM] -- Default reduction number in state STATE-NUM.
     Performed when YYTABLE does not specify something else to do.  Zero
     means the default is an error.  */
static const yytype_uint16 yydefact[] =
{
       0,     2,     4,     6,     8,    10,    12,     0,    16,   235,
       0,     0,     0,    19,     1,    19,     0,     0,     0,     0,
       0,     0,   220,     0,     0,   191,   218,   179,   213,   215,
     209,    89,   223,    89,   201,   222,   211,     0,     0,   204,
     233,     0,     0,     0,     0,     0,     0,   207,     0,     0,
       0,     0,     0,     0,     0,     0,     0,   236,   107,   221,
     186,   169,   170,   171,   172,   110,   176,     5,   192,   181,
     184,   183,   185,   182,     0,     0,     0,    16,     7,    62,
      27,    90,    85,    86,    87,     0,     0,    88,     0,     0,
       0,     0,     0,     0,     0,     0,    58,    73,     9,     0,
       0,    63,     0,    11,    24,    23,     0,     0,   162,     0,
     151,   152,   261,   264,   263,   262,   249,   251,   247,   233,
       0,     0,     0,     0,   210,     0,    93,   202,     0,     0,
     235,   205,   206,   261,   234,   117,   262,     0,   252,   168,
     167,     0,     0,    91,    92,   233,   177,     0,     0,     0,
     225,   229,   232,   231,   230,   208,   203,   153,   154,   174,
     159,   160,   180,     0,   248,   254,     0,     0,     0,   108,
       0,     0,     0,     0,     0,     0,     0,     0,     0,     0,
       0,     0,     0,     0,     0,     0,     0,     0,   158,   155,
     156,   157,     0,     0,     0,     0,     0,     0,     0,     0,
       0,    19,    84,     0,     0,    34,    16,    16,    16,    16,
      16,     0,    16,    16,     0,    16,    16,    40,     0,    52,
      57,    88,     0,     0,     0,     0,     0,     0,    26,    25,
      20,   161,   115,   235,     0,     0,   214,   119,    94,     0,
      95,   212,   216,     0,     0,     0,   111,   164,     0,   195,
     264,     0,   175,     0,   181,   184,   183,   228,     0,    99,
     224,     0,   178,   105,   106,   104,   109,     0,     0,   133,
       0,   146,   142,   143,   139,   140,   137,     0,   148,   149,
     147,   145,   144,   141,   150,   138,     0,     0,   256,   258,
       0,   121,     0,     0,     0,   260,   114,   122,   193,     0,
       0,     0,     0,     0,     0,     0,     0,     0,    83,     0,
       0,    16,     0,    78,     0,     0,     0,   245,     0,   246,
     243,     0,   244,   240,   241,   242,     0,     0,    16,     0,
       0,    74,    29,    66,    67,    80,    64,    65,    68,    69,
       0,   237,   135,   233,   100,    95,    97,     0,   217,   118,
       0,   163,     0,   180,     0,   226,   227,    98,     0,     0,
       0,   126,   132,     0,     0,     0,   197,   198,   199,   253,
     130,     0,   196,   200,   235,   194,     0,   124,     0,   187,
       0,   188,     0,    14,    16,    28,    16,    33,    55,     0,
       0,    79,     0,     0,    81,     0,     0,   239,    16,    77,
      82,     0,     0,    63,    48,     0,     0,     0,    93,    16,
     116,     0,     0,   120,     0,     0,    96,   165,   112,     0,
     178,   136,     0,   129,   173,     0,   125,   131,     0,   127,
     189,   190,   123,     0,    53,    19,   233,    75,    75,     0,
       0,     0,     0,     0,    43,     0,     0,     0,     0,    95,
       0,   238,   219,   101,    19,   250,   134,   128,   113,     0,
      19,     0,     0,     0,     0,    18,    70,    70,     0,     0,
      73,    78,     0,     0,    38,    39,     0,    95,     0,    21,
       0,    56,    35,    73,    73,    19,     0,     0,    36,    37,
       0,     0,    51,     0,     0,    73,   103,   102,    30,     0,
     166,     0,    54,    41,    42,     0,    71,     0,    73,    73,
      44,     0,    47,    19,    60,     0,    22,    17,     0,    46,
      50,    75,    73,     0,    19,    59,    15,     0,     0,    49,
      32,     0,    70,     0,    61,    72,     0,    45
};

  /* YYPGOTO[NTERM-NUM].  */
static const yytype_int16 yypgoto[] =
{
    -419,  -419,  -419,  -419,  -419,  -419,  -419,  -419,     4,  -419,
     -38,   -17,  -419,   -15,  -419,   506,   419,    43,  -419,  -419,
    -419,  -419,  -419,  -419,  -419,  -419,  -419,  -419,  -321,  -418,
    -182,  -386,  -419,    55,   206,  -309,     2,  -419,  -419,   312,
     503,  -419,   439,   132,  -337,   299,   109,  -419,  -419,    -6,
     -39,  -419,  -419,  -419,  -419,  -419,  -419,  -419,  -419,   207,
    -419,  -419,   416,  -115,  -124,  -419,  -419,   218,  -419,  -419,
     367,   387,   -44,  -419,   -35,  -419,  -419,  -419,  -419,  -419,
      -5
};

  /* YYDEFGOTO[NTERM-NUM].  */
static const yytype_int16 yydefgoto[] =
{
      -1,     7,     8,     9,    10,    11,    12,    13,    97,   385,
      15,   466,   485,   106,   501,   230,   104,   105,   408,   409,
     312,   471,   521,   445,   460,   435,   516,   525,    99,   488,
     219,   463,   400,   390,   334,   393,   402,   309,   100,   205,
     125,   202,   145,   240,   347,   260,   345,   414,   498,   101,
      58,    59,   343,   296,    60,    61,    62,    63,    64,    65,
     121,    66,   150,   135,    67,   412,   396,   320,   321,   213,
      68,    69,    70,   153,    71,    72,    73,    74,    75,    76,
     116
};

  /* YYTABLE[YYPACT[STATE-NUM]] -- What to do in state STATE-NUM.  If
     positive, shift that token.  If negative, reduce the rule whose
     number is the opposite.  If YYTABLE_NINF, syntax error.  */
static const yytype_int16 yytable[] =
{
     107,   134,   152,    57,   232,   399,   244,   395,   415,   156,
     109,   154,   386,   514,    78,   117,   118,   401,   119,   120,
     406,   407,    77,   114,   114,   114,    77,   114,   114,   238,
     249,    77,   170,   112,   171,   137,   138,   142,   113,   201,
      19,    20,   112,   131,   114,   114,   139,   113,   163,   489,
     164,   165,   464,    14,    98,   286,   261,   287,    77,   114,
     114,   288,   289,   290,   169,   147,    20,   291,   143,   112,
     194,    77,   195,   144,   250,   194,   122,   195,   123,  -255,
     134,  -255,    19,    20,    21,  -257,   359,  -257,   239,  -255,
     128,  -255,   411,   231,   169,   515,   446,   129,   246,   217,
    -260,  -260,  -260,   192,   255,  -257,   134,  -257,   387,   340,
     -16,   292,   476,   256,   535,   342,   235,  -228,   361,    55,
     372,  -259,   496,   243,    57,   245,   200,   172,    55,   237,
     130,    55,   468,   469,   114,   528,   377,   319,  -229,   379,
     499,   193,  -232,   258,   148,   229,   381,  -227,  -230,   421,
     293,   114,   294,   295,   149,    55,    55,   166,   167,   168,
     263,   264,   265,   494,   267,   268,   270,   324,   313,   314,
     315,   316,   318,    55,   326,   327,   325,   329,   330,   166,
     167,   168,   166,   167,   168,   203,   307,   299,   300,   301,
     302,   303,   304,   305,   306,   341,   204,   426,   518,   206,
     166,   167,   168,   166,   167,   168,   456,   399,   486,   487,
     166,   167,   168,   166,   167,   168,   333,   335,   336,   337,
     338,   339,   331,   207,   110,   111,   208,    57,   413,   166,
     167,   168,   209,   222,   223,   224,   225,   124,   218,   350,
     226,   127,   227,   215,   216,   354,   132,   220,   233,   140,
     428,   234,   146,   236,   155,   358,   157,   158,   159,   160,
     161,   166,   167,   168,   166,   167,   168,   166,   167,   168,
     166,   167,   168,   388,     1,     2,     3,     4,     5,     6,
     364,   365,   196,   324,   197,   241,   247,   371,   492,   164,
     405,   261,   325,   248,   -81,   166,   167,   168,   114,   259,
     311,   503,   504,  -260,   134,   176,   177,   391,   335,   394,
     394,   210,   198,   512,   199,   308,   317,   310,   328,   344,
     403,   462,   262,   394,   394,   176,   519,   520,   346,   349,
     351,   185,   186,   352,   357,   211,   359,   187,   188,   168,
     529,   189,   190,   191,   192,   212,   433,    55,   434,   374,
     366,   417,   186,   422,   367,   252,   368,   187,   188,   369,
     442,   189,   190,   191,   192,   373,   384,   389,    57,    55,
     398,   450,   166,   167,   168,   410,   266,   166,   167,   168,
     271,   272,   273,   274,   275,   276,   277,   278,   279,   280,
     281,   282,   283,   284,   285,   416,   -31,   134,   419,   394,
     423,   360,   429,   430,   348,   451,   115,   115,   115,   431,
     115,   115,   166,   167,   168,   166,   167,   168,   432,   437,
     461,   176,   177,   467,   436,   441,   470,   136,   115,   438,
     474,   475,   439,   151,   440,   394,   394,   443,   444,   478,
     447,   376,   115,   115,   378,   480,   483,   484,   186,   174,
     175,   176,   177,   187,   188,   448,   495,   189,   190,   191,
     192,   238,   166,   167,   168,   391,   394,   452,   453,   506,
     505,   454,   455,   508,   509,   183,   184,   185,   186,   214,
     497,   457,   458,   187,   188,   459,   465,   189,   190,   191,
     192,   380,   479,   472,   522,   513,   482,   473,   523,   490,
     491,   394,   507,   511,  -181,   176,   177,   510,   524,   531,
     532,   526,   527,   194,   536,   195,  -181,   136,   103,   537,
     392,   228,   174,  -260,   176,   177,   493,   166,   167,   168,
     533,   185,   186,   332,   115,   254,   126,   187,   188,   221,
     449,   189,   190,   191,   192,   404,  -181,  -181,  -181,  -181,
     185,   186,   355,  -181,   356,  -181,   187,   188,  -181,   477,
     189,   190,   191,   192,   253,  -181,  -181,  -181,  -181,     0,
     424,  -220,   166,   167,   168,   166,   167,   168,   322,   297,
    -181,  -181,  -181,  -220,  -181,  -181,  -181,  -181,  -181,  -181,
    -181,  -181,  -181,  -181,  -181,   166,   167,   168,   323,  -181,
    -181,   382,   362,  -181,  -181,  -181,  -181,  -181,     0,  -181,
       0,     0,  -181,  -220,  -220,  -220,  -220,   166,   167,   168,
    -220,     0,  -220,     0,   425,  -220,     0,     0,     0,     0,
       0,     0,  -220,  -220,  -220,  -220,   166,   167,   168,     0,
       0,   166,   167,   168,   375,     0,     0,  -220,  -220,  -220,
       0,  -220,  -220,  -220,  -220,  -220,  -220,  -220,  -220,  -220,
    -220,  -220,     0,   418,     0,     0,  -220,  -220,   420,     0,
    -220,  -220,  -220,  -220,  -220,     0,  -220,     0,     0,  -220,
       0,   115,     0,     0,     0,     0,   166,   167,   168,     0,
       0,     0,     0,   187,   188,   -13,    79,   189,   190,   191,
     192,     0,     0,     0,    77,   397,    16,     0,    17,    18,
      19,    20,    21,   427,   323,    22,    23,    24,    25,    26,
       0,    27,    28,    29,    30,    31,    32,    80,   102,    81,
      82,    83,    84,    33,    85,    86,    87,    88,    89,    90,
      91,     0,     0,     0,    92,    93,    94,    95,    34,     0,
      35,    36,    37,    38,    39,    40,     0,     0,     0,     0,
      41,    42,    43,    44,    45,    46,    47,   186,     0,     0,
       0,     0,   187,   188,    48,     0,   189,   190,   191,   192,
       0,     0,     0,     0,     0,     0,    49,    50,     0,    51,
       0,     0,    52,    53,    -3,    79,     0,     0,     0,    54,
      96,    55,    56,    77,     0,    16,     0,    17,    18,    19,
      20,    21,     0,     0,    22,    23,    24,    25,    26,     0,
      27,    28,    29,    30,    31,    32,    80,   102,    81,    82,
      83,    84,    33,    85,    86,    87,    88,    89,    90,    91,
       0,     0,     0,    92,    93,    94,    95,    34,     0,    35,
      36,    37,    38,    39,    40,     0,     0,     0,     0,    41,
      42,    43,    44,    45,    46,    47,     0,     0,     0,     0,
       0,     0,     0,    48,     0,     0,     0,     0,     0,     0,
       0,     0,     0,     0,     0,    49,    50,     0,    51,     0,
       0,    52,    53,     0,    79,     0,     0,     0,    54,    96,
      55,    56,    77,   383,    16,     0,    17,    18,    19,    20,
      21,     0,     0,    22,    23,    24,    25,    26,     0,    27,
      28,    29,    30,    31,    32,    80,   102,    81,    82,    83,
      84,    33,    85,    86,    87,    88,    89,    90,    91,     0,
       0,     0,    92,    93,    94,    95,    34,     0,    35,    36,
      37,    38,    39,    40,     0,     0,     0,     0,    41,    42,
      43,    44,    45,    46,    47,     0,     0,     0,     0,     0,
       0,     0,    48,     0,     0,     0,     0,     0,     0,     0,
       0,     0,     0,     0,    49,    50,     0,    51,     0,     0,
      52,    53,     0,    79,     0,     0,     0,    54,    96,    55,
      56,    77,   481,    16,     0,    17,    18,    19,    20,    21,
       0,     0,    22,    23,    24,    25,    26,     0,    27,    28,
      29,    30,    31,    32,    80,   102,    81,    82,    83,    84,
      33,    85,    86,    87,    88,    89,    90,    91,     0,     0,
       0,    92,    93,    94,    95,    34,     0,    35,    36,    37,
      38,    39,    40,     0,     0,     0,     0,    41,    42,    43,
      44,    45,    46,    47,     0,     0,     0,     0,     0,     0,
       0,    48,     0,     0,     0,     0,     0,     0,     0,     0,
       0,     0,     0,    49,    50,     0,    51,     0,     0,    52,
      53,     0,    79,     0,     0,     0,    54,    96,    55,    56,
      77,   500,    16,     0,    17,    18,    19,    20,    21,     0,
       0,    22,    23,    24,    25,    26,     0,    27,    28,    29,
      30,    31,    32,    80,   102,    81,    82,    83,    84,    33,
      85,    86,    87,    88,    89,    90,    91,     0,     0,     0,
      92,    93,    94,    95,    34,     0,    35,    36,    37,    38,
      39,    40,     0,     0,     0,     0,    41,    42,    43,    44,
      45,    46,    47,     0,     0,     0,     0,     0,     0,     0,
      48,     0,     0,     0,     0,     0,     0,     0,     0,     0,
       0,     0,    49,    50,     0,    51,     0,     0,    52,    53,
       0,    79,     0,     0,     0,    54,    96,    55,    56,    77,
     502,    16,     0,    17,    18,    19,    20,    21,     0,     0,
      22,    23,    24,    25,    26,     0,    27,    28,    29,    30,
      31,    32,    80,   102,    81,    82,    83,    84,    33,    85,
      86,    87,    88,    89,    90,    91,     0,     0,     0,    92,
      93,    94,    95,    34,     0,    35,    36,    37,    38,    39,
      40,     0,     0,     0,     0,    41,    42,    43,    44,    45,
      46,    47,     0,     0,     0,     0,     0,     0,     0,    48,
       0,     0,     0,     0,     0,     0,     0,     0,     0,     0,
       0,    49,    50,     0,    51,     0,     0,    52,    53,     0,
      79,     0,     0,     0,    54,    96,    55,    56,    77,   517,
      16,     0,    17,    18,    19,    20,    21,     0,     0,    22,
      23,    24,    25,    26,     0,    27,    28,    29,    30,    31,
      32,    80,   102,    81,    82,    83,    84,    33,    85,    86,
      87,    88,    89,    90,    91,     0,     0,     0,    92,    93,
      94,    95,    34,     0,    35,    36,    37,    38,    39,    40,
       0,     0,     0,     0,    41,    42,    43,    44,    45,    46,
      47,     0,     0,     0,     0,     0,     0,     0,    48,     0,
       0,     0,     0,     0,     0,     0,     0,     0,     0,     0,
      49,    50,     0,    51,     0,     0,    52,    53,     0,    79,
       0,     0,     0,    54,    96,    55,    56,    77,   530,    16,
       0,    17,    18,    19,    20,    21,     0,     0,    22,    23,
      24,    25,    26,     0,    27,    28,    29,    30,    31,    32,
      80,   102,    81,    82,    83,    84,    33,    85,    86,    87,
      88,    89,    90,    91,     0,     0,     0,    92,    93,    94,
      95,    34,     0,    35,    36,    37,    38,    39,    40,     0,
       0,     0,     0,    41,    42,    43,    44,    45,    46,    47,
       0,     0,     0,     0,     0,     0,     0,    48,     0,     0,
       0,     0,     0,     0,     0,     0,     0,     0,     0,    49,
      50,     0,    51,     0,     0,    52,    53,     0,    79,     0,
       0,     0,    54,    96,    55,    56,    77,     0,    16,     0,
      17,    18,    19,    20,    21,     0,     0,    22,    23,    24,
      25,    26,     0,    27,    28,    29,    30,    31,    32,    80,
     102,    81,    82,    83,    84,    33,    85,    86,    87,    88,
      89,    90,    91,     0,     0,     0,    92,    93,    94,    95,
      34,     0,    35,    36,    37,    38,    39,    40,     0,     0,
       0,     0,    41,    42,    43,    44,    45,    46,    47,     0,
       0,   534,     0,     0,     0,     0,    48,     0,     0,     0,
       0,     0,     0,     0,     0,     0,     0,     0,    49,    50,
       0,    51,     0,     0,    52,    53,     0,    79,     0,     0,
       0,    54,    96,    55,    56,    77,     0,    16,     0,    17,
      18,    19,    20,    21,     0,     0,    22,    23,    24,    25,
      26,     0,    27,    28,    29,    30,    31,    32,    80,   102,
      81,    82,    83,    84,    33,    85,    86,    87,    88,    89,
      90,    91,     0,     0,     0,    92,    93,    94,    95,    34,
       0,    35,    36,    37,    38,    39,    40,     0,     0,     0,
       0,    41,    42,    43,    44,    45,    46,    47,     0,     0,
       0,     0,     0,     0,     0,    48,     0,     0,     0,     0,
       0,     0,     0,     0,     0,     0,     0,    49,    50,     0,
      51,     0,     0,    52,    53,     0,    79,     0,     0,     0,
      54,    96,    55,    56,    77,     0,    16,     0,    17,    18,
      19,    20,    21,     0,     0,    22,    23,    24,    25,    26,
       0,    27,    28,    29,    30,    31,    32,    80,     0,    81,
      82,    83,    84,    33,    85,    86,    87,    88,    89,    90,
      91,     0,     0,     0,    92,    93,    94,    95,    34,     0,
      35,    36,    37,    38,    39,    40,     0,     0,     0,     0,
      41,    42,    43,    44,    45,    46,    47,     0,     0,     0,
       0,     0,     0,     0,    48,     0,     0,     0,     0,     0,
       0,     0,     0,     0,     0,     0,    49,    50,     0,    51,
       0,     0,    52,    53,    79,     0,     0,     0,     0,    54,
      96,    55,    56,     0,    16,     0,    17,    18,    19,    20,
      21,     0,     0,    22,    23,    24,    25,    26,     0,    27,
      28,    29,    30,    31,    32,     0,     0,     0,     0,     0,
       0,    33,     0,     0,     0,  -260,     0,     0,     0,     0,
       0,     0,   174,   175,   176,   177,    34,     0,    35,    36,
      37,    38,    39,    40,     0,     0,     0,     0,    41,    42,
      43,    44,    45,    46,    47,   180,   181,   182,   183,   184,
     185,   186,    48,     0,     0,     0,   187,   188,     0,     0,
     189,   190,   191,   192,    49,    50,     0,    51,     0,     0,
      52,    53,    79,     0,     0,     0,     0,    54,   -76,    55,
      56,     0,    16,     0,    17,    18,    19,    20,    21,     0,
       0,    22,    23,    24,    25,    26,     0,    27,    28,    29,
      30,    31,    32,     0,     0,     0,     0,     0,     0,    33,
       0,     0,     0,     0,     0,     0,     0,     0,   174,   175,
     176,   177,     0,     0,    34,     0,    35,    36,    37,    38,
      39,    40,     0,     0,     0,     0,    41,    42,    43,    44,
      45,    46,    47,   182,   183,   184,   185,   186,     0,     0,
      48,     0,   187,   188,     0,     0,   189,   190,   191,   192,
       0,     0,    49,    50,     0,    51,     0,     0,    52,    53,
       0,     0,     0,     0,   -76,    54,     0,    55,    56,    77,
       0,    16,     0,    17,    18,    19,    20,    21,     0,     0,
     133,    23,    24,    25,    26,   113,    27,    28,    29,    30,
      31,    32,     0,     0,     0,     0,     0,     0,    33,     0,
       0,     0,     0,     0,     0,     0,   174,   175,   176,   177,
       0,     0,     0,    34,     0,    35,    36,    37,    38,    39,
      40,     0,     0,     0,     0,    41,    42,    43,    44,    45,
      46,    47,     0,   184,   185,   186,     0,     0,     0,    48,
     187,   188,     0,     0,   189,   190,   191,   192,     0,     0,
       0,    49,    50,     0,    51,     0,     0,    52,    53,     0,
       0,     0,     0,     0,    54,     0,    55,    56,    77,     0,
      16,     0,    17,    18,    19,    20,    21,     0,     0,    22,
      23,    24,    25,    26,     0,    27,    28,    29,    30,    31,
      32,     0,     0,     0,     0,     0,     0,    33,     0,     0,
       0,     0,     0,     0,     0,   174,   175,   176,   177,     0,
       0,     0,    34,     0,    35,    36,    37,    38,    39,    40,
       0,     0,     0,     0,    41,    42,    43,    44,    45,    46,
      47,     0,     0,   185,   186,     0,     0,     0,    48,   187,
     188,     0,     0,   189,   190,   191,   192,     0,     0,     0,
      49,    50,     0,    51,     0,     0,    52,    53,     0,     0,
       0,     0,     0,    54,     0,    55,    56,    16,   108,    17,
      18,    19,    20,    21,     0,     0,    22,    23,    24,    25,
      26,     0,    27,    28,    29,    30,    31,    32,     0,     0,
       0,     0,     0,     0,    33,   222,   223,   224,   225,     0,
       0,     0,   226,     0,   227,     0,     0,     0,     0,    34,
       0,    35,    36,    37,    38,    39,    40,     0,     0,     0,
       0,    41,    42,    43,    44,    45,    46,    47,     0,   166,
     167,   168,     0,     0,     0,    48,     0,     0,     0,     0,
       0,     0,     0,     0,     0,     0,     0,    49,    50,     0,
      51,     0,     0,    52,    53,     0,     0,     0,     0,     0,
      54,     0,    55,    56,    16,     0,    17,    18,    19,    20,
      21,     0,     0,    22,    23,    24,    25,    26,     0,    27,
      28,    29,    30,    31,    32,     0,     0,     0,     0,     0,
       0,    33,     0,     0,     0,     0,     0,     0,     0,     0,
       0,     0,     0,     0,     0,     0,    34,     0,    35,    36,
      37,    38,    39,    40,     0,     0,     0,     0,    41,    42,
      43,    44,    45,    46,    47,     0,     0,     0,     0,     0,
       0,     0,    48,     0,     0,     0,     0,     0,     0,     0,
       0,     0,     0,     0,    49,    50,     0,    51,     0,     0,
      52,    53,     0,     0,     0,     0,     0,    54,   141,    55,
      56,    16,     0,    17,    18,    19,    20,    21,     0,     0,
      22,    23,    24,    25,    26,     0,    27,    28,    29,    30,
      31,    32,     0,     0,     0,     0,     0,     0,    33,     0,
       0,     0,     0,     0,     0,     0,     0,     0,     0,     0,
       0,     0,     0,    34,     0,    35,    36,    37,    38,    39,
      40,     0,     0,     0,     0,    41,    42,    43,    44,    45,
      46,    47,     0,     0,     0,     0,     0,     0,     0,    48,
       0,     0,     0,     0,     0,     0,     0,     0,     0,     0,
       0,    49,    50,     0,    51,     0,     0,    52,    53,     0,
       0,     0,     0,   162,    54,     0,    55,    56,    16,     0,
      17,    18,    19,    20,    21,     0,     0,    22,    23,    24,
      25,    26,     0,    27,    28,    29,    30,    31,    32,     0,
       0,     0,     0,     0,     0,    33,     0,     0,     0,     0,
       0,     0,     0,     0,     0,     0,     0,     0,     0,     0,
      34,     0,    35,    36,    37,    38,    39,    40,     0,     0,
       0,     0,    41,    42,    43,    44,    45,    46,    47,     0,
       0,     0,     0,     0,     0,     0,    48,     0,     0,     0,
       0,     0,     0,     0,     0,     0,     0,     0,    49,    50,
       0,    51,     0,     0,    52,    53,     0,     0,     0,     0,
     242,    54,     0,    55,    56,    16,     0,    17,    18,    19,
      20,    21,     0,     0,    22,    23,    24,    25,    26,     0,
      27,    28,    29,    30,    31,    32,     0,     0,     0,     0,
       0,     0,    33,     0,     0,     0,     0,     0,     0,     0,
       0,     0,     0,     0,     0,     0,     0,    34,     0,    35,
      36,    37,    38,    39,    40,     0,     0,     0,     0,    41,
      42,    43,    44,    45,    46,    47,     0,     0,     0,     0,
       0,     0,     0,    48,     0,     0,     0,     0,     0,     0,
       0,     0,     0,     0,     0,    49,    50,     0,    51,     0,
       0,    52,    53,     0,     0,     0,     0,   257,    54,     0,
      55,    56,    16,     0,    17,    18,    19,    20,    21,     0,
       0,    22,    23,    24,    25,    26,     0,    27,    28,    29,
      30,    31,    32,     0,     0,     0,     0,     0,     0,    33,
       0,     0,     0,     0,     0,     0,     0,     0,     0,     0,
       0,     0,     0,     0,    34,     0,    35,    36,    37,    38,
      39,    40,     0,     0,     0,     0,    41,    42,    43,    44,
      45,    46,    47,     0,     0,     0,     0,     0,     0,     0,
      48,     0,     0,     0,     0,     0,     0,     0,     0,     0,
       0,     0,    49,    50,     0,    51,     0,     0,    52,    53,
       0,     0,     0,     0,   269,    54,     0,    55,    56,    16,
       0,    17,    18,    19,    20,    21,     0,     0,    22,    23,
      24,    25,    26,     0,    27,    28,    29,    30,    31,    32,
       0,     0,     0,     0,     0,     0,    33,     0,     0,     0,
       0,     0,     0,     0,     0,     0,     0,     0,     0,     0,
       0,    34,     0,    35,    36,    37,    38,    39,    40,     0,
       0,     0,     0,    41,    42,    43,    44,    45,    46,    47,
       0,     0,     0,     0,     0,     0,     0,    48,     0,     0,
       0,     0,     0,     0,     0,     0,     0,     0,     0,    49,
      50,     0,    51,     0,     0,    52,    53,     0,     0,     0,
       0,   298,    54,     0,    55,    56,    16,     0,    17,    18,
      19,    20,    21,     0,     0,    22,    23,    24,    25,    26,
       0,    27,    28,    29,    30,    31,    32,     0,     0,     0,
       0,     0,     0,    33,     0,     0,     0,     0,     0,     0,
       0,     0,     0,     0,     0,     0,     0,     0,    34,     0,
      35,    36,    37,    38,    39,    40,     0,     0,     0,     0,
      41,    42,    43,    44,    45,    46,    47,     0,     0,     0,
       0,     0,     0,     0,    48,     0,     0,     0,     0,     0,
       0,     0,     0,     0,     0,     0,    49,    50,     0,    51,
       0,     0,    52,    53,     0,     0,     0,     0,   353,    54,
       0,    55,    56,    16,     0,    17,    18,    19,    20,    21,
       0,     0,    22,    23,    24,    25,    26,     0,    27,    28,
      29,    30,    31,    32,     0,     0,     0,     0,     0,     0,
      33,     0,     0,     0,     0,     0,     0,     0,     0,     0,
       0,     0,     0,     0,     0,    34,     0,    35,    36,    37,
      38,    39,    40,     0,     0,     0,     0,    41,    42,    43,
      44,    45,    46,    47,     0,     0,     0,     0,     0,     0,
       0,    48,     0,     0,     0,     0,     0,     0,     0,     0,
       0,     0,     0,    49,    50,     0,    51,     0,     0,    52,
      53,     0,     0,     0,     0,   370,    54,     0,    55,    56,
      16,     0,    17,    18,    19,    20,    21,     0,     0,    22,
      23,    24,    25,    26,     0,    27,    28,    29,    30,    31,
      32,     0,     0,     0,     0,     0,     0,    33,     0,     0,
       0,     0,     0,     0,     0,     0,     0,     0,     0,     0,
       0,     0,    34,     0,    35,    36,    37,    38,    39,    40,
       0,     0,     0,     0,    41,    42,    43,    44,    45,    46,
      47,     0,     0,     0,     0,     0,     0,     0,    48,     0,
       0,     0,     0,     0,     0,     0,     0,     0,     0,     0,
      49,    50,     0,    51,     0,     0,    52,    53,     0,     0,
       0,     0,     0,    54,     0,    55,    56,    16,     0,    17,
      18,   147,    20,    21,     0,     0,    22,    23,    24,    25,
      26,     0,    27,    28,    29,    30,    31,    32,     0,     0,
       0,     0,     0,     0,    33,     0,     0,     0,     0,     0,
       0,     0,     0,     0,     0,     0,     0,     0,     0,    34,
       0,    35,    36,    37,    38,    39,    40,     0,     0,     0,
       0,    41,    42,    43,    44,    45,    46,    47,     0,     0,
       0,     0,     0,     0,     0,    48,     0,     0,     0,     0,
       0,     0,     0,     0,     0,     0,     0,    49,    50,   173,
      51,     0,     0,    52,    53,     0,   174,   175,   176,   177,
     251,     0,    55,    56,     0,     0,     0,     0,     0,     0,
       0,     0,     0,     0,     0,     0,   178,   179,   363,   180,
     181,   182,   183,   184,   185,   186,     0,     0,     0,     0,
     187,   188,   173,     0,   189,   190,   191,   192,     0,   174,
     175,   176,   177,     0,     0,     0,     0,     0,     0,     0,
       0,     0,     0,     0,     0,     0,     0,     0,     0,   178,
     179,     0,   180,   181,   182,   183,   184,   185,   186,     0,
       0,     0,     0,   187,   188,   173,     0,   189,   190,   191,
     192,     0,   174,   175,   176,   177,     0,     0,     0,     0,
       0,     0,     0,     0,     0,     0,     0,     0,     0,     0,
       0,     0,     0,   179,     0,   180,   181,   182,   183,   184,
     185,   186,     0,     0,     0,     0,   187,   188,     0,     0,
     189,   190,   191,   192
};

static const yytype_int16 yycheck[] =
{
      15,    40,    46,     9,   119,   326,   130,   316,   345,    48,
      16,    46,     9,    23,    10,    20,    21,   326,    23,    24,
     329,   330,     9,    19,    20,    21,     9,    23,    24,    23,
     145,     9,     9,    20,    11,    40,    41,    43,    25,    77,
      15,    16,    20,    39,    40,    41,    42,    25,    54,   467,
      55,    56,   438,     0,    11,     9,    11,    11,     9,    55,
      56,    15,    16,    17,    80,    15,    16,    21,    20,    20,
       9,     9,    11,    25,    25,     9,    11,    11,   104,     9,
     119,    11,    15,    16,    17,     9,    11,    11,   126,     9,
     104,    11,   108,    12,    80,   105,   405,   104,   137,    95,
      99,   100,   101,   102,   148,     9,   145,    11,   105,   233,
     104,    65,   449,   148,   532,    12,   122,    72,    12,   106,
     107,     9,   105,   129,   130,   130,     9,   104,   106,   125,
     104,   106,   441,   442,   130,   521,    12,    70,    72,    12,
     477,   104,    72,   149,    94,   102,    12,    72,    72,    12,
     104,   147,   106,   107,   104,   106,   106,    76,    77,    78,
     166,   167,   168,   472,   170,   171,   172,   211,   206,   207,
     208,   209,   210,   106,   212,   213,   211,   215,   216,    76,
      77,    78,    76,    77,    78,    20,   201,   193,   194,   195,
     196,   197,   198,   199,   200,   234,    20,    12,   507,   104,
      76,    77,    78,    76,    77,    78,    12,   528,    46,    47,
      76,    77,    78,    76,    77,    78,   222,   223,   224,   225,
     226,   227,   218,   104,    17,    18,   104,   233,   343,    76,
      77,    78,   104,    42,    43,    44,    45,    30,    48,   245,
      49,    34,    51,   104,   104,   251,    39,   105,   104,    42,
     374,   104,    45,   103,    47,   261,    49,    50,    51,    52,
      53,    76,    77,    78,    76,    77,    78,    76,    77,    78,
      76,    77,    78,   311,     3,     4,     5,     6,     7,     8,
     286,   287,     9,   327,    11,   103,    10,   293,   470,   294,
     328,    11,   327,   105,   103,    76,    77,    78,   294,    72,
       9,   483,   484,    61,   343,    63,    64,   313,   314,   315,
     316,    70,     9,   495,    11,    20,    94,    20,   104,   104,
     326,   436,   103,   329,   330,    63,   508,   509,    72,   103,
      10,    89,    90,    11,    23,    94,    11,    95,    96,    78,
     522,    99,   100,   101,   102,   104,   384,   106,   386,   104,
     107,   347,    90,   359,   107,   148,   107,    95,    96,   107,
     398,    99,   100,   101,   102,   107,    18,    20,   374,   106,
     104,   409,    76,    77,    78,   103,   169,    76,    77,    78,
     173,   174,   175,   176,   177,   178,   179,   180,   181,   182,
     183,   184,   185,   186,   187,    23,   104,   436,    23,   405,
      10,   105,    10,    10,   103,   411,    19,    20,    21,    10,
      23,    24,    76,    77,    78,    76,    77,    78,    10,   103,
     435,    63,    64,   440,    20,   104,   443,    40,    41,   103,
     447,   448,   103,    46,   103,   441,   442,   103,   105,   454,
     103,   105,    55,    56,   105,   460,   463,   464,    90,    61,
      62,    63,    64,    95,    96,   103,   473,    99,   100,   101,
     102,    23,    76,    77,    78,   471,   472,   103,   103,   486,
     485,     9,    12,   490,   491,    87,    88,    89,    90,    92,
     476,    10,   103,    95,    96,   105,     9,    99,   100,   101,
     102,   105,    74,   104,   511,     9,   105,   103,   513,   103,
     103,   507,   104,   103,     0,    63,    64,   105,    73,   524,
     527,    19,   103,     9,   103,    11,    12,   130,    12,   536,
     314,   102,    61,    62,    63,    64,   471,    76,    77,    78,
     528,    89,    90,   221,   147,   148,    33,    95,    96,   100,
     408,    99,   100,   101,   102,   327,    42,    43,    44,    45,
      89,    90,   253,    49,   103,    51,    95,    96,    54,   450,
      99,   100,   101,   102,   148,    61,    62,    63,    64,    -1,
     363,     0,    76,    77,    78,    76,    77,    78,   211,   192,
      76,    77,    78,    12,    80,    81,    82,    83,    84,    85,
      86,    87,    88,    89,    90,    76,    77,    78,   211,    95,
      96,   105,   103,    99,   100,   101,   102,   103,    -1,   105,
      -1,    -1,   108,    42,    43,    44,    45,    76,    77,    78,
      49,    -1,    51,    -1,   105,    54,    -1,    -1,    -1,    -1,
      -1,    -1,    61,    62,    63,    64,    76,    77,    78,    -1,
      -1,    76,    77,    78,   103,    -1,    -1,    76,    77,    78,
      -1,    80,    81,    82,    83,    84,    85,    86,    87,    88,
      89,    90,    -1,   103,    -1,    -1,    95,    96,   103,    -1,
      99,   100,   101,   102,   103,    -1,   105,    -1,    -1,   108,
      -1,   294,    -1,    -1,    -1,    -1,    76,    77,    78,    -1,
      -1,    -1,    -1,    95,    96,     0,     1,    99,   100,   101,
     102,    -1,    -1,    -1,     9,   318,    11,    -1,    13,    14,
      15,    16,    17,   103,   327,    20,    21,    22,    23,    24,
      -1,    26,    27,    28,    29,    30,    31,    32,    33,    34,
      35,    36,    37,    38,    39,    40,    41,    42,    43,    44,
      45,    -1,    -1,    -1,    49,    50,    51,    52,    53,    -1,
      55,    56,    57,    58,    59,    60,    -1,    -1,    -1,    -1,
      65,    66,    67,    68,    69,    70,    71,    90,    -1,    -1,
      -1,    -1,    95,    96,    79,    -1,    99,   100,   101,   102,
      -1,    -1,    -1,    -1,    -1,    -1,    91,    92,    -1,    94,
      -1,    -1,    97,    98,     0,     1,    -1,    -1,    -1,   104,
     105,   106,   107,     9,    -1,    11,    -1,    13,    14,    15,
      16,    17,    -1,    -1,    20,    21,    22,    23,    24,    -1,
      26,    27,    28,    29,    30,    31,    32,    33,    34,    35,
      36,    37,    38,    39,    40,    41,    42,    43,    44,    45,
      -1,    -1,    -1,    49,    50,    51,    52,    53,    -1,    55,
      56,    57,    58,    59,    60,    -1,    -1,    -1,    -1,    65,
      66,    67,    68,    69,    70,    71,    -1,    -1,    -1,    -1,
      -1,    -1,    -1,    79,    -1,    -1,    -1,    -1,    -1,    -1,
      -1,    -1,    -1,    -1,    -1,    91,    92,    -1,    94,    -1,
      -1,    97,    98,    -1,     1,    -1,    -1,    -1,   104,   105,
     106,   107,     9,    10,    11,    -1,    13,    14,    15,    16,
      17,    -1,    -1,    20,    21,    22,    23,    24,    -1,    26,
      27,    28,    29,    30,    31,    32,    33,    34,    35,    36,
      37,    38,    39,    40,    41,    42,    43,    44,    45,    -1,
      -1,    -1,    49,    50,    51,    52,    53,    -1,    55,    56,
      57,    58,    59,    60,    -1,    -1,    -1,    -1,    65,    66,
      67,    68,    69,    70,    71,    -1,    -1,    -1,    -1,    -1,
      -1,    -1,    79,    -1,    -1,    -1,    -1,    -1,    -1,    -1,
      -1,    -1,    -1,    -1,    91,    92,    -1,    94,    -1,    -1,
      97,    98,    -1,     1,    -1,    -1,    -1,   104,   105,   106,
     107,     9,    10,    11,    -1,    13,    14,    15,    16,    17,
      -1,    -1,    20,    21,    22,    23,    24,    -1,    26,    27,
      28,    29,    30,    31,    32,    33,    34,    35,    36,    37,
      38,    39,    40,    41,    42,    43,    44,    45,    -1,    -1,
      -1,    49,    50,    51,    52,    53,    -1,    55,    56,    57,
      58,    59,    60,    -1,    -1,    -1,    -1,    65,    66,    67,
      68,    69,    70,    71,    -1,    -1,    -1,    -1,    -1,    -1,
      -1,    79,    -1,    -1,    -1,    -1,    -1,    -1,    -1,    -1,
      -1,    -1,    -1,    91,    92,    -1,    94,    -1,    -1,    97,
      98,    -1,     1,    -1,    -1,    -1,   104,   105,   106,   107,
       9,    10,    11,    -1,    13,    14,    15,    16,    17,    -1,
      -1,    20,    21,    22,    23,    24,    -1,    26,    27,    28,
      29,    30,    31,    32,    33,    34,    35,    36,    37,    38,
      39,    40,    41,    42,    43,    44,    45,    -1,    -1,    -1,
      49,    50,    51,    52,    53,    -1,    55,    56,    57,    58,
      59,    60,    -1,    -1,    -1,    -1,    65,    66,    67,    68,
      69,    70,    71,    -1,    -1,    -1,    -1,    -1,    -1,    -1,
      79,    -1,    -1,    -1,    -1,    -1,    -1,    -1,    -1,    -1,
      -1,    -1,    91,    92,    -1,    94,    -1,    -1,    97,    98,
      -1,     1,    -1,    -1,    -1,   104,   105,   106,   107,     9,
      10,    11,    -1,    13,    14,    15,    16,    17,    -1,    -1,
      20,    21,    22,    23,    24,    -1,    26,    27,    28,    29,
      30,    31,    32,    33,    34,    35,    36,    37,    38,    39,
      40,    41,    42,    43,    44,    45,    -1,    -1,    -1,    49,
      50,    51,    52,    53,    -1,    55,    56,    57,    58,    59,
      60,    -1,    -1,    -1,    -1,    65,    66,    67,    68,    69,
      70,    71,    -1,    -1,    -1,    -1,    -1,    -1,    -1,    79,
      -1,    -1,    -1,    -1,    -1,    -1,    -1,    -1,    -1,    -1,
      -1,    91,    92,    -1,    94,    -1,    -1,    97,    98,    -1,
       1,    -1,    -1,    -1,   104,   105,   106,   107,     9,    10,
      11,    -1,    13,    14,    15,    16,    17,    -1,    -1,    20,
      21,    22,    23,    24,    -1,    26,    27,    28,    29,    30,
      31,    32,    33,    34,    35,    36,    37,    38,    39,    40,
      41,    42,    43,    44,    45,    -1,    -1,    -1,    49,    50,
      51,    52,    53,    -1,    55,    56,    57,    58,    59,    60,
      -1,    -1,    -1,    -1,    65,    66,    67,    68,    69,    70,
      71,    -1,    -1,    -1,    -1,    -1,    -1,    -1,    79,    -1,
      -1,    -1,    -1,    -1,    -1,    -1,    -1,    -1,    -1,    -1,
      91,    92,    -1,    94,    -1,    -1,    97,    98,    -1,     1,
      -1,    -1,    -1,   104,   105,   106,   107,     9,    10,    11,
      -1,    13,    14,    15,    16,    17,    -1,    -1,    20,    21,
      22,    23,    24,    -1,    26,    27,    28,    29,    30,    31,
      32,    33,    34,    35,    36,    37,    38,    39,    40,    41,
      42,    43,    44,    45,    -1,    -1,    -1,    49,    50,    51,
      52,    53,    -1,    55,    56,    57,    58,    59,    60,    -1,
      -1,    -1,    -1,    65,    66,    67,    68,    69,    70,    71,
      -1,    -1,    -1,    -1,    -1,    -1,    -1,    79,    -1,    -1,
      -1,    -1,    -1,    -1,    -1,    -1,    -1,    -1,    -1,    91,
      92,    -1,    94,    -1,    -1,    97,    98,    -1,     1,    -1,
      -1,    -1,   104,   105,   106,   107,     9,    -1,    11,    -1,
      13,    14,    15,    16,    17,    -1,    -1,    20,    21,    22,
      23,    24,    -1,    26,    27,    28,    29,    30,    31,    32,
      33,    34,    35,    36,    37,    38,    39,    40,    41,    42,
      43,    44,    45,    -1,    -1,    -1,    49,    50,    51,    52,
      53,    -1,    55,    56,    57,    58,    59,    60,    -1,    -1,
      -1,    -1,    65,    66,    67,    68,    69,    70,    71,    -1,
      -1,    74,    -1,    -1,    -1,    -1,    79,    -1,    -1,    -1,
      -1,    -1,    -1,    -1,    -1,    -1,    -1,    -1,    91,    92,
      -1,    94,    -1,    -1,    97,    98,    -1,     1,    -1,    -1,
      -1,   104,   105,   106,   107,     9,    -1,    11,    -1,    13,
      14,    15,    16,    17,    -1,    -1,    20,    21,    22,    23,
      24,    -1,    26,    27,    28,    29,    30,    31,    32,    33,
      34,    35,    36,    37,    38,    39,    40,    41,    42,    43,
      44,    45,    -1,    -1,    -1,    49,    50,    51,    52,    53,
      -1,    55,    56,    57,    58,    59,    60,    -1,    -1,    -1,
      -1,    65,    66,    67,    68,    69,    70,    71,    -1,    -1,
      -1,    -1,    -1,    -1,    -1,    79,    -1,    -1,    -1,    -1,
      -1,    -1,    -1,    -1,    -1,    -1,    -1,    91,    92,    -1,
      94,    -1,    -1,    97,    98,    -1,     1,    -1,    -1,    -1,
     104,   105,   106,   107,     9,    -1,    11,    -1,    13,    14,
      15,    16,    17,    -1,    -1,    20,    21,    22,    23,    24,
      -1,    26,    27,    28,    29,    30,    31,    32,    -1,    34,
      35,    36,    37,    38,    39,    40,    41,    42,    43,    44,
      45,    -1,    -1,    -1,    49,    50,    51,    52,    53,    -1,
      55,    56,    57,    58,    59,    60,    -1,    -1,    -1,    -1,
      65,    66,    67,    68,    69,    70,    71,    -1,    -1,    -1,
      -1,    -1,    -1,    -1,    79,    -1,    -1,    -1,    -1,    -1,
      -1,    -1,    -1,    -1,    -1,    -1,    91,    92,    -1,    94,
      -1,    -1,    97,    98,     1,    -1,    -1,    -1,    -1,   104,
     105,   106,   107,    -1,    11,    -1,    13,    14,    15,    16,
      17,    -1,    -1,    20,    21,    22,    23,    24,    -1,    26,
      27,    28,    29,    30,    31,    -1,    -1,    -1,    -1,    -1,
      -1,    38,    -1,    -1,    -1,    54,    -1,    -1,    -1,    -1,
      -1,    -1,    61,    62,    63,    64,    53,    -1,    55,    56,
      57,    58,    59,    60,    -1,    -1,    -1,    -1,    65,    66,
      67,    68,    69,    70,    71,    84,    85,    86,    87,    88,
      89,    90,    79,    -1,    -1,    -1,    95,    96,    -1,    -1,
      99,   100,   101,   102,    91,    92,    -1,    94,    -1,    -1,
      97,    98,     1,    -1,    -1,    -1,    -1,   104,   105,   106,
     107,    -1,    11,    -1,    13,    14,    15,    16,    17,    -1,
      -1,    20,    21,    22,    23,    24,    -1,    26,    27,    28,
      29,    30,    31,    -1,    -1,    -1,    -1,    -1,    -1,    38,
      -1,    -1,    -1,    -1,    -1,    -1,    -1,    -1,    61,    62,
      63,    64,    -1,    -1,    53,    -1,    55,    56,    57,    58,
      59,    60,    -1,    -1,    -1,    -1,    65,    66,    67,    68,
      69,    70,    71,    86,    87,    88,    89,    90,    -1,    -1,
      79,    -1,    95,    96,    -1,    -1,    99,   100,   101,   102,
      -1,    -1,    91,    92,    -1,    94,    -1,    -1,    97,    98,
      -1,    -1,    -1,    -1,   103,   104,    -1,   106,   107,     9,
      -1,    11,    -1,    13,    14,    15,    16,    17,    -1,    -1,
      20,    21,    22,    23,    24,    25,    26,    27,    28,    29,
      30,    31,    -1,    -1,    -1,    -1,    -1,    -1,    38,    -1,
      -1,    -1,    -1,    -1,    -1,    -1,    61,    62,    63,    64,
      -1,    -1,    -1,    53,    -1,    55,    56,    57,    58,    59,
      60,    -1,    -1,    -1,    -1,    65,    66,    67,    68,    69,
      70,    71,    -1,    88,    89,    90,    -1,    -1,    -1,    79,
      95,    96,    -1,    -1,    99,   100,   101,   102,    -1,    -1,
      -1,    91,    92,    -1,    94,    -1,    -1,    97,    98,    -1,
      -1,    -1,    -1,    -1,   104,    -1,   106,   107,     9,    -1,
      11,    -1,    13,    14,    15,    16,    17,    -1,    -1,    20,
      21,    22,    23,    24,    -1,    26,    27,    28,    29,    30,
      31,    -1,    -1,    -1,    -1,    -1,    -1,    38,    -1,    -1,
      -1,    -1,    -1,    -1,    -1,    61,    62,    63,    64,    -1,
      -1,    -1,    53,    -1,    55,    56,    57,    58,    59,    60,
      -1,    -1,    -1,    -1,    65,    66,    67,    68,    69,    70,
      71,    -1,    -1,    89,    90,    -1,    -1,    -1,    79,    95,
      96,    -1,    -1,    99,   100,   101,   102,    -1,    -1,    -1,
      91,    92,    -1,    94,    -1,    -1,    97,    98,    -1,    -1,
      -1,    -1,    -1,   104,    -1,   106,   107,    11,    12,    13,
      14,    15,    16,    17,    -1,    -1,    20,    21,    22,    23,
      24,    -1,    26,    27,    28,    29,    30,    31,    -1,    -1,
      -1,    -1,    -1,    -1,    38,    42,    43,    44,    45,    -1,
      -1,    -1,    49,    -1,    51,    -1,    -1,    -1,    -1,    53,
      -1,    55,    56,    57,    58,    59,    60,    -1,    -1,    -1,
      -1,    65,    66,    67,    68,    69,    70,    71,    -1,    76,
      77,    78,    -1,    -1,    -1,    79,    -1,    -1,    -1,    -1,
      -1,    -1,    -1,    -1,    -1,    -1,    -1,    91,    92,    -1,
      94,    -1,    -1,    97,    98,    -1,    -1,    -1,    -1,    -1,
     104,    -1,   106,   107,    11,    -1,    13,    14,    15,    16,
      17,    -1,    -1,    20,    21,    22,    23,    24,    -1,    26,
      27,    28,    29,    30,    31,    -1,    -1,    -1,    -1,    -1,
      -1,    38,    -1,    -1,    -1,    -1,    -1,    -1,    -1,    -1,
      -1,    -1,    -1,    -1,    -1,    -1,    53,    -1,    55,    56,
      57,    58,    59,    60,    -1,    -1,    -1,    -1,    65,    66,
      67,    68,    69,    70,    71,    -1,    -1,    -1,    -1,    -1,
      -1,    -1,    79,    -1,    -1,    -1,    -1,    -1,    -1,    -1,
      -1,    -1,    -1,    -1,    91,    92,    -1,    94,    -1,    -1,
      97,    98,    -1,    -1,    -1,    -1,    -1,   104,   105,   106,
     107,    11,    -1,    13,    14,    15,    16,    17,    -1,    -1,
      20,    21,    22,    23,    24,    -1,    26,    27,    28,    29,
      30,    31,    -1,    -1,    -1,    -1,    -1,    -1,    38,    -1,
      -1,    -1,    -1,    -1,    -1,    -1,    -1,    -1,    -1,    -1,
      -1,    -1,    -1,    53,    -1,    55,    56,    57,    58,    59,
      60,    -1,    -1,    -1,    -1,    65,    66,    67,    68,    69,
      70,    71,    -1,    -1,    -1,    -1,    -1,    -1,    -1,    79,
      -1,    -1,    -1,    -1,    -1,    -1,    -1,    -1,    -1,    -1,
      -1,    91,    92,    -1,    94,    -1,    -1,    97,    98,    -1,
      -1,    -1,    -1,   103,   104,    -1,   106,   107,    11,    -1,
      13,    14,    15,    16,    17,    -1,    -1,    20,    21,    22,
      23,    24,    -1,    26,    27,    28,    29,    30,    31,    -1,
      -1,    -1,    -1,    -1,    -1,    38,    -1,    -1,    -1,    -1,
      -1,    -1,    -1,    -1,    -1,    -1,    -1,    -1,    -1,    -1,
      53,    -1,    55,    56,    57,    58,    59,    60,    -1,    -1,
      -1,    -1,    65,    66,    67,    68,    69,    70,    71,    -1,
      -1,    -1,    -1,    -1,    -1,    -1,    79,    -1,    -1,    -1,
      -1,    -1,    -1,    -1,    -1,    -1,    -1,    -1,    91,    92,
      -1,    94,    -1,    -1,    97,    98,    -1,    -1,    -1,    -1,
     103,   104,    -1,   106,   107,    11,    -1,    13,    14,    15,
      16,    17,    -1,    -1,    20,    21,    22,    23,    24,    -1,
      26,    27,    28,    29,    30,    31,    -1,    -1,    -1,    -1,
      -1,    -1,    38,    -1,    -1,    -1,    -1,    -1,    -1,    -1,
      -1,    -1,    -1,    -1,    -1,    -1,    -1,    53,    -1,    55,
      56,    57,    58,    59,    60,    -1,    -1,    -1,    -1,    65,
      66,    67,    68,    69,    70,    71,    -1,    -1,    -1,    -1,
      -1,    -1,    -1,    79,    -1,    -1,    -1,    -1,    -1,    -1,
      -1,    -1,    -1,    -1,    -1,    91,    92,    -1,    94,    -1,
      -1,    97,    98,    -1,    -1,    -1,    -1,   103,   104,    -1,
     106,   107,    11,    -1,    13,    14,    15,    16,    17,    -1,
      -1,    20,    21,    22,    23,    24,    -1,    26,    27,    28,
      29,    30,    31,    -1,    -1,    -1,    -1,    -1,    -1,    38,
      -1,    -1,    -1,    -1,    -1,    -1,    -1,    -1,    -1,    -1,
      -1,    -1,    -1,    -1,    53,    -1,    55,    56,    57,    58,
      59,    60,    -1,    -1,    -1,    -1,    65,    66,    67,    68,
      69,    70,    71,    -1,    -1,    -1,    -1,    -1,    -1,    -1,
      79,    -1,    -1,    -1,    -1,    -1,    -1,    -1,    -1,    -1,
      -1,    -1,    91,    92,    -1,    94,    -1,    -1,    97,    98,
      -1,    -1,    -1,    -1,   103,   104,    -1,   106,   107,    11,
      -1,    13,    14,    15,    16,    17,    -1,    -1,    20,    21,
      22,    23,    24,    -1,    26,    27,    28,    29,    30,    31,
      -1,    -1,    -1,    -1,    -1,    -1,    38,    -1,    -1,    -1,
      -1,    -1,    -1,    -1,    -1,    -1,    -1,    -1,    -1,    -1,
      -1,    53,    -1,    55,    56,    57,    58,    59,    60,    -1,
      -1,    -1,    -1,    65,    66,    67,    68,    69,    70,    71,
      -1,    -1,    -1,    -1,    -1,    -1,    -1,    79,    -1,    -1,
      -1,    -1,    -1,    -1,    -1,    -1,    -1,    -1,    -1,    91,
      92,    -1,    94,    -1,    -1,    97,    98,    -1,    -1,    -1,
      -1,   103,   104,    -1,   106,   107,    11,    -1,    13,    14,
      15,    16,    17,    -1,    -1,    20,    21,    22,    23,    24,
      -1,    26,    27,    28,    29,    30,    31,    -1,    -1,    -1,
      -1,    -1,    -1,    38,    -1,    -1,    -1,    -1,    -1,    -1,
      -1,    -1,    -1,    -1,    -1,    -1,    -1,    -1,    53,    -1,
      55,    56,    57,    58,    59,    60,    -1,    -1,    -1,    -1,
      65,    66,    67,    68,    69,    70,    71,    -1,    -1,    -1,
      -1,    -1,    -1,    -1,    79,    -1,    -1,    -1,    -1,    -1,
      -1,    -1,    -1,    -1,    -1,    -1,    91,    92,    -1,    94,
      -1,    -1,    97,    98,    -1,    -1,    -1,    -1,   103,   104,
      -1,   106,   107,    11,    -1,    13,    14,    15,    16,    17,
      -1,    -1,    20,    21,    22,    23,    24,    -1,    26,    27,
      28,    29,    30,    31,    -1,    -1,    -1,    -1,    -1,    -1,
      38,    -1,    -1,    -1,    -1,    -1,    -1,    -1,    -1,    -1,
      -1,    -1,    -1,    -1,    -1,    53,    -1,    55,    56,    57,
      58,    59,    60,    -1,    -1,    -1,    -1,    65,    66,    67,
      68,    69,    70,    71,    -1,    -1,    -1,    -1,    -1,    -1,
      -1,    79,    -1,    -1,    -1,    -1,    -1,    -1,    -1,    -1,
      -1,    -1,    -1,    91,    92,    -1,    94,    -1,    -1,    97,
      98,    -1,    -1,    -1,    -1,   103,   104,    -1,   106,   107,
      11,    -1,    13,    14,    15,    16,    17,    -1,    -1,    20,
      21,    22,    23,    24,    -1,    26,    27,    28,    29,    30,
      31,    -1,    -1,    -1,    -1,    -1,    -1,    38,    -1,    -1,
      -1,    -1,    -1,    -1,    -1,    -1,    -1,    -1,    -1,    -1,
      -1,    -1,    53,    -1,    55,    56,    57,    58,    59,    60,
      -1,    -1,    -1,    -1,    65,    66,    67,    68,    69,    70,
      71,    -1,    -1,    -1,    -1,    -1,    -1,    -1,    79,    -1,
      -1,    -1,    -1,    -1,    -1,    -1,    -1,    -1,    -1,    -1,
      91,    92,    -1,    94,    -1,    -1,    97,    98,    -1,    -1,
      -1,    -1,    -1,   104,    -1,   106,   107,    11,    -1,    13,
      14,    15,    16,    17,    -1,    -1,    20,    21,    22,    23,
      24,    -1,    26,    27,    28,    29,    30,    31,    -1,    -1,
      -1,    -1,    -1,    -1,    38,    -1,    -1,    -1,    -1,    -1,
      -1,    -1,    -1,    -1,    -1,    -1,    -1,    -1,    -1,    53,
      -1,    55,    56,    57,    58,    59,    60,    -1,    -1,    -1,
      -1,    65,    66,    67,    68,    69,    70,    71,    -1,    -1,
      -1,    -1,    -1,    -1,    -1,    79,    -1,    -1,    -1,    -1,
      -1,    -1,    -1,    -1,    -1,    -1,    -1,    91,    92,    54,
      94,    -1,    -1,    97,    98,    -1,    61,    62,    63,    64,
     104,    -1,   106,   107,    -1,    -1,    -1,    -1,    -1,    -1,
      -1,    -1,    -1,    -1,    -1,    -1,    81,    82,    83,    84,
      85,    86,    87,    88,    89,    90,    -1,    -1,    -1,    -1,
      95,    96,    54,    -1,    99,   100,   101,   102,    -1,    61,
      62,    63,    64,    -1,    -1,    -1,    -1,    -1,    -1,    -1,
      -1,    -1,    -1,    -1,    -1,    -1,    -1,    -1,    -1,    81,
      82,    -1,    84,    85,    86,    87,    88,    89,    90,    -1,
      -1,    -1,    -1,    95,    96,    54,    -1,    99,   100,   101,
     102,    -1,    61,    62,    63,    64,    -1,    -1,    -1,    -1,
      -1,    -1,    -1,    -1,    -1,    -1,    -1,    -1,    -1,    -1,
      -1,    -1,    -1,    82,    -1,    84,    85,    86,    87,    88,
      89,    90,    -1,    -1,    -1,    -1,    95,    96,    -1,    -1,
      99,   100,   101,   102
};

  /* YYSTOS[STATE-NUM] -- The (internal number of the) accessing
     symbol of state STATE-NUM.  */
static const yytype_uint8 yystos[] =
{
       0,     3,     4,     5,     6,     7,     8,   110,   111,   112,
     113,   114,   115,   116,     0,   119,    11,    13,    14,    15,
      16,    17,    20,    21,    22,    23,    24,    26,    27,    28,
      29,    30,    31,    38,    53,    55,    56,    57,    58,    59,
      60,    65,    66,    67,    68,    69,    70,    71,    79,    91,
      92,    94,    97,    98,   104,   106,   107,   158,   159,   160,
     163,   164,   165,   166,   167,   168,   170,   173,   179,   180,
     181,   183,   184,   185,   186,   187,   188,     9,   117,     1,
      32,    34,    35,    36,    37,    39,    40,    41,    42,    43,
      44,    45,    49,    50,    51,    52,   105,   117,   126,   137,
     147,   158,    33,   124,   125,   126,   122,   122,    12,   158,
     168,   168,    20,    25,   117,   180,   189,   189,   189,   189,
     189,   169,    11,   104,   168,   149,   149,   168,   104,   104,
     104,   117,   168,    20,   159,   172,   180,   189,   189,   117,
     168,   105,   158,    20,    25,   151,   168,    15,    94,   104,
     171,   180,   181,   182,   183,   168,   159,   168,   168,   168,
     168,   168,   103,   158,   189,   189,    76,    77,    78,    80,
       9,    11,   104,    54,    61,    62,    63,    64,    81,    82,
      84,    85,    86,    87,    88,    89,    90,    95,    96,    99,
     100,   101,   102,   104,     9,    11,     9,    11,     9,    11,
       9,   119,   150,    20,    20,   148,   104,   104,   104,   104,
      70,    94,   104,   178,   180,   104,   104,   117,    48,   139,
     105,   151,    42,    43,    44,    45,    49,    51,   125,   126,
     124,    12,   172,   104,   104,   158,   103,   117,    23,   119,
     152,   103,   103,   158,   173,   189,   159,    10,   105,   172,
      25,   104,   168,   171,   180,   181,   183,   103,   158,    72,
     154,    11,   103,   158,   158,   158,   168,   158,   158,   103,
     158,   168,   168,   168,   168,   168,   168,   168,   168,   168,
     168,   168,   168,   168,   168,   168,     9,    11,    15,    16,
      17,    21,    65,   104,   106,   107,   162,   180,   103,   158,
     158,   158,   158,   158,   158,   158,   158,   122,    20,   146,
      20,     9,   129,   119,   119,   119,   119,    94,   119,    70,
     176,   177,   179,   180,   181,   183,   119,   119,   104,   119,
     119,   117,   148,   158,   143,   158,   158,   158,   158,   158,
     173,   159,    12,   161,   104,   155,    72,   153,   103,   103,
     158,    10,    11,   103,   158,   154,   103,    23,   158,    11,
     105,    12,   103,    83,   158,   158,   107,   107,   107,   107,
     103,   158,   107,   107,   104,   103,   105,    12,   105,    12,
     105,    12,   105,    10,    18,   118,     9,   105,   119,    20,
     142,   158,   143,   144,   158,   144,   175,   180,   104,   137,
     141,   144,   145,   158,   176,   119,   144,   144,   127,   128,
     103,   108,   174,   172,   156,   153,    23,   117,   103,    23,
     103,    12,   158,    10,   168,   105,    12,   103,   173,    10,
      10,    10,    10,   119,   119,   134,    20,   103,   103,   103,
     103,   104,   119,   103,   105,   132,   144,   103,   103,   152,
     119,   158,   103,   103,     9,    12,    12,    10,   103,   105,
     133,   122,   172,   140,   140,     9,   120,   120,   144,   144,
     120,   130,   104,   103,   120,   120,   153,   155,   122,    74,
     122,    10,   105,   120,   120,   121,    46,    47,   138,   138,
     103,   103,   139,   142,   144,   120,   105,   117,   157,   153,
      10,   123,    10,   139,   139,   122,   120,   104,   120,   120,
     105,   103,   139,     9,    23,   105,   135,    10,   144,   139,
     139,   131,   120,   122,    73,   136,    19,   103,   140,   139,
      10,   122,   120,   145,    74,   138,   103,   120
};

  /* YYR1[YYN] -- Symbol number of symbol that rule YYN derives.  */
static const yytype_uint8 yyr1[] =
{
       0,   109,   111,   110,   112,   110,   113,   110,   114,   110,
     115,   110,   116,   110,   117,   118,   119,   120,   121,   122,
     122,   123,   123,   124,   124,   125,   125,   126,   126,   127,
     126,   128,   126,   126,   129,   126,   126,   126,   126,   126,
     126,   126,   126,   130,   131,   126,   126,   126,   132,   126,
     126,   126,   126,   133,   126,   134,   126,   126,   126,   135,
     136,   136,   137,   137,   137,   137,   137,   137,   137,   137,
     138,   138,   138,   139,   139,   140,   141,   141,   142,   142,
     143,   144,   145,   146,   146,   147,   147,   147,   148,   149,
     150,   151,   151,   152,   152,   153,   153,   153,   154,   154,
     156,   155,   157,   157,   158,   158,   158,   158,   159,   159,
     159,   160,   160,   160,   160,   160,   160,   160,   160,   161,
     160,   162,   162,   163,   163,   163,   163,   163,   163,   163,
     163,   163,   163,   163,   163,   163,   163,   164,   164,   164,
     164,   164,   164,   164,   164,   164,   164,   164,   164,   164,
     164,   165,   165,   165,   165,   165,   165,   165,   165,   165,
     165,   166,   166,   166,   166,   166,   166,   167,   167,   168,
     168,   168,   168,   168,   168,   168,   168,   168,   168,   168,
     168,   168,   168,   168,   168,   168,   168,   168,   168,   168,
     168,   168,   168,   168,   168,   168,   168,   168,   168,   168,
     168,   168,   168,   168,   168,   168,   168,   168,   168,   168,
     168,   168,   168,   168,   168,   168,   168,   168,   169,   168,
     168,   168,   168,   168,   170,   170,   170,   171,   171,   171,
     171,   171,   171,   172,   172,   173,   173,   174,   174,   175,
     176,   176,   176,   177,   177,   178,   178,   179,   180,   181,
     182,   183,   184,   184,   185,   186,   186,   187,   187,   188,
     188,   189,   189,   189,   189
};

  /* YYR2[YYN] -- Number of symbols on the right hand side of rule YYN.  */
static const yytype_uint8 yyr2[] =
{
       0,     2,     0,     4,     0,     3,     0,     3,     0,     3,
       0,     3,     0,     3,     4,     7,     0,     4,     0,     0,
       2,     0,     2,     1,     1,     2,     2,     1,     4,     0,
       7,     0,    10,     4,     0,     7,     7,     7,     6,     6,
       2,     8,     8,     0,     0,    13,     9,     8,     0,    10,
       9,     7,     2,     0,     8,     0,     7,     2,     1,     2,
       0,     3,     1,     1,     3,     3,     3,     3,     3,     3,
       0,     2,     6,     0,     2,     0,     0,     1,     0,     1,
       1,     1,     1,     1,     0,     1,     1,     1,     0,     0,
       0,     1,     1,     0,     1,     0,     2,     1,     2,     1,
       0,     3,     1,     1,     3,     3,     3,     1,     2,     3,
       1,     3,     5,     6,     3,     3,     5,     2,     4,     0,
       5,     1,     1,     5,     4,     5,     4,     5,     6,     5,
       4,     5,     4,     3,     6,     4,     5,     3,     3,     3,
       3,     3,     3,     3,     3,     3,     3,     3,     3,     3,
       3,     2,     2,     2,     2,     2,     2,     2,     2,     2,
       2,     3,     2,     4,     3,     5,     8,     2,     2,     1,
       1,     1,     1,     5,     2,     3,     1,     2,     3,     1,
       2,     1,     1,     1,     1,     1,     1,     4,     4,     5,
       5,     1,     1,     3,     4,     3,     4,     4,     4,     4,
       4,     1,     2,     2,     1,     2,     2,     1,     2,     1,
       2,     1,     3,     1,     3,     1,     3,     4,     0,     6,
       1,     1,     1,     1,     3,     2,     4,     3,     2,     1,
       1,     1,     1,     0,     1,     0,     1,     0,     2,     1,
       1,     1,     1,     1,     1,     2,     2,     2,     2,     2,
       5,     2,     2,     4,     2,     1,     3,     1,     3,     1,
       3,     1,     1,     1,     1
};

typedef enum {
	toketype_ival, toketype_opval, toketype_pval
} toketypes;

/* type of each token/terminal */
static const toketypes yy_type_tab[] =
{
  toketype_ival, toketype_ival, toketype_ival, toketype_ival, toketype_ival, toketype_ival,
  toketype_ival, toketype_ival, toketype_ival, toketype_ival, toketype_ival, toketype_ival,
  toketype_ival, toketype_ival, toketype_ival, toketype_ival, toketype_ival, toketype_ival, toketype_ival, toketype_ival, toketype_opval,
  toketype_opval, toketype_opval, toketype_opval, toketype_opval, toketype_opval, toketype_opval,
  toketype_opval, toketype_opval, toketype_opval, toketype_opval, toketype_opval, toketype_opval,
  toketype_pval, toketype_ival, toketype_ival, toketype_ival, toketype_ival, toketype_ival, toketype_ival,
  toketype_ival, toketype_ival, toketype_ival, toketype_ival, toketype_ival, toketype_ival, toketype_ival, toketype_ival,
  toketype_ival, toketype_ival, toketype_ival, toketype_ival, toketype_ival, toketype_ival, toketype_ival,
  toketype_ival, toketype_ival, toketype_ival, toketype_ival, toketype_ival, toketype_ival, toketype_ival, toketype_ival,
  toketype_ival, toketype_ival, toketype_ival, toketype_ival, toketype_ival, toketype_ival, toketype_ival, toketype_ival,
  toketype_ival, toketype_ival, toketype_ival, toketype_ival, toketype_ival, toketype_ival,
  toketype_ival, toketype_ival, toketype_ival, toketype_ival, toketype_ival, toketype_ival, toketype_ival, toketype_ival,
  toketype_ival, toketype_ival, toketype_ival, toketype_ival, toketype_ival, toketype_ival, toketype_ival,
  toketype_ival, toketype_ival, toketype_ival, toketype_ival, toketype_ival, toketype_ival, toketype_ival,
  toketype_ival, toketype_ival, toketype_ival, toketype_ival, toketype_ival, toketype_ival, toketype_ival, toketype_ival,
  toketype_ival, toketype_ival, toketype_ival, toketype_ival, toketype_ival, toketype_ival, toketype_ival, toketype_ival, toketype_ival,
  toketype_ival, toketype_opval, toketype_opval, toketype_ival, toketype_opval, toketype_ival,
  toketype_opval, toketype_opval, toketype_opval, toketype_opval, toketype_opval, toketype_ival,
  toketype_ival, toketype_ival, toketype_ival, toketype_ival, toketype_ival, toketype_ival, toketype_ival, toketype_opval,
  toketype_opval, toketype_opval, toketype_opval, toketype_opval, toketype_ival, toketype_opval, toketype_opval, toketype_opval,
  toketype_opval, toketype_opval, toketype_opval, toketype_ival, toketype_ival, toketype_ival,
  toketype_ival, toketype_opval, toketype_opval, toketype_opval, toketype_opval,
  toketype_opval, toketype_ival, toketype_opval, toketype_opval, toketype_opval, toketype_opval, toketype_ival,
  toketype_opval, toketype_opval, toketype_opval, toketype_opval, toketype_opval, toketype_opval,
  toketype_opval, toketype_ival, toketype_opval, toketype_opval, toketype_opval, toketype_opval,
  toketype_opval, toketype_opval, toketype_opval, toketype_opval, toketype_ival, toketype_opval,
  toketype_opval, toketype_opval, toketype_opval, toketype_opval, toketype_opval, toketype_opval, toketype_opval,
  toketype_opval, toketype_opval, toketype_opval
};

/* Generated from:
<<<<<<<
 * 64f312f83411dc1dd000bcef429a5d975ebac0c92591a435a35cd84f82dad825 perly.y
=======
 * 9d342d9484d676c453d1edc12bfa891d10619577ed3acdb8fa8091abe12bf9c9 perly.y
>>>>>>>
 * d75acf04e5e050e9d0de13999b5b46a13f176dcf9f75c07acf51e913fc41db9a regen_perly.pl
 * ex: set ro: */
