/* ex: set ro ft=c: -*- buffer-read-only: t -*-
   !!!!!!!   DO NOT EDIT THIS FILE   !!!!!!!
   This file is built by regen_perly.pl from perly.y.
   Any changes made here will be lost!
 */

#define YYFINAL  14
/* YYLAST -- Last index in YYTABLE.  */
#define YYLAST   3120

/* YYNTOKENS -- Number of terminals.  */
#define YYNTOKENS  106
/* YYNNTS -- Number of nonterminals.  */
#define YYNNTS  80
/* YYNRULES -- Number of rules.  */
#define YYNRULES  262
/* YYNSTATES -- Number of states.  */
#define YYNSTATES  542

/* YYTRANSLATE[YYX] -- Symbol number corresponding to YYX as returned
   by yylex, with out-of-bounds checking.  */
#define YYUNDEFTOK  2
#define YYMAXUTOK   338

#define YYTRANSLATE(YYX)                                                \
  ((unsigned int) (YYX) <= YYMAXUTOK ? yytranslate[YYX] : YYUNDEFTOK)

/* YYTRANSLATE[TOKEN-NUM] -- Symbol number corresponding to TOKEN-NUM
   as returned by yylex, without out-of-bounds checking.  */
static const yytype_uint8 yytranslate[] =
{
       0,     2,     2,     2,     2,     2,     2,     2,     2,     2,
       2,     2,     2,     2,     2,     2,     2,     2,     2,     2,
       2,     2,     2,     2,     2,     2,     2,     2,     2,     2,
       2,     2,     2,    88,     2,     2,   103,    16,    17,     2,
     101,   100,   104,    14,    77,    13,    19,   105,     2,     2,
       2,     2,     2,     2,     2,     2,     2,     2,    80,   102,
       2,    18,     2,    79,    15,     2,     2,     2,     2,     2,
       2,     2,     2,     2,     2,     2,     2,     2,     2,     2,
       2,     2,     2,     2,     2,     2,     2,     2,     2,     2,
       2,    11,     2,    12,     2,     2,     2,     2,     2,     2,
       2,     2,     2,     2,     2,     2,     2,     2,     2,     2,
       2,     2,     2,     2,     2,     2,     2,     2,     2,     2,
       2,     2,     2,     9,     2,    10,    89,     2,     2,     2,
       2,     2,     2,     2,     2,     2,     2,     2,     2,     2,
       2,     2,     2,     2,     2,     2,     2,     2,     2,     2,
       2,     2,     2,     2,     2,     2,     2,     2,     2,     2,
       2,     2,     2,     2,     2,     2,     2,     2,     2,     2,
       2,     2,     2,     2,     2,     2,     2,     2,     2,     2,
       2,     2,     2,     2,     2,     2,     2,     2,     2,     2,
       2,     2,     2,     2,     2,     2,     2,     2,     2,     2,
       2,     2,     2,     2,     2,     2,     2,     2,     2,     2,
       2,     2,     2,     2,     2,     2,     2,     2,     2,     2,
       2,     2,     2,     2,     2,     2,     2,     2,     2,     2,
       2,     2,     2,     2,     2,     2,     2,     2,     2,     2,
       2,     2,     2,     2,     2,     2,     2,     2,     2,     2,
       2,     2,     2,     2,     2,     2,     1,     2,     3,     4,
       5,     6,     7,     8,    20,    21,    22,    23,    24,    25,
      26,    27,    28,    29,    30,    31,    32,    33,    34,    35,
      36,    37,    38,    39,    40,    41,    42,    43,    44,    45,
      46,    47,    48,    49,    50,    51,    52,    53,    54,    55,
      56,    57,    58,    59,    60,    61,    62,    63,    64,    65,
      66,    67,    68,    69,    70,    71,    72,    73,    74,    75,
      76,    78,    81,    82,    83,    84,    85,    86,    87,    90,
      91,    92,    93,    94,    95,    96,    97,    98,    99
};

#if YYDEBUG
  /* YYRLINE[YYN] -- Source line where rule number YYN was defined.  */
static const yytype_uint16 yyrline[] =
{
       0,   115,   115,   114,   125,   124,   134,   133,   146,   145,
     158,   157,   170,   169,   181,   189,   197,   201,   209,   215,
     216,   226,   227,   236,   240,   244,   248,   255,   257,   267,
     266,   299,   298,   340,   348,   347,   356,   362,   368,   379,
     381,   383,   390,   398,   400,   397,   417,   422,   429,   428,
     443,   451,   457,   464,   463,   478,   482,   490,   508,   509,
     514,   516,   518,   520,   522,   524,   526,   529,   535,   536,
     541,   552,   553,   559,   565,   566,   571,   574,   578,   583,
     587,   591,   592,   596,   602,   607,   612,   613,   618,   619,
     624,   625,   627,   632,   634,   640,   639,   658,   659,   663,
     665,   667,   669,   673,   675,   680,   684,   688,   692,   698,
     703,   709,   715,   717,   720,   719,   730,   731,   735,   739,
     742,   747,   752,   755,   759,   763,   766,   771,   775,   778,
     780,   782,   787,   789,   791,   796,   798,   800,   802,   804,
     806,   808,   810,   812,   814,   816,   821,   823,   826,   828,
     830,   833,   836,   847,   850,   853,   860,   862,   864,   866,
     868,   871,   890,   892,   896,   897,   898,   899,   900,   902,
     904,   906,   908,   910,   912,   914,   916,   918,   920,   922,
     924,   926,   928,   938,   948,   958,   968,   970,   972,   975,
     980,   984,   986,   988,   990,   993,   995,   998,  1000,  1002,
    1004,  1006,  1008,  1010,  1012,  1014,  1017,  1019,  1021,  1023,
    1025,  1027,  1031,  1034,  1033,  1046,  1047,  1048,  1053,  1057,
    1059,  1061,  1063,  1070,  1079,  1081,  1084,  1086,  1088,  1090,
    1095,  1097,  1102,  1103,  1108,  1109,  1115,  1119,  1120,  1121,
    1124,  1125,  1128,  1129,  1132,  1136,  1140,  1146,  1174,  1187,
    1193,  1195,  1199,  1203,  1204,  1208,  1209,  1213,  1214,  1219,
    1221,  1223,  1226
};
#endif

#if YYDEBUG || YYERROR_VERBOSE || 0
/* YYTNAME[SYMBOL-NUM] -- String name of the symbol SYMBOL-NUM.
   First, the terminals, then, starting at YYNTOKENS, nonterminals.  */
static const char *const yytname[] =
{
  "$end", "error", "$undefined", "GRAMPROG", "GRAMEXPR", "GRAMBLOCK",
  "GRAMBARESTMT", "GRAMFULLSTMT", "GRAMSTMTSEQ", "'{'", "'}'", "'['",
  "']'", "'-'", "'+'", "'@'", "'%'", "'&'", "'='", "'.'", "BAREWORD",
  "METHOD", "FUNCMETH", "THING", "PMFUNC", "PRIVATEREF", "QWLIST",
  "FUNC0OP", "FUNC0SUB", "UNIOPSUB", "LSTOPSUB", "PLUGEXPR", "PLUGSTMT",
  "LABEL", "FORMAT", "SUB", "ANONSUB", "PACKAGE", "USE", "WHILE", "UNTIL",
  "IF", "UNLESS", "ELSE", "ELSIF", "CONTINUE", "FOR", "GIVEN", "WHEN",
  "DEFAULT", "LOOPEX", "DOTDOT", "YADAYADA", "FUNC0", "FUNC1", "FUNC",
  "UNIOP", "LSTOP", "RELOP", "EQOP", "MULOP", "ADDOP", "DOLSHARP", "DO",
  "HASHBRACK", "NOAMP", "LOCAL", "MY", "REQUIRE", "COLONATTR",
  "FORMLBRACK", "FORMRBRACK", "PREC_LOW", "OROP", "DOROP", "ANDOP",
  "NOTOP", "','", "ASSIGNOP", "'?'", "':'", "OROR", "DORDOR", "ANDAND",
  "BITOROP", "BITANDOP", "SHIFTOP", "MATCHOP", "'!'", "'~'", "UMINUS",
  "REFGEN", "POWOP", "POWCOP", "PREINC", "PREDEC", "POSTINC", "POSTDEC",
  "POSTJOIN", "ARROW", "')'", "'('", "';'", "'$'", "'*'", "'/'", "$accept",
  "grammar", "$@1", "$@2", "$@3", "$@4", "$@5", "$@6", "block",
  "formblock", "remember", "mblock", "mremember", "stmtseq", "formstmtseq",
  "fullstmt", "labfullstmt", "barestmt", "$@7", "$@8", "$@9", "$@10",
  "$@11", "@12", "$@13", "formline", "formarg", "sideff", "else", "cont",
  "mintro", "nexpr", "texpr", "iexpr", "mexpr", "mnexpr", "formname",
  "startsub", "startanonsub", "startformsub", "subname", "proto",
  "subattrlist", "myattrlist", "subsignature", "@14", "optsubbody", "expr",
  "listexpr", "listop", "@15", "method", "subscripted", "termbinop",
  "termunop", "anonymous", "termdo", "term", "@16", "myattrterm", "myterm",
  "optlistexpr", "optexpr", "optrepl", "my_scalar", "my_var",
  "refgen_topic", "my_refgen", "amper", "scalar", "ary", "sizearydecl",
  "computedsizearydecl", "hsh", "arylen", "star", "sliceme", "kvslice",
  "gelem", "indirob", YY_NULLPTR
};
#endif

# ifdef YYPRINT
/* YYTOKNUM[NUM] -- (External) token number corresponding to the
   (internal) symbol number NUM (which must be that of a token).  */
static const yytype_uint16 yytoknum[] =
{
       0,   256,   257,   258,   259,   260,   261,   262,   263,   123,
     125,    91,    93,    45,    43,    64,    37,    38,    61,    46,
     264,   265,   266,   267,   268,   269,   270,   271,   272,   273,
     274,   275,   276,   277,   278,   279,   280,   281,   282,   283,
     284,   285,   286,   287,   288,   289,   290,   291,   292,   293,
     294,   295,   296,   297,   298,   299,   300,   301,   302,   303,
     304,   305,   306,   307,   308,   309,   310,   311,   312,   313,
     314,   315,   316,   317,   318,   319,   320,    44,   321,    63,
      58,   322,   323,   324,   325,   326,   327,   328,    33,   126,
     329,   330,   331,   332,   333,   334,   335,   336,   337,   338,
      41,    40,    59,    36,    42,    47
};
# endif

#define YYPACT_NINF -441

#define yypact_value_is_default(Yystate) \
  (!!((Yystate) == (-441)))

#define YYTABLE_NINF -258

#define yytable_value_is_error(Yytable_value) \
  (!!((Yytable_value) == (-258)))

  /* YYPACT[STATE-NUM] -- Index in YYTABLE of the portion describing
     STATE-NUM.  */
static const yytype_int16 yypact[] =
{
     585,  -441,  -441,  -441,  -441,  -441,  -441,    28,  -441,  2845,
      31,  1523,  1427,  -441,  -441,  -441,  1999,  2845,  2845,    42,
      42,    42,  -441,    42,    42,  -441,  -441,    33,   -51,  -441,
    2845,  -441,  -441,  -441,  2845,  -441,   -37,   -12,     6,  1905,
    1809,    42,  1905,  2093,    58,  2845,   218,  2845,  2845,  2845,
    2845,  2845,  2845,  2845,  2187,    42,    42,   337,    24,  -441,
       2,  -441,  -441,  -441,  -441,  2978,  -441,  -441,    63,   121,
     170,   204,  -441,    66,   229,   236,   103,  -441,  -441,  -441,
    -441,  -441,    58,   105,  -441,    83,    95,    98,    99,   359,
     108,   124,    31,  -441,    84,  -441,   106,  2185,  1427,  -441,
    -441,  -441,   659,   755,  -441,    11,   737,   737,  -441,  -441,
    -441,  -441,  -441,  -441,  -441,  2845,   125,   131,  2845,    35,
    2078,    31,    -1,  2978,   112,  2281,  1809,  -441,  2078,   556,
      24,  -441,   480,  2845,  -441,  -441,  2078,   241,   162,  -441,
    -441,  2845,  2078,    49,  2939,  2375,   153,  -441,  -441,  -441,
     107,  -441,  2078,    24,   737,   737,   737,   512,   512,   242,
     182,  -441,  -441,  2845,  2845,  2845,  2845,  2845,  2845,  2469,
    2845,  2845,  2845,  2845,  2845,  2845,  2845,  2845,  2845,  2845,
    2845,  2845,  2845,  2845,  2845,  -441,  -441,  -441,  -441,   233,
    2563,  2845,  2845,  2845,  2845,  2845,  2845,  2845,  -441,   209,
    -441,   245,  -441,  -441,  -441,  -441,  -441,   175,    10,  -441,
    -441,   192,  -441,  -441,  -441,    31,  -441,  -441,  2845,  2845,
    2845,  2845,  2845,  2845,  -441,  -441,  -441,  -441,  -441,  2845,
    2845,    82,  -441,  -441,  -441,   196,   234,  -441,  -441,   274,
     202,  2845,    24,  -441,   312,  -441,   313,    70,  2657,   737,
     153,   111,   117,   219,  -441,   475,   307,  -441,   237,   261,
    2845,   331,   268,   268,  -441,  2978,   282,   128,  -441,   571,
    1606,   526,   410,   437,   644,  2978,   355,  1699,  1699,  1794,
    1890,  1984,  2038,   737,   737,  2845,  2845,   247,   248,   255,
    -441,   257,  2751,    34,   259,   263,  -441,  -441,   645,   329,
     186,   384,   212,   391,   231,   440,   851,  -441,   328,   265,
       0,   347,  2845,  2845,  2845,  2845,  -441,   269,  -441,  -441,
     270,  -441,  -441,  -441,  -441,  1618,    57,  -441,  2845,  2845,
    -441,   337,  -441,   337,   337,   337,   337,   337,   279,   -58,
    -441,  2845,  -441,   234,   357,    31,  -441,  -441,   725,  -441,
      45,   374,    52,   740,  -441,  -441,  -441,  2845,   286,   295,
    2845,   383,  -441,  -441,  2845,   472,   302,  -441,  -441,  -441,
    -441,  -441,   753,  -441,  -441,  2845,  -441,   386,  -441,   388,
    -441,   389,  -441,   408,  -441,  -441,  -441,   378,  -441,  -441,
    -441,   400,   321,   337,   325,   327,   337,   332,   362,  -441,
    -441,  -441,  -441,   367,   326,   349,  -441,  2845,   373,   377,
    -441,  2845,   381,  -441,   385,   465,  -441,  -441,  -441,  -441,
     466,   460,    65,   -47,  2845,  -441,   308,  -441,  3021,   474,
    -441,  -441,   387,  -441,  -441,  -441,  -441,   392,   234,   196,
    -441,  2845,  -441,  -441,   479,   479,  2845,  2845,   479,  -441,
     397,   390,   479,   479,   337,  -441,  -441,  -441,  -441,  -441,
     -40,  -441,  -441,  -441,   428,     8,   234,  -441,   399,   479,
     479,  -441,   110,   110,   404,   405,    84,  2845,  2845,   479,
    -441,  -441,   947,  -441,  -441,  -441,  -441,  -441,   503,  1043,
    -441,    84,    84,  -441,   479,   415,  -441,  -441,   479,   479,
    -441,   416,   423,    84,  -441,    -5,  -441,  -441,  -441,  -441,
    1139,  -441,  2845,    84,    84,  -441,   479,  -441,   457,   513,
    -441,  1235,  -441,   443,  -441,  -441,  -441,    84,  -441,  -441,
    -441,  -441,   479,  1713,  -441,  1331,   110,   444,  -441,  -441,
     479,  -441
};

  /* YYDEFACT[STATE-NUM] -- Default reduction number in state STATE-NUM.
     Performed when YYTABLE does not specify something else to do.  Zero
     means the default is an error.  */
static const yytype_uint16 yydefact[] =
{
       0,     2,     4,     6,     8,    10,    12,     0,    16,   232,
       0,     0,     0,    19,     1,    19,     0,     0,     0,     0,
       0,     0,   215,     0,     0,   186,   213,   174,   208,   210,
     204,    84,   218,    84,   196,   217,   206,     0,     0,   199,
     230,     0,     0,     0,     0,     0,     0,   202,     0,     0,
       0,     0,     0,     0,     0,     0,     0,   233,   102,   216,
     181,   164,   165,   166,   167,   105,   171,     5,   187,   176,
     179,   178,   180,   177,     0,     0,     0,    16,     7,    60,
      27,    85,     0,     0,    83,     0,     0,     0,     0,     0,
       0,     0,     0,    56,    71,     9,     0,    61,     0,    11,
      24,    23,     0,     0,   157,     0,   146,   147,   259,   262,
     261,   260,   246,   249,   244,   230,     0,     0,     0,     0,
     205,     0,    88,   197,     0,     0,   232,   200,   201,   259,
     231,   112,   260,     0,   250,   163,   162,     0,     0,    86,
      87,   230,   172,     0,     0,     0,   220,   226,   229,   228,
       0,   227,   203,   198,   148,   149,   169,   154,   155,   175,
       0,   245,   252,     0,     0,     0,   103,     0,     0,     0,
       0,     0,     0,     0,     0,     0,     0,     0,     0,     0,
       0,     0,     0,     0,     0,   153,   150,   151,   152,     0,
       0,     0,     0,     0,     0,     0,     0,     0,    19,    82,
      83,     0,    34,    16,    16,    16,    16,    16,     0,    16,
      16,     0,    16,    16,    40,     0,    52,    55,     0,     0,
       0,     0,     0,     0,    26,    25,    20,   156,   110,   232,
       0,     0,   209,   114,    89,     0,    90,   207,   211,     0,
       0,     0,   106,   159,     0,   190,   262,     0,     0,   170,
       0,   176,   179,   178,   225,     0,    94,   219,     0,     0,
       0,   173,   100,   101,    99,   104,     0,     0,   128,     0,
     141,   137,   138,   134,   135,   132,     0,   143,   144,   142,
     140,   139,   136,   145,   133,     0,     0,   254,   256,     0,
     116,     0,     0,     0,   258,   109,   117,   188,     0,     0,
       0,     0,     0,     0,     0,     0,     0,    81,     0,    29,
       0,     0,    76,     0,     0,     0,   242,     0,   243,   240,
       0,   241,   237,   238,   239,     0,     0,    16,     0,     0,
      72,    64,    65,    78,    62,    63,    66,    67,     0,   234,
     130,   230,    95,    90,    92,     0,   212,   113,     0,   158,
       0,   262,   175,     0,   221,   224,    93,     0,     0,     0,
       0,     0,   121,   127,     0,     0,     0,   192,   193,   194,
     251,   125,     0,   191,   195,   232,   189,     0,   119,     0,
     182,     0,   183,     0,    14,    16,    28,    88,    16,    16,
      33,     0,     0,    77,     0,     0,    79,     0,     0,   236,
      16,    75,    80,     0,     0,    61,    48,     0,     0,     0,
     111,     0,     0,   115,     0,     0,    91,   160,   107,   248,
       0,     0,   173,     0,     0,   131,     0,   124,   168,     0,
     120,   126,     0,   122,   184,   185,   118,     0,    90,     0,
      53,   230,    73,    73,     0,     0,     0,     0,     0,    43,
       0,     0,     0,     0,   235,   214,    96,    19,   247,   223,
       0,   129,   123,   108,     0,     0,    90,    19,     0,     0,
       0,    18,    68,    68,     0,     0,    71,    76,     0,     0,
      38,    39,     0,   222,    21,    98,    97,    30,     0,     0,
      35,    71,    71,    19,     0,     0,    36,    37,     0,     0,
      51,     0,     0,    71,   161,     0,    19,    54,    41,    42,
       0,    69,     0,    71,    71,    44,     0,    47,    58,     0,
      22,     0,    17,     0,    46,    50,    73,    71,    19,    57,
      15,    32,     0,     0,    49,     0,    68,     0,    59,    70,
       0,    45
};

  /* YYPGOTO[NTERM-NUM].  */
static const yytype_int16 yypgoto[] =
{
    -441,  -441,  -441,  -441,  -441,  -441,  -441,  -441,   -10,  -441,
     -35,  -154,  -441,   -11,  -441,   525,   453,     1,  -441,  -441,
    -441,  -441,  -441,  -441,  -441,  -441,  -441,  -319,  -440,   -84,
    -428,  -441,    75,   256,  -118,    37,  -441,   371,   548,  -441,
     501,   207,  -333,  -142,   160,  -441,  -441,    -2,   -24,  -441,
    -441,  -441,  -441,  -441,  -441,  -441,  -441,    97,  -441,  -441,
     456,  -110,  -123,  -441,  -441,   275,  -441,  -441,   395,    15,
     -26,  -441,  -441,   -25,  -441,  -441,  -441,  -441,  -441,    25
};

  /* YYDEFGOTO[NTERM-NUM].  */
static const yytype_int16 yydefgoto[] =
{
      -1,     7,     8,     9,    10,    11,    12,    13,   110,   386,
      15,   472,   493,   102,   505,   226,   100,   101,   387,   388,
     311,   477,   526,   450,   467,   520,   529,    96,   496,   216,
     469,   402,   392,   332,   395,   404,   308,   202,   121,   199,
     141,   236,   345,   257,   343,   414,   487,    97,    58,    59,
     341,   295,    60,    61,    62,    63,    64,    65,   117,    66,
     146,   131,    67,   412,   398,   319,   320,   210,    68,    69,
      70,   149,   150,    71,    72,    73,    74,    75,    76,   112
};

  /* YYTABLE[YYPACT[STATE-NUM]] -- What to do in state STATE-NUM.  If
     positive, shift that token.  If negative, reduce the rule whose
     number is the opposite.  If YYTABLE_NINF, syntax error.  */
static const yytype_int16 yytable[] =
{
      78,    94,    94,   240,   103,   228,   401,    57,   259,   389,
     415,   167,    95,   168,   105,   470,   130,    77,   518,   166,
     148,   151,   234,   227,   153,    19,    20,    21,    14,   127,
     166,   245,   135,   497,   111,   111,   111,   166,   111,   111,
      77,   138,   198,    77,   118,   113,   114,   411,   115,   116,
     119,    77,   160,   459,   108,   132,   111,   419,    77,   109,
     483,   147,   108,   260,   124,   133,   134,   109,   420,   108,
     111,   111,    19,    20,   246,  -257,   360,   318,   139,    77,
     161,   162,   214,   140,   163,   164,   165,   235,    94,   125,
     108,   130,    94,    94,   340,   351,   539,   519,   533,   225,
     -16,   166,   390,   169,   211,   465,   338,   126,   354,   242,
     485,   233,   197,    55,   106,   107,   231,   130,   252,   253,
     191,  -225,   192,   239,    57,   201,  -253,   120,  -253,   215,
     191,   123,   192,   488,  -224,   232,   128,    55,   373,   136,
     362,   132,   142,   255,   152,    55,   154,   155,   156,   157,
     158,   241,    55,   494,   495,   163,   164,   165,   111,   251,
      55,   262,   263,   264,   190,   266,   267,   269,   312,   313,
     314,   315,   317,    55,   325,   326,   256,   328,   329,  -253,
    -226,  -253,   323,   324,   203,   258,  -229,   306,   298,   299,
     300,   301,   302,   303,   304,   305,   204,   397,   378,   205,
     206,   163,   164,   165,   296,   330,   339,   403,   217,   212,
     408,   409,   237,  -255,   401,  -255,   331,   333,   334,   335,
     336,   337,   256,   322,   380,   213,   229,    57,  -255,   307,
    -255,   413,   230,   143,    20,   163,   164,   165,   193,   348,
     194,   249,   285,   382,   286,   195,   353,   196,   287,   288,
     289,   243,   432,   260,   290,   163,   164,   165,   359,   163,
     164,   165,   111,   265,   244,   310,   316,   270,   271,   272,
     273,   274,   275,   276,   277,   278,   279,   280,   281,   282,
     283,   284,   261,   365,   366,   163,   164,   165,  -227,   451,
     372,   473,   407,   327,   476,   291,    94,   342,   480,   481,
     323,   324,   347,   344,   163,   164,   165,   425,   111,   144,
     393,   333,   396,   396,   430,   491,   492,   130,   161,   145,
     461,    55,   349,   405,   350,   503,   396,   396,   474,   475,
     356,   468,   399,   423,   292,   417,   293,   294,   357,   358,
     511,   322,   360,   165,   513,   514,   385,   163,   164,   165,
     437,   367,   368,   439,   440,   163,   164,   165,   426,   369,
     502,   370,   527,   374,   375,   447,   -31,   391,   163,   164,
     165,   400,    55,    57,   346,   163,   164,   165,   536,   410,
     416,   163,   164,   165,   361,   421,   541,   424,   218,   219,
     220,   221,   500,   427,   523,   222,   433,   223,   434,   435,
     460,   234,   163,   164,   165,   396,   170,   508,   509,   454,
     163,   164,   165,   171,   172,   173,   174,   130,   436,   517,
     441,   442,   163,   164,   165,   443,   207,   444,   449,   524,
     525,   377,   445,   175,   176,   364,   177,   178,   179,   180,
     181,   182,   183,   534,   396,   396,   482,   184,   185,   -79,
     208,   186,   187,   188,   189,   486,   489,   163,   164,   165,
     209,   428,    55,   446,   163,   164,   165,   448,   171,  -258,
     173,   174,    94,   452,   457,   393,   396,   453,   458,    94,
    -176,   455,   510,   420,   462,   456,   379,   463,   471,   191,
     479,   192,  -176,   381,   464,   521,   182,   183,   478,   484,
      94,   490,   184,   185,   498,   499,   186,   187,   188,   189,
     396,    94,   506,   163,   164,   165,   512,   535,   515,  -176,
    -176,  -176,  -176,   516,   183,    94,  -176,   528,  -176,   184,
     185,  -176,   530,   186,   187,   188,   189,    99,  -176,  -176,
    -176,  -176,   383,   532,   540,   163,   164,   165,   163,   164,
     165,   224,   501,  -176,  -176,  -176,  -215,  -176,  -176,  -176,
    -176,  -176,  -176,  -176,  -176,  -176,  -176,  -176,  -215,   394,
     537,   309,  -176,  -176,   429,   355,  -176,  -176,  -176,  -176,
    -176,   122,  -176,   200,  -258,  -176,   173,   174,     1,     2,
       3,     4,     5,     6,   438,  -215,  -215,  -215,  -215,   466,
     250,   406,  -215,   321,  -215,     0,     0,  -215,  -258,  -258,
    -258,   189,   182,   183,  -215,  -215,  -215,  -215,   184,   185,
       0,     0,   186,   187,   188,   189,     0,     0,     0,  -215,
    -215,  -215,     0,  -215,  -215,  -215,  -215,  -215,  -215,  -215,
    -215,  -215,  -215,  -215,   163,   164,   165,     0,  -215,  -215,
       0,     0,  -215,  -215,  -215,  -215,  -215,     0,  -215,   -13,
      79,  -215,     0,     0,     0,     0,     0,     0,    77,     0,
      16,   363,    17,    18,    19,    20,    21,     0,     0,    22,
      23,    24,    25,    26,     0,    27,    28,    29,    30,    31,
      32,    80,    98,    81,    82,    33,    83,    84,    85,    86,
      87,    88,     0,     0,   173,    89,    90,    91,    92,    34,
       0,    35,    36,    37,    38,    39,    40,     0,   163,   164,
     165,    41,    42,    43,    44,    45,    46,    47,     0,     0,
       0,   183,     0,     0,     0,    48,   184,   185,     0,     0,
     186,   187,   188,   189,     0,   376,     0,    49,    50,     0,
      51,     0,     0,    52,    53,    -3,    79,     0,     0,     0,
      54,    93,    55,    56,    77,     0,    16,     0,    17,    18,
      19,    20,    21,     0,     0,    22,    23,    24,    25,    26,
       0,    27,    28,    29,    30,    31,    32,    80,    98,    81,
      82,    33,    83,    84,    85,    86,    87,    88,   163,   164,
     165,    89,    90,    91,    92,    34,     0,    35,    36,    37,
      38,    39,    40,   163,   164,   165,     0,    41,    42,    43,
      44,    45,    46,    47,     0,   418,   163,   164,   165,   184,
     185,    48,     0,   186,   187,   188,   189,     0,     0,     0,
     422,     0,     0,    49,    50,     0,    51,     0,     0,    52,
      53,     0,    79,   431,     0,     0,    54,    93,    55,    56,
      77,   384,    16,     0,    17,    18,    19,    20,    21,     0,
       0,    22,    23,    24,    25,    26,     0,    27,    28,    29,
      30,    31,    32,    80,    98,    81,    82,    33,    83,    84,
      85,    86,    87,    88,     0,     0,     0,    89,    90,    91,
      92,    34,     0,    35,    36,    37,    38,    39,    40,     0,
       0,     0,     0,    41,    42,    43,    44,    45,    46,    47,
       0,     0,     0,     0,     0,     0,     0,    48,     0,     0,
       0,     0,     0,     0,     0,     0,     0,     0,     0,    49,
      50,     0,    51,     0,     0,    52,    53,     0,    79,     0,
       0,     0,    54,    93,    55,    56,    77,   504,    16,     0,
      17,    18,    19,    20,    21,     0,     0,    22,    23,    24,
      25,    26,     0,    27,    28,    29,    30,    31,    32,    80,
      98,    81,    82,    33,    83,    84,    85,    86,    87,    88,
       0,     0,     0,    89,    90,    91,    92,    34,     0,    35,
      36,    37,    38,    39,    40,     0,     0,     0,     0,    41,
      42,    43,    44,    45,    46,    47,     0,     0,     0,     0,
       0,     0,     0,    48,     0,     0,     0,     0,     0,     0,
       0,     0,     0,     0,     0,    49,    50,     0,    51,     0,
       0,    52,    53,     0,    79,     0,     0,     0,    54,    93,
      55,    56,    77,   507,    16,     0,    17,    18,    19,    20,
      21,     0,     0,    22,    23,    24,    25,    26,     0,    27,
      28,    29,    30,    31,    32,    80,    98,    81,    82,    33,
      83,    84,    85,    86,    87,    88,     0,     0,     0,    89,
      90,    91,    92,    34,     0,    35,    36,    37,    38,    39,
      40,     0,     0,     0,     0,    41,    42,    43,    44,    45,
      46,    47,     0,     0,     0,     0,     0,     0,     0,    48,
       0,     0,     0,     0,     0,     0,     0,     0,     0,     0,
       0,    49,    50,     0,    51,     0,     0,    52,    53,     0,
      79,     0,     0,     0,    54,    93,    55,    56,    77,   522,
      16,     0,    17,    18,    19,    20,    21,     0,     0,    22,
      23,    24,    25,    26,     0,    27,    28,    29,    30,    31,
      32,    80,    98,    81,    82,    33,    83,    84,    85,    86,
      87,    88,     0,     0,     0,    89,    90,    91,    92,    34,
       0,    35,    36,    37,    38,    39,    40,     0,     0,     0,
       0,    41,    42,    43,    44,    45,    46,    47,     0,     0,
       0,     0,     0,     0,     0,    48,     0,     0,     0,     0,
       0,     0,     0,     0,     0,     0,     0,    49,    50,     0,
      51,     0,     0,    52,    53,     0,    79,     0,     0,     0,
      54,    93,    55,    56,    77,   531,    16,     0,    17,    18,
      19,    20,    21,     0,     0,    22,    23,    24,    25,    26,
       0,    27,    28,    29,    30,    31,    32,    80,    98,    81,
      82,    33,    83,    84,    85,    86,    87,    88,     0,     0,
       0,    89,    90,    91,    92,    34,     0,    35,    36,    37,
      38,    39,    40,     0,     0,     0,     0,    41,    42,    43,
      44,    45,    46,    47,     0,     0,     0,     0,     0,     0,
       0,    48,     0,     0,     0,     0,     0,     0,     0,     0,
       0,     0,     0,    49,    50,     0,    51,     0,     0,    52,
      53,     0,    79,     0,     0,     0,    54,    93,    55,    56,
      77,     0,    16,     0,    17,    18,    19,    20,    21,     0,
       0,    22,    23,    24,    25,    26,     0,    27,    28,    29,
      30,    31,    32,    80,    98,    81,    82,    33,    83,    84,
      85,    86,    87,    88,     0,     0,     0,    89,    90,    91,
      92,    34,     0,    35,    36,    37,    38,    39,    40,     0,
       0,     0,     0,    41,    42,    43,    44,    45,    46,    47,
       0,     0,   538,     0,     0,     0,     0,    48,     0,     0,
       0,     0,     0,     0,     0,     0,     0,     0,     0,    49,
      50,     0,    51,     0,     0,    52,    53,     0,    79,     0,
       0,     0,    54,    93,    55,    56,    77,     0,    16,     0,
      17,    18,    19,    20,    21,     0,     0,    22,    23,    24,
      25,    26,     0,    27,    28,    29,    30,    31,    32,    80,
      98,    81,    82,    33,    83,    84,    85,    86,    87,    88,
       0,     0,     0,    89,    90,    91,    92,    34,     0,    35,
      36,    37,    38,    39,    40,     0,     0,     0,     0,    41,
      42,    43,    44,    45,    46,    47,     0,     0,     0,     0,
       0,     0,     0,    48,     0,     0,     0,     0,     0,     0,
       0,     0,     0,     0,     0,    49,    50,     0,    51,     0,
       0,    52,    53,     0,    79,     0,     0,     0,    54,    93,
      55,    56,    77,     0,    16,     0,    17,    18,    19,    20,
      21,     0,     0,    22,    23,    24,    25,    26,     0,    27,
      28,    29,    30,    31,    32,    80,     0,    81,    82,    33,
      83,    84,    85,    86,    87,    88,     0,     0,     0,    89,
      90,    91,    92,    34,     0,    35,    36,    37,    38,    39,
      40,     0,     0,     0,     0,    41,    42,    43,    44,    45,
      46,    47,     0,     0,     0,     0,     0,     0,     0,    48,
       0,     0,     0,     0,     0,     0,     0,     0,     0,     0,
       0,    49,    50,     0,    51,     0,     0,    52,    53,    79,
       0,     0,     0,     0,    54,    93,    55,    56,     0,    16,
       0,    17,    18,    19,    20,    21,     0,     0,    22,    23,
      24,    25,    26,     0,    27,    28,    29,    30,    31,    32,
       0,     0,     0,     0,    33,     0,     0,  -258,     0,     0,
       0,     0,     0,     0,   171,   172,   173,   174,    34,     0,
      35,    36,    37,    38,    39,    40,     0,     0,     0,     0,
      41,    42,    43,    44,    45,    46,    47,   177,   178,   179,
     180,   181,   182,   183,    48,     0,     0,     0,   184,   185,
       0,     0,   186,   187,   188,   189,    49,    50,     0,    51,
       0,     0,    52,    53,    79,     0,     0,     0,     0,    54,
     -74,    55,    56,     0,    16,     0,    17,    18,    19,    20,
      21,     0,     0,    22,    23,    24,    25,    26,     0,    27,
      28,    29,    30,    31,    32,     0,     0,     0,     0,    33,
       0,     0,     0,     0,     0,     0,     0,   171,   172,   173,
     174,     0,     0,    34,     0,    35,    36,    37,    38,    39,
      40,     0,     0,     0,     0,    41,    42,    43,    44,    45,
      46,    47,   179,   180,   181,   182,   183,     0,     0,    48,
       0,   184,   185,     0,     0,   186,   187,   188,   189,     0,
       0,    49,    50,     0,    51,     0,     0,    52,    53,     0,
       0,     0,     0,   -74,    54,     0,    55,    56,    77,     0,
      16,     0,    17,    18,    19,    20,    21,     0,     0,   129,
      23,    24,    25,    26,   109,    27,    28,    29,    30,    31,
      32,     0,     0,     0,     0,    33,     0,     0,     0,     0,
       0,     0,   171,   172,   173,   174,     0,     0,     0,    34,
       0,    35,    36,    37,    38,    39,    40,     0,     0,     0,
       0,    41,    42,    43,    44,    45,    46,    47,   180,   181,
     182,   183,     0,     0,     0,    48,   184,   185,     0,     0,
     186,   187,   188,   189,     0,     0,     0,    49,    50,     0,
      51,     0,     0,    52,    53,     0,     0,     0,     0,     0,
      54,     0,    55,    56,    77,     0,    16,     0,    17,    18,
      19,    20,    21,     0,     0,    22,    23,    24,    25,    26,
       0,    27,    28,    29,    30,    31,    32,     0,     0,     0,
       0,    33,     0,     0,     0,     0,     0,     0,   171,   172,
     173,   174,     0,     0,     0,    34,     0,    35,    36,    37,
      38,    39,    40,     0,     0,     0,     0,    41,    42,    43,
      44,    45,    46,    47,     0,   181,   182,   183,     0,     0,
       0,    48,   184,   185,     0,     0,   186,   187,   188,   189,
       0,     0,     0,    49,    50,     0,    51,     0,     0,    52,
      53,     0,     0,     0,     0,     0,    54,     0,    55,    56,
      16,   104,    17,    18,    19,    20,    21,     0,     0,    22,
      23,    24,    25,    26,     0,    27,    28,    29,    30,    31,
      32,     0,     0,     0,     0,    33,     0,     0,     0,     0,
       0,     0,   171,   172,   173,   174,     0,     0,     0,    34,
       0,    35,    36,    37,    38,    39,    40,     0,     0,     0,
       0,    41,    42,    43,    44,    45,    46,    47,     0,     0,
     182,   183,     0,     0,     0,    48,   184,   185,     0,     0,
     186,   187,   188,   189,     0,     0,     0,    49,    50,     0,
      51,     0,     0,    52,    53,     0,     0,     0,   173,   174,
      54,     0,    55,    56,    16,     0,    17,    18,    19,    20,
      21,     0,     0,    22,    23,    24,    25,    26,     0,    27,
      28,    29,    30,    31,    32,   183,     0,     0,     0,    33,
     184,   185,     0,     0,   186,   187,   188,   189,   173,   174,
       0,     0,     0,    34,     0,    35,    36,    37,    38,    39,
      40,     0,     0,     0,     0,    41,    42,    43,    44,    45,
      46,    47,     0,     0,   182,   183,     0,     0,     0,    48,
     184,   185,     0,     0,   186,   187,   188,   189,     0,     0,
       0,    49,    50,     0,    51,     0,     0,    52,    53,     0,
       0,     0,     0,     0,    54,   137,    55,    56,    16,     0,
      17,    18,    19,    20,    21,     0,     0,    22,    23,    24,
      25,    26,     0,    27,    28,    29,    30,    31,    32,     0,
       0,     0,     0,    33,   218,   219,   220,   221,     0,     0,
       0,   222,     0,   223,     0,     0,     0,    34,     0,    35,
      36,    37,    38,    39,    40,     0,     0,     0,     0,    41,
      42,    43,    44,    45,    46,    47,     0,     0,   163,   164,
     165,     0,     0,    48,     0,     0,     0,     0,     0,     0,
       0,     0,     0,     0,     0,    49,    50,     0,    51,     0,
       0,    52,    53,     0,     0,     0,     0,   159,    54,     0,
      55,    56,    16,     0,    17,    18,    19,    20,    21,     0,
       0,    22,    23,    24,    25,    26,     0,    27,    28,    29,
      30,    31,    32,     0,     0,     0,     0,    33,     0,     0,
       0,     0,     0,     0,     0,     0,     0,     0,     0,     0,
       0,    34,     0,    35,    36,    37,    38,    39,    40,     0,
       0,     0,     0,    41,    42,    43,    44,    45,    46,    47,
       0,     0,     0,     0,     0,     0,     0,    48,     0,     0,
       0,     0,     0,     0,     0,     0,     0,     0,     0,    49,
      50,     0,    51,     0,     0,    52,    53,     0,     0,     0,
       0,   238,    54,     0,    55,    56,    16,     0,    17,    18,
      19,    20,    21,     0,     0,    22,    23,    24,    25,    26,
       0,    27,    28,    29,    30,    31,    32,     0,     0,     0,
       0,    33,     0,     0,     0,     0,     0,     0,     0,     0,
       0,     0,     0,     0,     0,    34,     0,    35,    36,    37,
      38,    39,    40,     0,     0,     0,     0,    41,    42,    43,
      44,    45,    46,    47,     0,     0,     0,     0,     0,     0,
       0,    48,     0,     0,     0,     0,     0,     0,     0,     0,
       0,     0,     0,    49,    50,     0,    51,     0,     0,    52,
      53,     0,     0,     0,     0,   254,    54,     0,    55,    56,
      16,     0,    17,    18,    19,    20,    21,     0,     0,    22,
      23,    24,    25,    26,     0,    27,    28,    29,    30,    31,
      32,     0,     0,     0,     0,    33,     0,     0,     0,     0,
       0,     0,     0,     0,     0,     0,     0,     0,     0,    34,
       0,    35,    36,    37,    38,    39,    40,     0,     0,     0,
       0,    41,    42,    43,    44,    45,    46,    47,     0,     0,
       0,     0,     0,     0,     0,    48,     0,     0,     0,     0,
       0,     0,     0,     0,     0,     0,     0,    49,    50,     0,
      51,     0,     0,    52,    53,     0,     0,     0,     0,   268,
      54,     0,    55,    56,    16,     0,    17,    18,    19,    20,
      21,     0,     0,    22,    23,    24,    25,    26,     0,    27,
      28,    29,    30,    31,    32,     0,     0,     0,     0,    33,
       0,     0,     0,     0,     0,     0,     0,     0,     0,     0,
       0,     0,     0,    34,     0,    35,    36,    37,    38,    39,
      40,     0,     0,     0,     0,    41,    42,    43,    44,    45,
      46,    47,     0,     0,     0,     0,     0,     0,     0,    48,
       0,     0,     0,     0,     0,     0,     0,     0,     0,     0,
       0,    49,    50,     0,    51,     0,     0,    52,    53,     0,
       0,     0,     0,   297,    54,     0,    55,    56,    16,     0,
      17,    18,    19,    20,    21,     0,     0,    22,    23,    24,
      25,    26,     0,    27,    28,    29,    30,    31,    32,     0,
       0,     0,     0,    33,     0,     0,     0,     0,     0,     0,
       0,     0,     0,     0,     0,     0,     0,    34,     0,    35,
      36,    37,    38,    39,    40,     0,     0,     0,     0,    41,
      42,    43,    44,    45,    46,    47,     0,     0,     0,     0,
       0,     0,     0,    48,     0,     0,     0,     0,     0,     0,
       0,     0,     0,     0,     0,    49,    50,     0,    51,     0,
       0,    52,    53,     0,     0,     0,     0,   352,    54,     0,
      55,    56,    16,     0,    17,    18,    19,    20,    21,     0,
       0,    22,    23,    24,    25,    26,     0,    27,    28,    29,
      30,    31,    32,     0,     0,     0,     0,    33,     0,     0,
       0,     0,     0,     0,     0,     0,     0,     0,     0,     0,
       0,    34,     0,    35,    36,    37,    38,    39,    40,     0,
       0,     0,     0,    41,    42,    43,    44,    45,    46,    47,
       0,     0,     0,     0,     0,     0,     0,    48,     0,     0,
       0,     0,     0,     0,     0,     0,     0,     0,     0,    49,
      50,     0,    51,     0,     0,    52,    53,     0,     0,     0,
       0,   371,    54,     0,    55,    56,    16,     0,    17,    18,
      19,    20,    21,     0,     0,    22,    23,    24,    25,    26,
       0,    27,    28,    29,    30,    31,    32,     0,     0,     0,
       0,    33,     0,     0,     0,     0,     0,     0,     0,     0,
       0,     0,     0,     0,     0,    34,     0,    35,    36,    37,
      38,    39,    40,     0,     0,     0,     0,    41,    42,    43,
      44,    45,    46,    47,     0,     0,     0,     0,     0,     0,
       0,    48,     0,     0,     0,     0,     0,     0,     0,     0,
       0,     0,     0,    49,    50,     0,    51,     0,     0,    52,
      53,     0,     0,     0,     0,     0,    54,     0,    55,    56,
      16,     0,    17,    18,   247,    20,    21,     0,     0,    22,
      23,    24,    25,    26,     0,    27,    28,    29,    30,    31,
      32,     0,     0,     0,     0,    33,     0,     0,     0,     0,
       0,     0,     0,     0,     0,     0,     0,     0,     0,    34,
       0,    35,    36,    37,    38,    39,    40,     0,     0,     0,
       0,    41,    42,    43,    44,    45,    46,    47,     0,     0,
       0,     0,     0,     0,     0,    48,     0,     0,     0,     0,
       0,     0,     0,     0,     0,     0,     0,    49,    50,   170,
      51,     0,     0,    52,    53,     0,   171,   172,   173,   174,
     248,     0,    55,    56,     0,     0,     0,     0,     0,     0,
       0,     0,     0,     0,     0,     0,   175,   176,     0,   177,
     178,   179,   180,   181,   182,   183,     0,     0,     0,     0,
     184,   185,   170,     0,   186,   187,   188,   189,     0,   171,
     172,   173,   174,     0,     0,     0,     0,     0,     0,     0,
       0,     0,     0,     0,     0,     0,     0,     0,     0,     0,
     176,     0,   177,   178,   179,   180,   181,   182,   183,     0,
       0,     0,     0,   184,   185,     0,     0,   186,   187,   188,
     189
};

static const yytype_int16 yycheck[] =
{
      10,    11,    12,   126,    15,   115,   325,     9,   150,     9,
     343,     9,    11,    11,    16,   443,    40,     9,    23,    77,
      46,    46,    23,    12,    48,    15,    16,    17,     0,    39,
      77,   141,    42,   473,    19,    20,    21,    77,    23,    24,
       9,    43,    77,     9,    11,    20,    21,   105,    23,    24,
     101,     9,    54,   100,    20,    40,    41,    12,     9,    25,
     100,    46,    20,    11,   101,    40,    41,    25,    23,    20,
      55,    56,    15,    16,    25,     9,    11,    67,    20,     9,
      55,    56,    92,    25,    73,    74,    75,   122,    98,   101,
      20,   115,   102,   103,    12,    25,   536,   102,   526,    98,
     101,    77,   102,   101,    89,   438,   229,   101,   250,   133,
     102,   121,     9,   103,    17,    18,   118,   141,   144,   144,
       9,    69,    11,   125,   126,    20,     9,    30,    11,    45,
       9,    34,    11,   466,    69,   100,    39,   103,   104,    42,
      12,   126,    45,   145,    47,   103,    49,    50,    51,    52,
      53,   126,   103,    43,    44,    73,    74,    75,   143,   144,
     103,   163,   164,   165,   101,   167,   168,   169,   203,   204,
     205,   206,   207,   103,   209,   210,    69,   212,   213,     9,
      69,    11,   208,   208,   101,    78,    69,   198,   190,   191,
     192,   193,   194,   195,   196,   197,   101,   315,    12,   101,
     101,    73,    74,    75,   189,   215,   230,   325,   102,   101,
     328,   329,   100,     9,   533,    11,   218,   219,   220,   221,
     222,   223,    69,   208,    12,   101,   101,   229,     9,    20,
      11,   341,   101,    15,    16,    73,    74,    75,     9,   241,
      11,   144,     9,    12,    11,     9,   248,    11,    15,    16,
      17,    10,   375,    11,    21,    73,    74,    75,   260,    73,
      74,    75,   247,   166,   102,    20,    91,   170,   171,   172,
     173,   174,   175,   176,   177,   178,   179,   180,   181,   182,
     183,   184,   100,   285,   286,    73,    74,    75,    69,   407,
     292,   445,   327,   101,   448,    62,   306,   101,   452,   453,
     326,   326,   100,    69,    73,    74,    75,    12,   293,    91,
     312,   313,   314,   315,    12,   469,   470,   341,   293,   101,
      12,   103,    10,   325,    11,   479,   328,   329,   446,   447,
      23,   441,   317,   357,   101,   345,   103,   104,   101,    78,
     494,   326,    11,    75,   498,   499,    18,    73,    74,    75,
     385,   104,   104,   388,   389,    73,    74,    75,   360,   104,
     478,   104,   516,   104,   101,   400,   101,    20,    73,    74,
      75,   101,   103,   375,   100,    73,    74,    75,   532,   100,
      23,    73,    74,    75,   102,    11,   540,   101,    39,    40,
      41,    42,   476,    10,   512,    46,    10,    48,    10,    10,
     424,    23,    73,    74,    75,   407,    51,   491,   492,   411,
      73,    74,    75,    58,    59,    60,    61,   441,    10,   503,
      20,   100,    73,    74,    75,   100,    67,   100,   102,   513,
     514,   102,   100,    78,    79,    80,    81,    82,    83,    84,
      85,    86,    87,   527,   446,   447,   457,    92,    93,   100,
      91,    96,    97,    98,    99,   465,   467,    73,    74,    75,
     101,   364,   103,   101,    73,    74,    75,   100,    58,    59,
      60,    61,   482,   100,     9,   477,   478,   100,    12,   489,
       0,   100,   493,    23,    10,   100,   102,   100,     9,     9,
     100,    11,    12,   102,   102,   506,    86,    87,   101,    71,
     510,   102,    92,    93,   100,   100,    96,    97,    98,    99,
     512,   521,     9,    73,    74,    75,   101,   528,   102,    39,
      40,    41,    42,   100,    87,   535,    46,    70,    48,    92,
      93,    51,    19,    96,    97,    98,    99,    12,    58,    59,
      60,    61,   102,   100,   100,    73,    74,    75,    73,    74,
      75,    98,   477,    73,    74,    75,     0,    77,    78,    79,
      80,    81,    82,    83,    84,    85,    86,    87,    12,   313,
     533,   200,    92,    93,   102,   100,    96,    97,    98,    99,
     100,    33,   102,    82,    58,   105,    60,    61,     3,     4,
       5,     6,     7,     8,   387,    39,    40,    41,    42,   439,
     144,   326,    46,   208,    48,    -1,    -1,    51,    96,    97,
      98,    99,    86,    87,    58,    59,    60,    61,    92,    93,
      -1,    -1,    96,    97,    98,    99,    -1,    -1,    -1,    73,
      74,    75,    -1,    77,    78,    79,    80,    81,    82,    83,
      84,    85,    86,    87,    73,    74,    75,    -1,    92,    93,
      -1,    -1,    96,    97,    98,    99,   100,    -1,   102,     0,
       1,   105,    -1,    -1,    -1,    -1,    -1,    -1,     9,    -1,
      11,   100,    13,    14,    15,    16,    17,    -1,    -1,    20,
      21,    22,    23,    24,    -1,    26,    27,    28,    29,    30,
      31,    32,    33,    34,    35,    36,    37,    38,    39,    40,
      41,    42,    -1,    -1,    60,    46,    47,    48,    49,    50,
      -1,    52,    53,    54,    55,    56,    57,    -1,    73,    74,
      75,    62,    63,    64,    65,    66,    67,    68,    -1,    -1,
      -1,    87,    -1,    -1,    -1,    76,    92,    93,    -1,    -1,
      96,    97,    98,    99,    -1,   100,    -1,    88,    89,    -1,
      91,    -1,    -1,    94,    95,     0,     1,    -1,    -1,    -1,
     101,   102,   103,   104,     9,    -1,    11,    -1,    13,    14,
      15,    16,    17,    -1,    -1,    20,    21,    22,    23,    24,
      -1,    26,    27,    28,    29,    30,    31,    32,    33,    34,
      35,    36,    37,    38,    39,    40,    41,    42,    73,    74,
      75,    46,    47,    48,    49,    50,    -1,    52,    53,    54,
      55,    56,    57,    73,    74,    75,    -1,    62,    63,    64,
      65,    66,    67,    68,    -1,   100,    73,    74,    75,    92,
      93,    76,    -1,    96,    97,    98,    99,    -1,    -1,    -1,
     100,    -1,    -1,    88,    89,    -1,    91,    -1,    -1,    94,
      95,    -1,     1,   100,    -1,    -1,   101,   102,   103,   104,
       9,    10,    11,    -1,    13,    14,    15,    16,    17,    -1,
      -1,    20,    21,    22,    23,    24,    -1,    26,    27,    28,
      29,    30,    31,    32,    33,    34,    35,    36,    37,    38,
      39,    40,    41,    42,    -1,    -1,    -1,    46,    47,    48,
      49,    50,    -1,    52,    53,    54,    55,    56,    57,    -1,
      -1,    -1,    -1,    62,    63,    64,    65,    66,    67,    68,
      -1,    -1,    -1,    -1,    -1,    -1,    -1,    76,    -1,    -1,
      -1,    -1,    -1,    -1,    -1,    -1,    -1,    -1,    -1,    88,
      89,    -1,    91,    -1,    -1,    94,    95,    -1,     1,    -1,
      -1,    -1,   101,   102,   103,   104,     9,    10,    11,    -1,
      13,    14,    15,    16,    17,    -1,    -1,    20,    21,    22,
      23,    24,    -1,    26,    27,    28,    29,    30,    31,    32,
      33,    34,    35,    36,    37,    38,    39,    40,    41,    42,
      -1,    -1,    -1,    46,    47,    48,    49,    50,    -1,    52,
      53,    54,    55,    56,    57,    -1,    -1,    -1,    -1,    62,
      63,    64,    65,    66,    67,    68,    -1,    -1,    -1,    -1,
      -1,    -1,    -1,    76,    -1,    -1,    -1,    -1,    -1,    -1,
      -1,    -1,    -1,    -1,    -1,    88,    89,    -1,    91,    -1,
      -1,    94,    95,    -1,     1,    -1,    -1,    -1,   101,   102,
     103,   104,     9,    10,    11,    -1,    13,    14,    15,    16,
      17,    -1,    -1,    20,    21,    22,    23,    24,    -1,    26,
      27,    28,    29,    30,    31,    32,    33,    34,    35,    36,
      37,    38,    39,    40,    41,    42,    -1,    -1,    -1,    46,
      47,    48,    49,    50,    -1,    52,    53,    54,    55,    56,
      57,    -1,    -1,    -1,    -1,    62,    63,    64,    65,    66,
      67,    68,    -1,    -1,    -1,    -1,    -1,    -1,    -1,    76,
      -1,    -1,    -1,    -1,    -1,    -1,    -1,    -1,    -1,    -1,
      -1,    88,    89,    -1,    91,    -1,    -1,    94,    95,    -1,
       1,    -1,    -1,    -1,   101,   102,   103,   104,     9,    10,
      11,    -1,    13,    14,    15,    16,    17,    -1,    -1,    20,
      21,    22,    23,    24,    -1,    26,    27,    28,    29,    30,
      31,    32,    33,    34,    35,    36,    37,    38,    39,    40,
      41,    42,    -1,    -1,    -1,    46,    47,    48,    49,    50,
      -1,    52,    53,    54,    55,    56,    57,    -1,    -1,    -1,
      -1,    62,    63,    64,    65,    66,    67,    68,    -1,    -1,
      -1,    -1,    -1,    -1,    -1,    76,    -1,    -1,    -1,    -1,
      -1,    -1,    -1,    -1,    -1,    -1,    -1,    88,    89,    -1,
      91,    -1,    -1,    94,    95,    -1,     1,    -1,    -1,    -1,
     101,   102,   103,   104,     9,    10,    11,    -1,    13,    14,
      15,    16,    17,    -1,    -1,    20,    21,    22,    23,    24,
      -1,    26,    27,    28,    29,    30,    31,    32,    33,    34,
      35,    36,    37,    38,    39,    40,    41,    42,    -1,    -1,
      -1,    46,    47,    48,    49,    50,    -1,    52,    53,    54,
      55,    56,    57,    -1,    -1,    -1,    -1,    62,    63,    64,
      65,    66,    67,    68,    -1,    -1,    -1,    -1,    -1,    -1,
      -1,    76,    -1,    -1,    -1,    -1,    -1,    -1,    -1,    -1,
      -1,    -1,    -1,    88,    89,    -1,    91,    -1,    -1,    94,
      95,    -1,     1,    -1,    -1,    -1,   101,   102,   103,   104,
       9,    -1,    11,    -1,    13,    14,    15,    16,    17,    -1,
      -1,    20,    21,    22,    23,    24,    -1,    26,    27,    28,
      29,    30,    31,    32,    33,    34,    35,    36,    37,    38,
      39,    40,    41,    42,    -1,    -1,    -1,    46,    47,    48,
      49,    50,    -1,    52,    53,    54,    55,    56,    57,    -1,
      -1,    -1,    -1,    62,    63,    64,    65,    66,    67,    68,
      -1,    -1,    71,    -1,    -1,    -1,    -1,    76,    -1,    -1,
      -1,    -1,    -1,    -1,    -1,    -1,    -1,    -1,    -1,    88,
      89,    -1,    91,    -1,    -1,    94,    95,    -1,     1,    -1,
      -1,    -1,   101,   102,   103,   104,     9,    -1,    11,    -1,
      13,    14,    15,    16,    17,    -1,    -1,    20,    21,    22,
      23,    24,    -1,    26,    27,    28,    29,    30,    31,    32,
      33,    34,    35,    36,    37,    38,    39,    40,    41,    42,
      -1,    -1,    -1,    46,    47,    48,    49,    50,    -1,    52,
      53,    54,    55,    56,    57,    -1,    -1,    -1,    -1,    62,
      63,    64,    65,    66,    67,    68,    -1,    -1,    -1,    -1,
      -1,    -1,    -1,    76,    -1,    -1,    -1,    -1,    -1,    -1,
      -1,    -1,    -1,    -1,    -1,    88,    89,    -1,    91,    -1,
      -1,    94,    95,    -1,     1,    -1,    -1,    -1,   101,   102,
     103,   104,     9,    -1,    11,    -1,    13,    14,    15,    16,
      17,    -1,    -1,    20,    21,    22,    23,    24,    -1,    26,
      27,    28,    29,    30,    31,    32,    -1,    34,    35,    36,
      37,    38,    39,    40,    41,    42,    -1,    -1,    -1,    46,
      47,    48,    49,    50,    -1,    52,    53,    54,    55,    56,
      57,    -1,    -1,    -1,    -1,    62,    63,    64,    65,    66,
      67,    68,    -1,    -1,    -1,    -1,    -1,    -1,    -1,    76,
      -1,    -1,    -1,    -1,    -1,    -1,    -1,    -1,    -1,    -1,
      -1,    88,    89,    -1,    91,    -1,    -1,    94,    95,     1,
      -1,    -1,    -1,    -1,   101,   102,   103,   104,    -1,    11,
      -1,    13,    14,    15,    16,    17,    -1,    -1,    20,    21,
      22,    23,    24,    -1,    26,    27,    28,    29,    30,    31,
      -1,    -1,    -1,    -1,    36,    -1,    -1,    51,    -1,    -1,
      -1,    -1,    -1,    -1,    58,    59,    60,    61,    50,    -1,
      52,    53,    54,    55,    56,    57,    -1,    -1,    -1,    -1,
      62,    63,    64,    65,    66,    67,    68,    81,    82,    83,
      84,    85,    86,    87,    76,    -1,    -1,    -1,    92,    93,
      -1,    -1,    96,    97,    98,    99,    88,    89,    -1,    91,
      -1,    -1,    94,    95,     1,    -1,    -1,    -1,    -1,   101,
     102,   103,   104,    -1,    11,    -1,    13,    14,    15,    16,
      17,    -1,    -1,    20,    21,    22,    23,    24,    -1,    26,
      27,    28,    29,    30,    31,    -1,    -1,    -1,    -1,    36,
      -1,    -1,    -1,    -1,    -1,    -1,    -1,    58,    59,    60,
      61,    -1,    -1,    50,    -1,    52,    53,    54,    55,    56,
      57,    -1,    -1,    -1,    -1,    62,    63,    64,    65,    66,
      67,    68,    83,    84,    85,    86,    87,    -1,    -1,    76,
      -1,    92,    93,    -1,    -1,    96,    97,    98,    99,    -1,
      -1,    88,    89,    -1,    91,    -1,    -1,    94,    95,    -1,
      -1,    -1,    -1,   100,   101,    -1,   103,   104,     9,    -1,
      11,    -1,    13,    14,    15,    16,    17,    -1,    -1,    20,
      21,    22,    23,    24,    25,    26,    27,    28,    29,    30,
      31,    -1,    -1,    -1,    -1,    36,    -1,    -1,    -1,    -1,
      -1,    -1,    58,    59,    60,    61,    -1,    -1,    -1,    50,
      -1,    52,    53,    54,    55,    56,    57,    -1,    -1,    -1,
      -1,    62,    63,    64,    65,    66,    67,    68,    84,    85,
      86,    87,    -1,    -1,    -1,    76,    92,    93,    -1,    -1,
      96,    97,    98,    99,    -1,    -1,    -1,    88,    89,    -1,
      91,    -1,    -1,    94,    95,    -1,    -1,    -1,    -1,    -1,
     101,    -1,   103,   104,     9,    -1,    11,    -1,    13,    14,
      15,    16,    17,    -1,    -1,    20,    21,    22,    23,    24,
      -1,    26,    27,    28,    29,    30,    31,    -1,    -1,    -1,
      -1,    36,    -1,    -1,    -1,    -1,    -1,    -1,    58,    59,
      60,    61,    -1,    -1,    -1,    50,    -1,    52,    53,    54,
      55,    56,    57,    -1,    -1,    -1,    -1,    62,    63,    64,
      65,    66,    67,    68,    -1,    85,    86,    87,    -1,    -1,
      -1,    76,    92,    93,    -1,    -1,    96,    97,    98,    99,
      -1,    -1,    -1,    88,    89,    -1,    91,    -1,    -1,    94,
      95,    -1,    -1,    -1,    -1,    -1,   101,    -1,   103,   104,
      11,    12,    13,    14,    15,    16,    17,    -1,    -1,    20,
      21,    22,    23,    24,    -1,    26,    27,    28,    29,    30,
      31,    -1,    -1,    -1,    -1,    36,    -1,    -1,    -1,    -1,
      -1,    -1,    58,    59,    60,    61,    -1,    -1,    -1,    50,
      -1,    52,    53,    54,    55,    56,    57,    -1,    -1,    -1,
      -1,    62,    63,    64,    65,    66,    67,    68,    -1,    -1,
      86,    87,    -1,    -1,    -1,    76,    92,    93,    -1,    -1,
      96,    97,    98,    99,    -1,    -1,    -1,    88,    89,    -1,
      91,    -1,    -1,    94,    95,    -1,    -1,    -1,    60,    61,
     101,    -1,   103,   104,    11,    -1,    13,    14,    15,    16,
      17,    -1,    -1,    20,    21,    22,    23,    24,    -1,    26,
      27,    28,    29,    30,    31,    87,    -1,    -1,    -1,    36,
      92,    93,    -1,    -1,    96,    97,    98,    99,    60,    61,
      -1,    -1,    -1,    50,    -1,    52,    53,    54,    55,    56,
      57,    -1,    -1,    -1,    -1,    62,    63,    64,    65,    66,
      67,    68,    -1,    -1,    86,    87,    -1,    -1,    -1,    76,
      92,    93,    -1,    -1,    96,    97,    98,    99,    -1,    -1,
      -1,    88,    89,    -1,    91,    -1,    -1,    94,    95,    -1,
      -1,    -1,    -1,    -1,   101,   102,   103,   104,    11,    -1,
      13,    14,    15,    16,    17,    -1,    -1,    20,    21,    22,
      23,    24,    -1,    26,    27,    28,    29,    30,    31,    -1,
      -1,    -1,    -1,    36,    39,    40,    41,    42,    -1,    -1,
      -1,    46,    -1,    48,    -1,    -1,    -1,    50,    -1,    52,
      53,    54,    55,    56,    57,    -1,    -1,    -1,    -1,    62,
      63,    64,    65,    66,    67,    68,    -1,    -1,    73,    74,
      75,    -1,    -1,    76,    -1,    -1,    -1,    -1,    -1,    -1,
      -1,    -1,    -1,    -1,    -1,    88,    89,    -1,    91,    -1,
      -1,    94,    95,    -1,    -1,    -1,    -1,   100,   101,    -1,
     103,   104,    11,    -1,    13,    14,    15,    16,    17,    -1,
      -1,    20,    21,    22,    23,    24,    -1,    26,    27,    28,
      29,    30,    31,    -1,    -1,    -1,    -1,    36,    -1,    -1,
      -1,    -1,    -1,    -1,    -1,    -1,    -1,    -1,    -1,    -1,
      -1,    50,    -1,    52,    53,    54,    55,    56,    57,    -1,
      -1,    -1,    -1,    62,    63,    64,    65,    66,    67,    68,
      -1,    -1,    -1,    -1,    -1,    -1,    -1,    76,    -1,    -1,
      -1,    -1,    -1,    -1,    -1,    -1,    -1,    -1,    -1,    88,
      89,    -1,    91,    -1,    -1,    94,    95,    -1,    -1,    -1,
      -1,   100,   101,    -1,   103,   104,    11,    -1,    13,    14,
      15,    16,    17,    -1,    -1,    20,    21,    22,    23,    24,
      -1,    26,    27,    28,    29,    30,    31,    -1,    -1,    -1,
      -1,    36,    -1,    -1,    -1,    -1,    -1,    -1,    -1,    -1,
      -1,    -1,    -1,    -1,    -1,    50,    -1,    52,    53,    54,
      55,    56,    57,    -1,    -1,    -1,    -1,    62,    63,    64,
      65,    66,    67,    68,    -1,    -1,    -1,    -1,    -1,    -1,
      -1,    76,    -1,    -1,    -1,    -1,    -1,    -1,    -1,    -1,
      -1,    -1,    -1,    88,    89,    -1,    91,    -1,    -1,    94,
      95,    -1,    -1,    -1,    -1,   100,   101,    -1,   103,   104,
      11,    -1,    13,    14,    15,    16,    17,    -1,    -1,    20,
      21,    22,    23,    24,    -1,    26,    27,    28,    29,    30,
      31,    -1,    -1,    -1,    -1,    36,    -1,    -1,    -1,    -1,
      -1,    -1,    -1,    -1,    -1,    -1,    -1,    -1,    -1,    50,
      -1,    52,    53,    54,    55,    56,    57,    -1,    -1,    -1,
      -1,    62,    63,    64,    65,    66,    67,    68,    -1,    -1,
      -1,    -1,    -1,    -1,    -1,    76,    -1,    -1,    -1,    -1,
      -1,    -1,    -1,    -1,    -1,    -1,    -1,    88,    89,    -1,
      91,    -1,    -1,    94,    95,    -1,    -1,    -1,    -1,   100,
     101,    -1,   103,   104,    11,    -1,    13,    14,    15,    16,
      17,    -1,    -1,    20,    21,    22,    23,    24,    -1,    26,
      27,    28,    29,    30,    31,    -1,    -1,    -1,    -1,    36,
      -1,    -1,    -1,    -1,    -1,    -1,    -1,    -1,    -1,    -1,
      -1,    -1,    -1,    50,    -1,    52,    53,    54,    55,    56,
      57,    -1,    -1,    -1,    -1,    62,    63,    64,    65,    66,
      67,    68,    -1,    -1,    -1,    -1,    -1,    -1,    -1,    76,
      -1,    -1,    -1,    -1,    -1,    -1,    -1,    -1,    -1,    -1,
      -1,    88,    89,    -1,    91,    -1,    -1,    94,    95,    -1,
      -1,    -1,    -1,   100,   101,    -1,   103,   104,    11,    -1,
      13,    14,    15,    16,    17,    -1,    -1,    20,    21,    22,
      23,    24,    -1,    26,    27,    28,    29,    30,    31,    -1,
      -1,    -1,    -1,    36,    -1,    -1,    -1,    -1,    -1,    -1,
      -1,    -1,    -1,    -1,    -1,    -1,    -1,    50,    -1,    52,
      53,    54,    55,    56,    57,    -1,    -1,    -1,    -1,    62,
      63,    64,    65,    66,    67,    68,    -1,    -1,    -1,    -1,
      -1,    -1,    -1,    76,    -1,    -1,    -1,    -1,    -1,    -1,
      -1,    -1,    -1,    -1,    -1,    88,    89,    -1,    91,    -1,
      -1,    94,    95,    -1,    -1,    -1,    -1,   100,   101,    -1,
     103,   104,    11,    -1,    13,    14,    15,    16,    17,    -1,
      -1,    20,    21,    22,    23,    24,    -1,    26,    27,    28,
      29,    30,    31,    -1,    -1,    -1,    -1,    36,    -1,    -1,
      -1,    -1,    -1,    -1,    -1,    -1,    -1,    -1,    -1,    -1,
      -1,    50,    -1,    52,    53,    54,    55,    56,    57,    -1,
      -1,    -1,    -1,    62,    63,    64,    65,    66,    67,    68,
      -1,    -1,    -1,    -1,    -1,    -1,    -1,    76,    -1,    -1,
      -1,    -1,    -1,    -1,    -1,    -1,    -1,    -1,    -1,    88,
      89,    -1,    91,    -1,    -1,    94,    95,    -1,    -1,    -1,
      -1,   100,   101,    -1,   103,   104,    11,    -1,    13,    14,
      15,    16,    17,    -1,    -1,    20,    21,    22,    23,    24,
      -1,    26,    27,    28,    29,    30,    31,    -1,    -1,    -1,
      -1,    36,    -1,    -1,    -1,    -1,    -1,    -1,    -1,    -1,
      -1,    -1,    -1,    -1,    -1,    50,    -1,    52,    53,    54,
      55,    56,    57,    -1,    -1,    -1,    -1,    62,    63,    64,
      65,    66,    67,    68,    -1,    -1,    -1,    -1,    -1,    -1,
      -1,    76,    -1,    -1,    -1,    -1,    -1,    -1,    -1,    -1,
      -1,    -1,    -1,    88,    89,    -1,    91,    -1,    -1,    94,
      95,    -1,    -1,    -1,    -1,    -1,   101,    -1,   103,   104,
      11,    -1,    13,    14,    15,    16,    17,    -1,    -1,    20,
      21,    22,    23,    24,    -1,    26,    27,    28,    29,    30,
      31,    -1,    -1,    -1,    -1,    36,    -1,    -1,    -1,    -1,
      -1,    -1,    -1,    -1,    -1,    -1,    -1,    -1,    -1,    50,
      -1,    52,    53,    54,    55,    56,    57,    -1,    -1,    -1,
      -1,    62,    63,    64,    65,    66,    67,    68,    -1,    -1,
      -1,    -1,    -1,    -1,    -1,    76,    -1,    -1,    -1,    -1,
      -1,    -1,    -1,    -1,    -1,    -1,    -1,    88,    89,    51,
      91,    -1,    -1,    94,    95,    -1,    58,    59,    60,    61,
     101,    -1,   103,   104,    -1,    -1,    -1,    -1,    -1,    -1,
      -1,    -1,    -1,    -1,    -1,    -1,    78,    79,    -1,    81,
      82,    83,    84,    85,    86,    87,    -1,    -1,    -1,    -1,
      92,    93,    51,    -1,    96,    97,    98,    99,    -1,    58,
      59,    60,    61,    -1,    -1,    -1,    -1,    -1,    -1,    -1,
      -1,    -1,    -1,    -1,    -1,    -1,    -1,    -1,    -1,    -1,
      79,    -1,    81,    82,    83,    84,    85,    86,    87,    -1,
      -1,    -1,    -1,    92,    93,    -1,    -1,    96,    97,    98,
      99
};

  /* YYSTOS[STATE-NUM] -- The (internal number of the) accessing
     symbol of state STATE-NUM.  */
static const yytype_uint8 yystos[] =
{
       0,     3,     4,     5,     6,     7,     8,   107,   108,   109,
     110,   111,   112,   113,     0,   116,    11,    13,    14,    15,
      16,    17,    20,    21,    22,    23,    24,    26,    27,    28,
      29,    30,    31,    36,    50,    52,    53,    54,    55,    56,
      57,    62,    63,    64,    65,    66,    67,    68,    76,    88,
      89,    91,    94,    95,   101,   103,   104,   153,   154,   155,
     158,   159,   160,   161,   162,   163,   165,   168,   174,   175,
     176,   179,   180,   181,   182,   183,   184,     9,   114,     1,
      32,    34,    35,    37,    38,    39,    40,    41,    42,    46,
      47,    48,    49,   102,   114,   123,   133,   153,    33,   121,
     122,   123,   119,   119,    12,   153,   163,   163,    20,    25,
     114,   175,   185,   185,   185,   185,   185,   164,    11,   101,
     163,   144,   144,   163,   101,   101,   101,   114,   163,    20,
     154,   167,   175,   185,   185,   114,   163,   102,   153,    20,
      25,   146,   163,    15,    91,   101,   166,   175,   176,   177,
     178,   179,   163,   154,   163,   163,   163,   163,   163,   100,
     153,   185,   185,    73,    74,    75,    77,     9,    11,   101,
      51,    58,    59,    60,    61,    78,    79,    81,    82,    83,
      84,    85,    86,    87,    92,    93,    96,    97,    98,    99,
     101,     9,    11,     9,    11,     9,    11,     9,   116,   145,
     146,    20,   143,   101,   101,   101,   101,    67,    91,   101,
     173,   175,   101,   101,   114,    45,   135,   102,    39,    40,
      41,    42,    46,    48,   122,   123,   121,    12,   167,   101,
     101,   153,   100,   114,    23,   116,   147,   100,   100,   153,
     168,   185,   154,    10,   102,   167,    25,    15,   101,   163,
     166,   175,   176,   179,   100,   153,    69,   149,    78,   149,
      11,   100,   153,   153,   153,   163,   153,   153,   100,   153,
     163,   163,   163,   163,   163,   163,   163,   163,   163,   163,
     163,   163,   163,   163,   163,     9,    11,    15,    16,    17,
      21,    62,   101,   103,   104,   157,   175,   100,   153,   153,
     153,   153,   153,   153,   153,   153,   119,    20,   142,   143,
      20,   126,   116,   116,   116,   116,    91,   116,    67,   171,
     172,   174,   175,   176,   179,   116,   116,   101,   116,   116,
     114,   153,   139,   153,   153,   153,   153,   153,   168,   154,
      12,   156,   101,   150,    69,   148,   100,   100,   153,    10,
      11,    25,   100,   153,   149,   100,    23,   101,    78,   153,
      11,   102,    12,   100,    80,   153,   153,   104,   104,   104,
     104,   100,   153,   104,   104,   101,   100,   102,    12,   102,
      12,   102,    12,   102,    10,    18,   115,   124,   125,     9,
     102,    20,   138,   153,   139,   140,   153,   140,   170,   175,
     101,   133,   137,   140,   141,   153,   171,   116,   140,   140,
     100,   105,   169,   167,   151,   148,    23,   114,   100,    12,
      23,    11,   100,   154,   101,    12,   153,    10,   163,   102,
      12,   100,   168,    10,    10,    10,    10,   116,   147,   116,
     116,    20,   100,   100,   100,   100,   101,   116,   100,   102,
     129,   140,   100,   100,   153,   100,   100,     9,    12,   100,
     154,    12,    10,   100,   102,   148,   150,   130,   167,   136,
     136,     9,   117,   117,   140,   140,   117,   127,   101,   100,
     117,   117,   119,   100,    71,   102,   114,   152,   148,   119,
     102,   117,   117,   118,    43,    44,   134,   134,   100,   100,
     135,   138,   140,   117,    10,   120,     9,    10,   135,   135,
     119,   117,   101,   117,   117,   102,   100,   135,    23,   102,
     131,   119,    10,   140,   135,   135,   128,   117,    70,   132,
      19,    10,   100,   136,   135,   119,   117,   141,    71,   134,
     100,   117
};

  /* YYR1[YYN] -- Symbol number of symbol that rule YYN derives.  */
static const yytype_uint8 yyr1[] =
{
       0,   106,   108,   107,   109,   107,   110,   107,   111,   107,
     112,   107,   113,   107,   114,   115,   116,   117,   118,   119,
     119,   120,   120,   121,   121,   122,   122,   123,   123,   124,
     123,   125,   123,   123,   126,   123,   123,   123,   123,   123,
     123,   123,   123,   127,   128,   123,   123,   123,   129,   123,
     123,   123,   123,   130,   123,   123,   123,   131,   132,   132,
     133,   133,   133,   133,   133,   133,   133,   133,   134,   134,
     134,   135,   135,   136,   137,   137,   138,   138,   139,   140,
     141,   142,   142,   143,   144,   145,   146,   146,   147,   147,
     148,   148,   148,   149,   149,   151,   150,   152,   152,   153,
     153,   153,   153,   154,   154,   154,   155,   155,   155,   155,
     155,   155,   155,   155,   156,   155,   157,   157,   158,   158,
     158,   158,   158,   158,   158,   158,   158,   158,   158,   158,
     158,   158,   159,   159,   159,   159,   159,   159,   159,   159,
     159,   159,   159,   159,   159,   159,   160,   160,   160,   160,
     160,   160,   160,   160,   160,   160,   161,   161,   161,   161,
     161,   161,   162,   162,   163,   163,   163,   163,   163,   163,
     163,   163,   163,   163,   163,   163,   163,   163,   163,   163,
     163,   163,   163,   163,   163,   163,   163,   163,   163,   163,
     163,   163,   163,   163,   163,   163,   163,   163,   163,   163,
     163,   163,   163,   163,   163,   163,   163,   163,   163,   163,
     163,   163,   163,   164,   163,   163,   163,   163,   163,   165,
     165,   165,   165,   165,   166,   166,   166,   166,   166,   166,
     167,   167,   168,   168,   169,   169,   170,   171,   171,   171,
     172,   172,   173,   173,   174,   175,   176,   177,   178,   179,
     180,   180,   181,   182,   182,   183,   183,   184,   184,   185,
     185,   185,   185
};

  /* YYR2[YYN] -- Number of symbols on the right hand side of rule YYN.  */
static const yytype_uint8 yyr2[] =
{
       0,     2,     0,     4,     0,     3,     0,     3,     0,     3,
       0,     3,     0,     3,     4,     7,     0,     4,     0,     0,
       2,     0,     2,     1,     1,     2,     2,     1,     4,     0,
       7,     0,    10,     4,     0,     7,     7,     7,     6,     6,
       2,     8,     8,     0,     0,    13,     9,     8,     0,    10,
       9,     7,     2,     0,     8,     2,     1,     2,     0,     3,
       1,     1,     3,     3,     3,     3,     3,     3,     0,     2,
       6,     0,     2,     0,     0,     1,     0,     1,     1,     1,
       1,     1,     0,     0,     0,     0,     1,     1,     0,     1,
       0,     2,     1,     2,     1,     0,     3,     1,     1,     3,
       3,     3,     1,     2,     3,     1,     3,     5,     6,     3,
       3,     5,     2,     4,     0,     5,     1,     1,     5,     4,
       5,     4,     5,     6,     5,     4,     5,     4,     3,     6,
       4,     5,     3,     3,     3,     3,     3,     3,     3,     3,
       3,     3,     3,     3,     3,     3,     2,     2,     2,     2,
       2,     2,     2,     2,     2,     2,     3,     2,     4,     3,
       5,     8,     2,     2,     1,     1,     1,     1,     5,     2,
       3,     1,     2,     3,     1,     2,     1,     1,     1,     1,
       1,     1,     4,     4,     5,     5,     1,     1,     3,     4,
       3,     4,     4,     4,     4,     4,     1,     2,     2,     1,
       2,     2,     1,     2,     1,     2,     1,     3,     1,     3,
       1,     3,     4,     0,     6,     1,     1,     1,     1,     3,
       2,     4,     7,     6,     3,     2,     1,     1,     1,     1,
       0,     1,     0,     1,     0,     2,     1,     1,     1,     1,
       1,     1,     2,     2,     2,     2,     2,     5,     4,     2,
       2,     4,     2,     1,     3,     1,     3,     1,     3,     1,
       1,     1,     1
};

typedef enum {
	toketype_ival, toketype_opval, toketype_pval
} toketypes;

/* type of each token/terminal */
static const toketypes yy_type_tab[] =
{
  toketype_ival, toketype_ival, toketype_ival, toketype_ival, toketype_ival, toketype_ival,
  toketype_ival, toketype_ival, toketype_ival, toketype_ival, toketype_ival, toketype_ival,
  toketype_ival, toketype_ival, toketype_ival, toketype_ival, toketype_ival, toketype_ival, toketype_ival, toketype_ival, toketype_opval,
  toketype_opval, toketype_opval, toketype_opval, toketype_opval, toketype_opval, toketype_opval,
  toketype_opval, toketype_opval, toketype_opval, toketype_opval, toketype_opval, toketype_opval,
  toketype_pval, toketype_ival, toketype_ival, toketype_ival, toketype_ival, toketype_ival, toketype_ival, toketype_ival,
  toketype_ival, toketype_ival, toketype_ival, toketype_ival, toketype_ival, toketype_ival, toketype_ival, toketype_ival,
  toketype_ival, toketype_ival, toketype_ival, toketype_ival, toketype_ival, toketype_ival, toketype_ival,
  toketype_ival, toketype_ival, toketype_ival, toketype_ival, toketype_ival, toketype_ival, toketype_ival, toketype_ival,
  toketype_ival, toketype_ival, toketype_ival, toketype_ival, toketype_ival, toketype_ival,
  toketype_ival, toketype_ival, toketype_ival, toketype_ival, toketype_ival, toketype_ival,
  toketype_ival, toketype_ival, toketype_ival, toketype_ival, toketype_ival, toketype_ival, toketype_ival, toketype_ival,
  toketype_ival, toketype_ival, toketype_ival, toketype_ival, toketype_ival, toketype_ival, toketype_ival,
  toketype_ival, toketype_ival, toketype_ival, toketype_ival, toketype_ival, toketype_ival, toketype_ival,
  toketype_ival, toketype_ival, toketype_ival, toketype_ival, toketype_ival, toketype_ival, toketype_ival, toketype_ival, toketype_ival,
  toketype_ival, toketype_ival, toketype_ival, toketype_ival, toketype_ival, toketype_ival, toketype_ival, toketype_opval,
  toketype_opval, toketype_ival, toketype_opval, toketype_ival, toketype_opval, toketype_opval,
  toketype_opval, toketype_opval, toketype_opval, toketype_ival, toketype_ival, toketype_ival, toketype_ival,
  toketype_ival, toketype_ival, toketype_ival, toketype_opval, toketype_opval, toketype_opval, toketype_opval, toketype_opval,
  toketype_ival, toketype_opval, toketype_opval, toketype_opval, toketype_opval, toketype_opval, toketype_opval,
  toketype_ival, toketype_ival, toketype_ival, toketype_opval, toketype_opval,
  toketype_opval, toketype_opval, toketype_opval, toketype_ival, toketype_opval, toketype_opval,
  toketype_opval, toketype_opval, toketype_ival, toketype_opval, toketype_opval, toketype_opval,
  toketype_opval, toketype_opval, toketype_opval, toketype_opval, toketype_ival, toketype_opval, toketype_opval,
  toketype_opval, toketype_opval, toketype_opval, toketype_opval, toketype_opval,
  toketype_opval, toketype_ival, toketype_opval, toketype_opval, toketype_opval, toketype_opval,
  toketype_opval, toketype_opval, toketype_opval, toketype_opval, toketype_opval, toketype_opval,
  toketype_opval, toketype_opval
};

/* Generated from:
 * 2b762dd4effae7a674587ab7c1f851dcd8be48aad5592d32014cbaef24642818 perly.y
 * d75acf04e5e050e9d0de13999b5b46a13f176dcf9f75c07acf51e913fc41db9a regen_perly.pl
 * ex: set ro: */
