/* ex: set ro ft=c: -*- mode: c; buffer-read-only: t -*-
   !!!!!!!   DO NOT EDIT THIS FILE   !!!!!!!
   This file is built by regen_perly.pl from perly.y.
   Any changes made here will be lost!
 */

#define YYFINAL  14
/* YYLAST -- Last index in YYTABLE.  */
#define YYLAST   3531

/* YYNTOKENS -- Number of terminals.  */
#define YYNTOKENS  113
/* YYNNTS -- Number of nonterminals.  */
#define YYNNTS  87
/* YYNRULES -- Number of rules.  */
#define YYNRULES  279
/* YYNSTATES -- Number of states.  */
#define YYNSTATES  560

/* YYTRANSLATE[YYX] -- Symbol number corresponding to YYX as returned
   by yylex, with out-of-bounds checking.  */
#define YYUNDEFTOK  2
#define YYMAXUTOK   345

#define YYTRANSLATE(YYX)                                                \
  ((unsigned int) (YYX) <= YYMAXUTOK ? yytranslate[YYX] : YYUNDEFTOK)

/* YYTRANSLATE[TOKEN-NUM] -- Symbol number corresponding to TOKEN-NUM
   as returned by yylex, without out-of-bounds checking.  */
static const yytype_uint8 yytranslate[] =
{
       0,     2,     2,     2,     2,     2,     2,     2,     2,     2,
       2,     2,     2,     2,     2,     2,     2,     2,     2,     2,
       2,     2,     2,     2,     2,     2,     2,     2,     2,     2,
       2,     2,     2,    95,     2,     2,   110,    16,    17,     2,
     108,   107,   111,    14,    84,    13,    19,   112,     2,     2,
       2,     2,     2,     2,     2,     2,     2,     2,    87,   109,
       2,    18,     2,    86,    15,     2,     2,     2,     2,     2,
       2,     2,     2,     2,     2,     2,     2,     2,     2,     2,
       2,     2,     2,     2,     2,     2,     2,     2,     2,     2,
       2,    11,     2,    12,     2,     2,     2,     2,     2,     2,
       2,     2,     2,     2,     2,     2,     2,     2,     2,     2,
       2,     2,     2,     2,     2,     2,     2,     2,     2,     2,
       2,     2,     2,     9,     2,    10,    96,     2,     2,     2,
       2,     2,     2,     2,     2,     2,     2,     2,     2,     2,
       2,     2,     2,     2,     2,     2,     2,     2,     2,     2,
       2,     2,     2,     2,     2,     2,     2,     2,     2,     2,
       2,     2,     2,     2,     2,     2,     2,     2,     2,     2,
       2,     2,     2,     2,     2,     2,     2,     2,     2,     2,
       2,     2,     2,     2,     2,     2,     2,     2,     2,     2,
       2,     2,     2,     2,     2,     2,     2,     2,     2,     2,
       2,     2,     2,     2,     2,     2,     2,     2,     2,     2,
       2,     2,     2,     2,     2,     2,     2,     2,     2,     2,
       2,     2,     2,     2,     2,     2,     2,     2,     2,     2,
       2,     2,     2,     2,     2,     2,     2,     2,     2,     2,
       2,     2,     2,     2,     2,     2,     2,     2,     2,     2,
       2,     2,     2,     2,     2,     2,     1,     2,     3,     4,
       5,     6,     7,     8,    20,    21,    22,    23,    24,    25,
      26,    27,    28,    29,    30,    31,    32,    33,    34,    35,
      36,    37,    38,    39,    40,    41,    42,    43,    44,    45,
      46,    47,    48,    49,    50,    51,    52,    53,    54,    55,
      56,    57,    58,    59,    60,    61,    62,    63,    64,    65,
      66,    67,    68,    69,    70,    71,    72,    73,    74,    75,
      76,    77,    78,    79,    80,    81,    82,    83,    85,    88,
      89,    90,    91,    92,    93,    94,    97,    98,    99,   100,
     101,   102,   103,   104,   105,   106
};

#if YYDEBUG
  /* YYRLINE[YYN] -- Source line where rule number YYN was defined.  */
static const yytype_uint16 yyrline[] =
{
       0,   118,   118,   117,   128,   127,   137,   136,   149,   148,
     161,   160,   173,   172,   184,   192,   200,   204,   212,   218,
     219,   229,   230,   239,   243,   247,   251,   258,   260,   270,
     269,   303,   302,   346,   354,   353,   362,   368,   374,   385,
     387,   389,   396,   404,   406,   403,   424,   423,   431,   430,
     439,   438,   448,   456,   463,   462,   470,   477,   476,   492,
     491,   502,   504,   508,   516,   534,   535,   540,   542,   544,
     546,   548,   550,   552,   555,   561,   562,   567,   578,   579,
     585,   591,   592,   597,   600,   604,   609,   613,   617,   618,
     621,   622,   623,   627,   632,   637,   642,   643,   648,   649,
     654,   655,   657,   662,   664,   670,   669,   688,   689,   693,
     695,   697,   699,   703,   705,   710,   714,   718,   722,   728,
     733,   739,   745,   747,   750,   749,   760,   761,   765,   769,
     772,   777,   782,   785,   789,   793,   796,   801,   805,   808,
     810,   812,   817,   819,   821,   826,   831,   833,   835,   837,
     839,   841,   843,   845,   847,   849,   851,   856,   858,   861,
     863,   865,   868,   871,   882,   885,   888,   895,   897,   899,
     901,   903,   906,   925,   927,   931,   932,   933,   934,   935,
     937,   939,   941,   943,   945,   947,   949,   951,   953,   955,
     957,   959,   961,   963,   973,   983,   993,  1003,  1005,  1007,
    1010,  1015,  1019,  1021,  1023,  1025,  1028,  1030,  1033,  1035,
    1037,  1039,  1041,  1043,  1045,  1047,  1049,  1052,  1054,  1056,
    1058,  1060,  1062,  1066,  1069,  1068,  1081,  1082,  1083,  1088,
    1092,  1094,  1096,  1098,  1100,  1105,  1107,  1110,  1112,  1114,
    1116,  1122,  1124,  1126,  1128,  1133,  1135,  1140,  1141,  1146,
    1147,  1151,  1154,  1153,  1161,  1165,  1166,  1167,  1170,  1171,
    1174,  1175,  1178,  1182,  1186,  1192,  1221,  1227,  1229,  1233,
    1237,  1238,  1242,  1243,  1247,  1248,  1253,  1255,  1257,  1260
};
#endif

#if 1 /* YYDEBUG || YYERROR_VERBOSE || 0 */
/* YYTNAME[SYMBOL-NUM] -- String name of the symbol SYMBOL-NUM.
   First, the terminals, then, starting at YYNTOKENS, nonterminals.  */
static const char *const yytname[] =
{
  "$end", "error", "$undefined", "GRAMPROG", "GRAMEXPR", "GRAMBLOCK",
  "GRAMBARESTMT", "GRAMFULLSTMT", "GRAMSTMTSEQ", "'{'", "'}'", "'['",
  "']'", "'-'", "'+'", "'@'", "'%'", "'&'", "'='", "'.'", "BAREWORD",
  "METHOD", "FUNCMETH", "THING", "PMFUNC", "PRIVATEREF", "QWLIST",
  "FUNC0OP", "FUNC0SUB", "UNIOPSUB", "LSTOPSUB", "PLUGEXPR", "PLUGSTMT",
  "CLASSDECL", "MACRODEF", "LABEL", "MACRO", "FORMAT", "SUB", "METHDECL",
  "MULTIDECL", "ANONSUB", "PACKAGE", "USE", "WHILE", "UNTIL", "IF",
  "UNLESS", "ELSE", "ELSIF", "CONTINUE", "FOR", "GIVEN", "WHEN", "DEFAULT",
  "LOOPEX", "DOTDOT", "YADAYADA", "FUNC0", "FUNC1", "FUNC", "UNIOP",
  "LSTOP", "RELOP", "EQOP", "MULOP", "UNIMULOP", "ADDOP", "DOLSHARP", "DO",
  "HASHBRACK", "NOAMP", "LOCAL", "MY", "HAS", "REQUIRE", "COLONATTR",
  "FORMLBRACK", "FORMRBRACK", "PREC_LOW", "OROP", "DOROP", "ANDOP",
  "NOTOP", "','", "ASSIGNOP", "'?'", "':'", "OROR", "DORDOR", "ANDAND",
  "BITOROP", "BITANDOP", "SHIFTOP", "MATCHOP", "'!'", "'~'", "UMINUS",
  "REFGEN", "POWOP", "POWCOP", "PREINC", "PREDEC", "POSTINC", "POSTDEC",
  "POSTJOIN", "ARROW", "')'", "'('", "';'", "'$'", "'*'", "'/'", "$accept",
  "grammar", "$@1", "$@2", "$@3", "$@4", "$@5", "$@6", "block",
  "formblock", "remember", "mblock", "mremember", "stmtseq", "formstmtseq",
  "fullstmt", "labfullstmt", "barestmt", "$@7", "$@8", "$@9", "$@10",
  "$@11", "$@12", "$@13", "@14", "$@15", "$@16", "$@17", "formline",
  "formarg", "sideff", "else", "cont", "mintro", "nexpr", "texpr", "iexpr",
  "mexpr", "mnexpr", "formname", "subdecl", "startsub", "startanonsub",
  "startformsub", "subname", "proto", "subattrlist", "myattrlist",
  "subsignature", "@18", "optsubbody", "expr", "listexpr", "listop", "@19",
  "method", "subscripted", "termbinop", "termunop", "anonymous", "termdo",
  "term", "@20", "myattrterm", "myterm", "hasterm", "optlistexpr",
  "optexpr", "optrepl", "lpar_or_qw", "$@21", "my_scalar", "my_var",
  "refgen_topic", "my_refgen", "amper", "scalar", "ary", "sizearydecl",
  "hsh", "arylen", "star", "sliceme", "kvslice", "gelem", "indirob", YY_NULLPTR
};
#endif

# ifdef YYPRINT
/* YYTOKNUM[NUM] -- (External) token number corresponding to the
   (internal) symbol number NUM (which must be that of a token).  */
static const yytype_uint16 yytoknum[] =
{
       0,   256,   257,   258,   259,   260,   261,   262,   263,   123,
     125,    91,    93,    45,    43,    64,    37,    38,    61,    46,
     264,   265,   266,   267,   268,   269,   270,   271,   272,   273,
     274,   275,   276,   277,   278,   279,   280,   281,   282,   283,
     284,   285,   286,   287,   288,   289,   290,   291,   292,   293,
     294,   295,   296,   297,   298,   299,   300,   301,   302,   303,
     304,   305,   306,   307,   308,   309,   310,   311,   312,   313,
     314,   315,   316,   317,   318,   319,   320,   321,   322,   323,
     324,   325,   326,   327,    44,   328,    63,    58,   329,   330,
     331,   332,   333,   334,   335,    33,   126,   336,   337,   338,
     339,   340,   341,   342,   343,   344,   345,    41,    40,    59,
      36,    42,    47
};
# endif

#define YYPACT_NINF -425

#define yypact_value_is_default(Yystate) \
  (!!((Yystate) == (-425)))

#define YYTABLE_NINF -275

#define yytable_value_is_error(Yytable_value) \
  (!!((Yytable_value) == (-275)))

  /* YYPACT[STATE-NUM] -- Index in YYTABLE of the portion describing
     STATE-NUM.  */
static const yytype_int16 yypact[] =
{
     354,  -425,  -425,  -425,  -425,  -425,  -425,    59,  -425,  3140,
      62,  1717,  1614,  -425,  -425,  -425,  2231,  3140,  3140,    27,
      27,    27,  -425,    27,    27,  -425,  -425,    70,   -18,  -425,
    3140,  -425,  -425,  -425,  3140,  -425,    -1,    19,    26,  2127,
    2024,    27,  2127,  2332,    63,  3140,    79,    25,  3140,  3140,
    3140,  3140,  3140,  3140,  3140,  2433,    27,    27,    98,    28,
    -425,    24,  -425,  -425,  -425,  -425,  3335,  -425,  -425,    51,
      39,    93,   177,  -425,    99,   264,   267,   157,  -425,  -425,
    -425,  -425,   167,   128,  -425,  -425,  -425,  -425,   184,  -425,
     100,   101,   108,   109,   389,   113,   117,    62,  -425,   192,
    -425,   137,    63,   383,  1614,  -425,  -425,  -425,   687,   790,
    -425,    18,   310,   310,  -425,  -425,  -425,  -425,  -425,  -425,
    -425,  3140,   142,   156,  3140,   158,   338,    62,     6,  3335,
     161,  2534,  2024,  -425,   338,   577,    28,  -425,   459,  3140,
    -425,  -425,   338,   259,    -3,  -425,  -425,  3140,   338,    33,
    3241,  2635,   196,  -425,  -425,  -425,  -425,   196,  -425,  -425,
    -425,  -425,   338,    28,   310,   310,   310,   239,   239,   268,
     453,  -425,  -425,  3140,  3140,  3140,  3140,  3140,  3140,  2736,
    3140,  3140,  3140,  3140,  3140,  3140,  3140,  3140,  3140,  3140,
    3140,  3140,  3140,  3140,  3140,  3140,  -425,  -425,  -425,  -425,
      53,  2837,  3140,  3140,  3140,  3140,  3140,  3140,  3140,  -425,
    -425,    62,   260,   265,  -425,  -425,  -425,  -425,  -425,   188,
      50,  -425,   262,  -425,    46,  -425,  -425,  -425,    62,  -425,
    -425,  -425,  3140,  3140,  3140,  3140,  3140,  3140,  -425,  -425,
    -425,  -425,  -425,  3140,  3140,   110,  -425,  -425,  -425,   183,
     213,  -425,  -425,   498,   187,  3140,    28,  -425,   285,  -425,
     286,  2938,   310,   196,    71,   146,   194,  -425,   522,   273,
    -425,  -425,  3140,   287,   218,   218,  -425,  3335,   102,   138,
    -425,   538,  3425,   507,   532,   488,  -425,   390,  3335,  3290,
    1805,  1805,  1906,  2009,  2216,  2271,   310,   310,  3140,  3140,
     190,   200,   207,  -425,   208,  3039,    64,   219,   195,  -425,
    -425,   566,   254,   153,   271,   181,   365,   202,   369,   893,
    -425,  -425,  -425,   323,     0,   327,  3140,  3140,  3140,  3140,
    -425,   236,  -425,  -425,   258,  -425,  -425,  -425,  -425,  1819,
    -425,    41,  -425,  -425,  -425,  3140,  3140,  -425,   266,    98,
    -425,    98,    98,    98,    98,    98,   261,    -9,  -425,  3140,
    -425,   213,   352,    62,  -425,  -425,   571,  -425,   355,    52,
     670,  -425,  -425,  -425,   227,  3140,   371,  -425,  -425,  3140,
     400,   232,  -425,  -425,  -425,  -425,  -425,   685,  -425,  -425,
    3140,  -425,   373,  -425,   401,  -425,   402,  -425,   408,  -425,
    -425,  -425,  -425,  -425,  -425,   399,   314,    98,   315,   317,
      98,   318,    46,  -425,  -425,  -425,  -425,   319,   330,   326,
     426,  -425,   340,  3140,   345,   359,   438,  -425,  -425,  3140,
     362,  -425,   366,   463,  -425,  -425,  -425,   464,    80,  -425,
     235,  -425,  3380,   465,  -425,  -425,   372,  -425,  -425,  -425,
    -425,   996,   374,  -425,  3140,  -425,  -425,   426,   426,  3140,
    3140,   426,  -425,  -425,   192,   378,  -425,   384,   426,   426,
     213,   183,    98,  -425,  -425,  -425,  -425,  -425,  -425,  -425,
    -425,   414,  -425,   391,   426,   426,    48,    48,   394,   404,
     192,  3140,  -425,  -425,  3140,  -425,  -425,  -425,     7,   213,
    1099,  -425,  1202,  -425,   192,   192,   426,   405,  -425,  -425,
    -425,   426,  -425,   398,  1305,   407,   426,  -425,  -425,  -425,
     489,  -425,    11,  -425,  -425,  -425,  -425,  3140,   426,   192,
    -425,  -425,   426,   192,  -425,   439,   499,  -425,   410,   192,
    -425,  -425,   192,  -425,  1408,  -425,  -425,  -425,   426,  -425,
    1921,  -425,  -425,  1511,    48,   413,  -425,  -425,   426,  -425
};

  /* YYDEFACT[STATE-NUM] -- Default reduction number in state STATE-NUM.
     Performed when YYTABLE does not specify something else to do.  Zero
     means the default is an error.  */
static const yytype_uint16 yydefact[] =
{
       0,     2,     4,     6,     8,    10,    12,     0,    16,   247,
       0,     0,     0,    19,     1,    19,     0,     0,     0,     0,
       0,     0,   226,     0,     0,   197,   224,   185,   219,   221,
     215,    94,   229,    94,   207,   228,   217,     0,     0,   210,
     245,     0,     0,     0,     0,     0,     0,     0,   213,     0,
       0,     0,     0,     0,     0,     0,     0,     0,   248,   112,
     227,   192,   175,   176,   177,   178,   115,   182,     5,   198,
     187,   190,   189,   191,   188,     0,     0,     0,    16,     7,
      67,    27,     0,     0,    95,    90,    91,    92,     0,    93,
       0,     0,     0,     0,    16,     0,     0,     0,    63,    78,
       9,     0,     0,    68,     0,    11,    24,    23,     0,     0,
     168,     0,   157,   158,   276,   279,   278,   277,   264,   266,
     262,   245,     0,     0,     0,     0,   216,     0,    98,   208,
       0,     0,   247,   211,   212,   276,   246,   122,   277,     0,
     267,   174,   173,     0,     0,    96,    97,   245,   183,     0,
       0,     0,   231,   237,   240,   239,   238,   233,   241,   244,
     243,   242,   214,   209,   159,   160,   180,   165,   166,   186,
       0,   263,   269,     0,     0,     0,   113,     0,     0,     0,
       0,     0,     0,     0,     0,     0,     0,     0,     0,     0,
       0,     0,     0,     0,     0,     0,   164,   161,   162,   163,
       0,     0,     0,     0,     0,     0,     0,     0,     0,    19,
      16,     0,    89,     0,    34,    16,    16,    16,    16,    16,
       0,    16,     0,    16,     0,    16,    16,    40,     0,    56,
      62,    93,     0,     0,     0,     0,     0,     0,    26,    25,
      20,   167,   120,   247,     0,     0,   220,   124,    99,     0,
     100,   218,   222,     0,     0,     0,   116,   170,     0,   201,
     279,     0,   181,     0,   187,   190,   189,   236,     0,   104,
     230,   232,     0,   184,   110,   111,   109,   114,     0,     0,
     138,     0,   152,   148,   149,   144,   145,   146,   142,     0,
     154,   155,   153,   151,   150,   147,   156,   143,     0,     0,
     271,   273,     0,   126,     0,     0,     0,   275,   119,   127,
     199,     0,     0,     0,     0,     0,     0,     0,     0,     0,
      59,    61,    88,     0,     0,     0,    83,     0,     0,     0,
     260,     0,   261,   258,     0,   259,   255,   256,   257,     0,
      54,     0,   252,   251,    16,     0,     0,    79,    29,    71,
      72,    85,    69,    70,    73,    74,     0,   249,   140,   245,
     105,   100,   102,     0,   223,   123,     0,   169,     0,   186,
       0,   234,   235,   103,     0,     0,     0,   131,   137,     0,
       0,     0,   203,   204,   205,   268,   135,     0,   202,   206,
     247,   200,     0,   129,     0,   193,     0,   194,     0,    14,
      19,    16,    28,    16,    33,     0,     0,    84,     0,     0,
      86,     0,     0,   254,    16,    82,    87,     0,     0,    68,
       0,    50,     0,     0,     0,     0,    98,    16,   121,     0,
       0,   125,     0,     0,   101,   171,   117,     0,   184,   141,
       0,   134,   179,     0,   130,   136,     0,   132,   195,   196,
     128,     0,     0,    57,   245,    80,    80,     0,     0,     0,
       0,     0,    43,    18,    78,     0,   253,     0,     0,     0,
     100,     0,   250,   225,   106,    19,   265,   139,   133,   118,
      60,     0,    19,     0,     0,     0,    75,    75,     0,     0,
      78,    83,    19,    55,     0,    48,    38,    39,     0,   100,
       0,    21,     0,    35,    78,    78,     0,     0,    36,    37,
      46,     0,    53,     0,     0,     0,     0,   108,   107,    30,
       0,   172,     0,    58,    41,    42,    76,     0,     0,    78,
      44,    17,     0,    78,    19,    65,     0,    22,     0,    78,
      52,    80,    78,    49,     0,    19,    64,    15,     0,    47,
       0,    51,    32,     0,    75,     0,    66,    77,     0,    45
};

  /* YYPGOTO[NTERM-NUM].  */
static const yytype_int16 yypgoto[] =
{
    -425,  -425,  -425,  -425,  -425,  -425,  -425,  -425,     4,  -425,
     -77,  1708,  -425,   -15,  -425,   515,   425,    15,  -425,  -425,
    -425,  -425,  -425,  -425,  -425,  -425,  -425,  -425,  -425,  -425,
    -425,  -337,  -402,  -252,  -424,  -425,    40,   205,  -253,   -14,
    -425,  -425,   306,   505,  -425,   440,   129,  -341,  -153,    85,
    -425,  -425,    -6,   -34,  -425,  -425,  -425,  -425,  -425,  -425,
    -425,  -425,   206,  -425,  -425,   411,  -425,  -116,  -119,  -425,
     145,  -425,  -425,   226,  -425,  -425,   349,   308,   -39,   528,
     -35,  -425,  -425,  -425,  -425,  -425,    -2
};

  /* YYDEFGOTO[NTERM-NUM].  */
static const yytype_int16 yydefgoto[] =
{
      -1,     7,     8,     9,    10,    11,    12,    13,    99,   402,
      15,   464,   492,   108,   522,   240,   106,   107,   426,   427,
     325,   491,   541,   528,   516,   465,   420,   482,   400,   537,
     546,   101,   508,   229,   484,   416,   406,   350,   409,   418,
     323,   102,   214,   127,   212,   147,   250,   363,   270,   361,
     432,   519,   103,    59,    60,   359,   308,    61,    62,    63,
      64,    65,    66,   123,    67,   152,   157,   137,    68,   430,
     344,   422,   412,   333,   334,   223,    69,    70,    71,   155,
      72,    73,    74,    75,    76,    77,   118
};

  /* YYTABLE[YYPACT[STATE-NUM]] -- What to do in state STATE-NUM.  If
     positive, shift that token.  If negative, reduce the rule whose
     number is the opposite.  If YYTABLE_NINF, syntax error.  */
static const yytype_int16 yytable[] =
{
     109,   209,   415,    58,   271,   242,   136,   154,   159,   403,
     111,   156,   161,   254,    79,   163,    78,   222,   119,   120,
     433,   121,   122,   116,   116,   116,   100,   116,   116,   248,
     241,   259,   485,   177,   535,   178,    78,   144,   139,   140,
     149,    20,    78,   133,   116,   116,   141,   114,   202,   170,
     203,   249,   115,   114,   171,   172,    19,    20,   260,    14,
     116,   116,   298,   272,   299,    19,    20,    21,   300,   301,
     302,    78,   342,    78,   303,   176,   411,   173,   174,   175,
     202,   124,   203,   145,   114,   509,   417,   136,   146,   115,
     125,   375,   424,   425,   149,    20,   506,   507,   173,   174,
     175,   227,  -270,   429,  -270,   256,   258,   130,  -274,   404,
     371,   265,   176,   136,   -16,   266,   517,   550,   245,   239,
     536,   304,   358,   332,   356,   253,    58,   131,  -236,   498,
     255,   247,   179,   320,   132,    56,   116,    56,   326,   327,
     328,   329,   331,    56,   339,   268,   341,  -237,   345,   346,
     377,    56,   557,   116,   343,  -270,  -235,  -270,   520,   201,
      56,   305,   211,   306,   307,   393,   208,   274,   275,   276,
     467,   278,   279,   281,    56,   388,   210,   150,   173,   174,
     175,   337,   173,   174,   175,   338,  -272,   151,  -272,    56,
     173,   174,   175,   395,   319,   311,   312,   313,   314,   315,
     316,   317,   318,  -272,   213,  -272,   488,   489,   215,   216,
     357,   376,   493,   415,   397,   321,   217,   218,   173,   174,
     175,   225,  -240,   112,   113,   226,   349,   351,   352,   353,
     354,   355,   347,   173,   174,   175,   126,    58,   512,   439,
     129,   515,   228,   431,   444,   134,   230,   477,   142,   366,
     243,   148,   524,   525,   162,   370,   164,   165,   166,   167,
     168,   173,   174,   175,   244,   246,   374,   423,   251,   257,
    -238,   446,   269,   204,   538,   205,   206,   540,   207,   272,
     322,   543,   173,   174,   175,   324,   330,   549,   340,   362,
     551,   360,   380,   381,   365,   367,   373,   368,   375,   387,
     175,   382,   337,   390,   171,   184,   338,   173,   174,   175,
     116,   383,   173,   174,   175,   173,   174,   175,   384,   385,
     407,   351,   410,   410,   452,   136,   453,   117,   117,   117,
     389,   117,   117,   419,   173,   174,   175,   460,   483,   410,
     410,   401,  -275,  -275,  -275,   200,    56,   405,   138,   117,
     471,   173,   174,   175,   153,   158,   262,     1,     2,     3,
       4,     5,     6,   392,   117,   117,   414,   435,   428,   440,
     232,   233,   234,   235,   -31,   434,   184,   236,   437,   237,
     394,   441,   277,   447,    58,   451,   282,   283,   284,   285,
     286,   287,   288,   289,   290,   291,   292,   293,   294,   295,
     296,   297,   224,   183,   184,   185,   173,   174,   175,   195,
     196,   448,   449,   197,   198,   199,   200,   410,   450,   454,
     136,   455,   456,   472,   457,   458,   461,   232,   233,   234,
     235,   193,   194,   -86,   236,   463,   237,   195,   196,   462,
     138,   197,   198,   199,   200,   173,   174,   175,   466,   173,
     174,   175,   468,   410,   410,   183,   184,   117,   264,  -187,
     500,   248,   219,   173,   174,   175,   469,   502,   202,   473,
     203,  -187,   475,   474,   396,   478,   476,   514,   398,   479,
     173,   174,   175,   481,   194,   407,   494,   220,   410,   195,
     196,   495,   501,   197,   198,   199,   200,   221,   534,    56,
     503,   510,   518,  -187,  -187,  -187,  -187,   530,   309,   443,
    -187,   511,  -187,   527,   532,  -187,   545,   548,   547,   544,
     558,   410,  -187,  -187,  -187,  -187,  -187,   105,   336,   238,
     553,   513,   408,   173,   174,   175,   555,   348,   128,  -187,
    -187,  -187,   231,  -187,  -187,  -187,  -187,  -187,  -187,  -187,
    -187,  -187,  -187,  -187,   184,   470,   499,   459,  -187,  -187,
     273,   263,  -187,  -187,  -187,  -187,  -187,   421,  -187,   335,
    -275,  -187,   183,   184,   185,   160,     0,  -226,   173,   174,
     175,     0,   194,     0,     0,   442,     0,   195,   196,  -226,
       0,   197,   198,   199,   200,   181,  -275,   183,   184,   185,
     193,   194,   173,   174,   175,   364,   195,   196,     0,     0,
     197,   198,   199,   200,   117,     0,     0,     0,   173,   174,
     175,  -226,  -226,  -226,  -226,   193,   194,     0,  -226,   372,
    -226,   195,   196,  -226,     0,   197,   198,   199,   200,   413,
    -226,  -226,  -226,  -226,  -226,   378,   173,   174,   175,   336,
       0,   173,   174,   175,     0,     0,     0,  -226,  -226,  -226,
       0,  -226,  -226,  -226,  -226,  -226,  -226,  -226,  -226,  -226,
    -226,  -226,     0,   391,     0,     0,  -226,  -226,   436,     0,
    -226,  -226,  -226,  -226,  -226,     0,  -226,   -13,    80,  -226,
       0,     0,     0,     0,     0,     0,    78,     0,    16,     0,
      17,    18,    19,    20,    21,     0,     0,    22,    23,    24,
      25,    26,     0,    27,    28,    29,    30,    31,    32,    81,
      82,     0,   104,    83,    84,    85,    86,    87,    33,    88,
      89,    90,    91,    92,    93,     0,     0,     0,    94,    95,
      96,    97,    34,     0,    35,    36,    37,    38,    39,    40,
     173,   174,   175,     0,     0,    41,    42,    43,    44,    45,
      46,    47,    48,     0,     0,   173,   174,   175,     0,     0,
      49,     0,     0,     0,     0,     0,     0,   438,     0,     0,
       0,     0,    50,    51,     0,    52,     0,     0,    53,    54,
      -3,    80,   445,     0,     0,    55,    98,    56,    57,    78,
       0,    16,     0,    17,    18,    19,    20,    21,     0,     0,
      22,    23,    24,    25,    26,     0,    27,    28,    29,    30,
      31,    32,    81,    82,     0,   104,    83,    84,    85,    86,
      87,    33,    88,    89,    90,    91,    92,    93,     0,     0,
       0,    94,    95,    96,    97,    34,     0,    35,    36,    37,
      38,    39,    40,     0,     0,     0,     0,     0,    41,    42,
      43,    44,    45,    46,    47,    48,     0,     0,     0,     0,
       0,     0,     0,    49,     0,     0,     0,     0,     0,     0,
       0,     0,     0,     0,     0,    50,    51,     0,    52,     0,
       0,    53,    54,     0,    80,     0,     0,     0,    55,    98,
      56,    57,    78,   399,    16,     0,    17,    18,    19,    20,
      21,     0,     0,    22,    23,    24,    25,    26,     0,    27,
      28,    29,    30,    31,    32,    81,    82,     0,   104,    83,
      84,    85,    86,    87,    33,    88,    89,    90,    91,    92,
      93,     0,     0,     0,    94,    95,    96,    97,    34,     0,
      35,    36,    37,    38,    39,    40,     0,     0,     0,     0,
       0,    41,    42,    43,    44,    45,    46,    47,    48,     0,
       0,     0,     0,     0,     0,     0,    49,     0,     0,     0,
       0,     0,     0,     0,     0,     0,     0,     0,    50,    51,
       0,    52,     0,     0,    53,    54,     0,    80,     0,     0,
       0,    55,    98,    56,    57,    78,   480,    16,     0,    17,
      18,    19,    20,    21,     0,     0,    22,    23,    24,    25,
      26,     0,    27,    28,    29,    30,    31,    32,    81,    82,
       0,   104,    83,    84,    85,    86,    87,    33,    88,    89,
      90,    91,    92,    93,     0,     0,     0,    94,    95,    96,
      97,    34,     0,    35,    36,    37,    38,    39,    40,     0,
       0,     0,     0,     0,    41,    42,    43,    44,    45,    46,
      47,    48,     0,     0,     0,     0,     0,     0,     0,    49,
       0,     0,     0,     0,     0,     0,     0,     0,     0,     0,
       0,    50,    51,     0,    52,     0,     0,    53,    54,     0,
      80,     0,     0,     0,    55,    98,    56,    57,    78,   521,
      16,     0,    17,    18,    19,    20,    21,     0,     0,    22,
      23,    24,    25,    26,     0,    27,    28,    29,    30,    31,
      32,    81,    82,     0,   104,    83,    84,    85,    86,    87,
      33,    88,    89,    90,    91,    92,    93,     0,     0,     0,
      94,    95,    96,    97,    34,     0,    35,    36,    37,    38,
      39,    40,     0,     0,     0,     0,     0,    41,    42,    43,
      44,    45,    46,    47,    48,     0,     0,     0,     0,     0,
       0,     0,    49,     0,     0,     0,     0,     0,     0,     0,
       0,     0,     0,     0,    50,    51,     0,    52,     0,     0,
      53,    54,     0,    80,     0,     0,     0,    55,    98,    56,
      57,    78,   523,    16,     0,    17,    18,    19,    20,    21,
       0,     0,    22,    23,    24,    25,    26,     0,    27,    28,
      29,    30,    31,    32,    81,    82,     0,   104,    83,    84,
      85,    86,    87,    33,    88,    89,    90,    91,    92,    93,
       0,     0,     0,    94,    95,    96,    97,    34,     0,    35,
      36,    37,    38,    39,    40,     0,     0,     0,     0,     0,
      41,    42,    43,    44,    45,    46,    47,    48,     0,     0,
       0,     0,     0,     0,     0,    49,     0,     0,     0,     0,
       0,     0,     0,     0,     0,     0,     0,    50,    51,     0,
      52,     0,     0,    53,    54,     0,    80,     0,     0,     0,
      55,    98,    56,    57,    78,   531,    16,     0,    17,    18,
      19,    20,    21,     0,     0,    22,    23,    24,    25,    26,
       0,    27,    28,    29,    30,    31,    32,    81,    82,     0,
     104,    83,    84,    85,    86,    87,    33,    88,    89,    90,
      91,    92,    93,     0,     0,     0,    94,    95,    96,    97,
      34,     0,    35,    36,    37,    38,    39,    40,     0,     0,
       0,     0,     0,    41,    42,    43,    44,    45,    46,    47,
      48,     0,     0,     0,     0,     0,     0,     0,    49,     0,
       0,     0,     0,     0,     0,     0,     0,     0,     0,     0,
      50,    51,     0,    52,     0,     0,    53,    54,     0,    80,
       0,     0,     0,    55,    98,    56,    57,    78,   552,    16,
       0,    17,    18,    19,    20,    21,     0,     0,    22,    23,
      24,    25,    26,     0,    27,    28,    29,    30,    31,    32,
      81,    82,     0,   104,    83,    84,    85,    86,    87,    33,
      88,    89,    90,    91,    92,    93,     0,     0,     0,    94,
      95,    96,    97,    34,     0,    35,    36,    37,    38,    39,
      40,     0,     0,     0,     0,     0,    41,    42,    43,    44,
      45,    46,    47,    48,     0,     0,     0,     0,     0,     0,
       0,    49,     0,     0,     0,     0,     0,     0,     0,     0,
       0,     0,     0,    50,    51,     0,    52,     0,     0,    53,
      54,     0,    80,     0,     0,     0,    55,    98,    56,    57,
      78,     0,    16,     0,    17,    18,    19,    20,    21,     0,
       0,    22,    23,    24,    25,    26,     0,    27,    28,    29,
      30,    31,    32,    81,    82,     0,   104,    83,    84,    85,
      86,    87,    33,    88,    89,    90,    91,    92,    93,     0,
       0,     0,    94,    95,    96,    97,    34,     0,    35,    36,
      37,    38,    39,    40,     0,     0,     0,     0,     0,    41,
      42,    43,    44,    45,    46,    47,    48,     0,     0,   556,
       0,     0,     0,     0,    49,     0,     0,     0,     0,     0,
       0,     0,     0,     0,     0,     0,    50,    51,     0,    52,
       0,     0,    53,    54,     0,    80,     0,     0,     0,    55,
      98,    56,    57,    78,     0,    16,     0,    17,    18,    19,
      20,    21,     0,     0,    22,    23,    24,    25,    26,     0,
      27,    28,    29,    30,    31,    32,    81,    82,     0,   104,
      83,    84,    85,    86,    87,    33,    88,    89,    90,    91,
      92,    93,     0,     0,     0,    94,    95,    96,    97,    34,
       0,    35,    36,    37,    38,    39,    40,     0,     0,     0,
       0,     0,    41,    42,    43,    44,    45,    46,    47,    48,
       0,     0,     0,     0,     0,     0,     0,    49,     0,     0,
       0,     0,     0,     0,     0,     0,     0,     0,     0,    50,
      51,     0,    52,     0,     0,    53,    54,     0,    80,     0,
       0,     0,    55,    98,    56,    57,    78,     0,    16,     0,
      17,    18,    19,    20,    21,     0,     0,    22,    23,    24,
      25,    26,     0,    27,    28,    29,    30,    31,    32,    81,
      82,     0,     0,    83,    84,    85,    86,    87,    33,    88,
      89,    90,    91,    92,    93,     0,     0,     0,    94,    95,
      96,    97,    34,     0,    35,    36,    37,    38,    39,    40,
       0,     0,     0,     0,     0,    41,    42,    43,    44,    45,
      46,    47,    48,     0,     0,     0,     0,     0,     0,     0,
      49,     0,     0,     0,     0,     0,     0,     0,     0,     0,
       0,     0,    50,    51,     0,    52,     0,     0,    53,    54,
      80,     0,     0,     0,     0,    55,    98,    56,    57,     0,
      16,     0,    17,    18,    19,    20,    21,     0,     0,    22,
      23,    24,    25,    26,     0,    27,    28,    29,    30,    31,
      32,     0,     0,     0,     0,     0,     0,     0,     0,     0,
      33,     0,     0,     0,     0,     0,     0,     0,   181,   182,
     183,   184,   185,     0,    34,     0,    35,    36,    37,    38,
      39,    40,     0,     0,     0,     0,     0,    41,    42,    43,
      44,    45,    46,    47,    48,   190,   191,   192,   193,   194,
       0,     0,    49,     0,   195,   196,     0,     0,   197,   198,
     199,   200,     0,     0,    50,    51,     0,    52,     0,     0,
      53,    54,    80,     0,     0,     0,     0,    55,   -81,    56,
      57,     0,    16,     0,    17,    18,    19,    20,    21,     0,
       0,    22,    23,    24,    25,    26,     0,    27,    28,    29,
      30,    31,    32,     0,     0,     0,     0,     0,     0,     0,
       0,     0,    33,     0,     0,     0,     0,     0,     0,   181,
     182,   183,   184,   185,     0,     0,    34,     0,    35,    36,
      37,    38,    39,    40,     0,     0,     0,     0,     0,    41,
      42,    43,    44,    45,    46,    47,    48,   191,   192,   193,
     194,     0,     0,     0,    49,   195,   196,     0,     0,   197,
     198,   199,   200,     0,     0,     0,    50,    51,     0,    52,
       0,     0,    53,    54,     0,     0,     0,     0,   -81,    55,
       0,    56,    57,    78,     0,    16,     0,    17,    18,    19,
      20,    21,     0,     0,   135,    23,    24,    25,    26,   115,
      27,    28,    29,    30,    31,    32,     0,     0,     0,     0,
       0,     0,     0,     0,     0,    33,     0,     0,     0,     0,
       0,     0,   181,   182,   183,   184,   185,     0,     0,    34,
       0,    35,    36,    37,    38,    39,    40,     0,     0,     0,
       0,     0,    41,    42,    43,    44,    45,    46,    47,    48,
       0,   192,   193,   194,     0,     0,     0,    49,   195,   196,
       0,     0,   197,   198,   199,   200,     0,     0,     0,    50,
      51,     0,    52,     0,     0,    53,    54,     0,     0,     0,
       0,     0,    55,     0,    56,    57,    78,     0,    16,     0,
      17,    18,    19,    20,    21,     0,     0,    22,    23,    24,
      25,    26,     0,    27,    28,    29,    30,    31,    32,     0,
       0,     0,     0,     0,     0,   486,   487,     0,    33,   490,
       0,     0,     0,     0,     0,     0,   496,   497,     0,     0,
       0,     0,    34,     0,    35,    36,    37,    38,    39,    40,
       0,     0,   504,   505,     0,    41,    42,    43,    44,    45,
      46,    47,    48,     0,     0,     0,     0,     0,     0,     0,
      49,     0,     0,     0,   526,     0,     0,     0,     0,   529,
       0,     0,    50,    51,   533,    52,     0,     0,    53,    54,
       0,     0,     0,     0,     0,    55,   539,    56,    57,     0,
     542,     0,    16,   110,    17,    18,    19,    20,    21,     0,
       0,    22,    23,    24,    25,    26,   554,    27,    28,    29,
      30,    31,    32,     0,     0,     0,   559,     0,     0,     0,
       0,     0,    33,     0,     0,     0,     0,     0,     0,   181,
     182,   183,   184,   185,     0,     0,    34,     0,    35,    36,
      37,    38,    39,    40,     0,     0,     0,     0,     0,    41,
      42,    43,    44,    45,    46,    47,    48,     0,     0,   193,
     194,     0,     0,     0,    49,   195,   196,     0,     0,   197,
     198,   199,   200,     0,     0,     0,    50,    51,     0,    52,
       0,     0,    53,    54,     0,     0,   183,   184,   185,    55,
       0,    56,    57,    16,     0,    17,    18,    19,    20,    21,
       0,     0,    22,    23,    24,    25,    26,     0,    27,    28,
      29,    30,    31,    32,     0,   194,     0,     0,     0,     0,
     195,   196,     0,    33,   197,   198,   199,   200,     0,     0,
       0,     0,     0,     0,     0,     0,     0,    34,     0,    35,
      36,    37,    38,    39,    40,     0,     0,     0,     0,     0,
      41,    42,    43,    44,    45,    46,    47,    48,     0,     0,
       0,     0,     0,     0,     0,    49,     0,     0,     0,     0,
       0,     0,     0,     0,     0,     0,     0,    50,    51,     0,
      52,     0,     0,    53,    54,     0,     0,     0,     0,     0,
      55,   143,    56,    57,    16,     0,    17,    18,    19,    20,
      21,     0,     0,    22,    23,    24,    25,    26,     0,    27,
      28,    29,    30,    31,    32,     0,     0,     0,     0,     0,
       0,     0,     0,     0,    33,     0,     0,     0,     0,     0,
       0,     0,     0,     0,     0,     0,     0,     0,    34,     0,
      35,    36,    37,    38,    39,    40,     0,     0,     0,     0,
       0,    41,    42,    43,    44,    45,    46,    47,    48,     0,
       0,     0,     0,     0,     0,     0,    49,     0,     0,     0,
       0,     0,     0,     0,     0,     0,     0,     0,    50,    51,
       0,    52,     0,     0,    53,    54,     0,     0,     0,     0,
     169,    55,     0,    56,    57,    16,     0,    17,    18,    19,
      20,    21,     0,     0,    22,    23,    24,    25,    26,     0,
      27,    28,    29,    30,    31,    32,     0,     0,     0,     0,
       0,     0,     0,     0,     0,    33,     0,     0,     0,     0,
       0,     0,     0,     0,     0,     0,     0,     0,     0,    34,
       0,    35,    36,    37,    38,    39,    40,     0,     0,     0,
       0,     0,    41,    42,    43,    44,    45,    46,    47,    48,
       0,     0,     0,     0,     0,     0,     0,    49,     0,     0,
       0,     0,     0,     0,     0,     0,     0,     0,     0,    50,
      51,     0,    52,     0,     0,    53,    54,     0,     0,     0,
       0,   252,    55,     0,    56,    57,    16,     0,    17,    18,
      19,    20,    21,     0,     0,    22,    23,    24,    25,    26,
       0,    27,    28,    29,    30,    31,    32,     0,     0,     0,
       0,     0,     0,     0,     0,     0,    33,     0,     0,     0,
       0,     0,     0,     0,     0,     0,     0,     0,     0,     0,
      34,     0,    35,    36,    37,    38,    39,    40,     0,     0,
       0,     0,     0,    41,    42,    43,    44,    45,    46,    47,
      48,     0,     0,     0,     0,     0,     0,     0,    49,     0,
       0,     0,     0,     0,     0,     0,     0,     0,     0,     0,
      50,    51,     0,    52,     0,     0,    53,    54,     0,     0,
       0,     0,   267,    55,     0,    56,    57,    16,     0,    17,
      18,    19,    20,    21,     0,     0,    22,    23,    24,    25,
      26,     0,    27,    28,    29,    30,    31,    32,     0,     0,
       0,     0,     0,     0,     0,     0,     0,    33,     0,     0,
       0,     0,     0,     0,     0,     0,     0,     0,     0,     0,
       0,    34,     0,    35,    36,    37,    38,    39,    40,     0,
       0,     0,     0,     0,    41,    42,    43,    44,    45,    46,
      47,    48,     0,     0,     0,     0,     0,     0,     0,    49,
       0,     0,     0,     0,     0,     0,     0,     0,     0,     0,
       0,    50,    51,     0,    52,     0,     0,    53,    54,     0,
       0,     0,     0,   280,    55,     0,    56,    57,    16,     0,
      17,    18,    19,    20,    21,     0,     0,    22,    23,    24,
      25,    26,     0,    27,    28,    29,    30,    31,    32,     0,
       0,     0,     0,     0,     0,     0,     0,     0,    33,     0,
       0,     0,     0,     0,     0,     0,     0,     0,     0,     0,
       0,     0,    34,     0,    35,    36,    37,    38,    39,    40,
       0,     0,     0,     0,     0,    41,    42,    43,    44,    45,
      46,    47,    48,     0,     0,     0,     0,     0,     0,     0,
      49,     0,     0,     0,     0,     0,     0,     0,     0,     0,
       0,     0,    50,    51,     0,    52,     0,     0,    53,    54,
       0,     0,     0,     0,   310,    55,     0,    56,    57,    16,
       0,    17,    18,    19,    20,    21,     0,     0,    22,    23,
      24,    25,    26,     0,    27,    28,    29,    30,    31,    32,
       0,     0,     0,     0,     0,     0,     0,     0,     0,    33,
       0,     0,     0,     0,     0,     0,     0,     0,     0,     0,
       0,     0,     0,    34,     0,    35,    36,    37,    38,    39,
      40,     0,     0,     0,     0,     0,    41,    42,    43,    44,
      45,    46,    47,    48,     0,     0,     0,     0,     0,     0,
       0,    49,     0,     0,     0,     0,     0,     0,     0,     0,
       0,     0,     0,    50,    51,     0,    52,     0,     0,    53,
      54,     0,     0,     0,     0,   369,    55,     0,    56,    57,
      16,     0,    17,    18,    19,    20,    21,     0,     0,    22,
      23,    24,    25,    26,     0,    27,    28,    29,    30,    31,
      32,     0,     0,     0,     0,     0,     0,     0,     0,     0,
      33,     0,     0,     0,     0,     0,     0,     0,     0,     0,
       0,     0,     0,     0,    34,     0,    35,    36,    37,    38,
      39,    40,     0,     0,     0,     0,     0,    41,    42,    43,
      44,    45,    46,    47,    48,     0,     0,     0,     0,     0,
       0,     0,    49,     0,     0,     0,     0,     0,     0,     0,
       0,     0,     0,     0,    50,    51,     0,    52,     0,     0,
      53,    54,     0,     0,     0,     0,   386,    55,     0,    56,
      57,    16,     0,    17,    18,    19,    20,    21,     0,     0,
      22,    23,    24,    25,    26,     0,    27,    28,    29,    30,
      31,    32,     0,     0,     0,     0,     0,     0,     0,     0,
       0,    33,     0,     0,     0,     0,     0,     0,     0,     0,
       0,     0,     0,     0,     0,    34,     0,    35,    36,    37,
      38,    39,    40,     0,     0,     0,     0,     0,    41,    42,
      43,    44,    45,    46,    47,    48,     0,     0,     0,     0,
       0,     0,     0,    49,     0,     0,     0,     0,     0,     0,
       0,     0,     0,     0,     0,    50,    51,     0,    52,     0,
       0,    53,    54,     0,     0,     0,     0,     0,    55,     0,
      56,    57,    16,     0,    17,    18,   149,    20,    21,     0,
       0,    22,    23,    24,    25,    26,     0,    27,    28,    29,
      30,    31,    32,     0,     0,     0,     0,     0,     0,     0,
       0,     0,    33,     0,     0,     0,     0,     0,     0,     0,
       0,     0,     0,     0,     0,     0,    34,     0,    35,    36,
      37,    38,    39,    40,     0,     0,     0,     0,     0,    41,
      42,    43,    44,    45,    46,    47,    48,     0,     0,     0,
       0,     0,     0,     0,    49,     0,     0,     0,     0,     0,
       0,     0,     0,     0,     0,     0,    50,    51,     0,    52,
       0,     0,    53,    54,     0,     0,   180,     0,     0,   261,
       0,    56,    57,   181,   182,   183,   184,   185,     0,     0,
       0,     0,     0,     0,     0,     0,     0,     0,     0,     0,
       0,     0,     0,     0,     0,   186,   187,   379,   188,   189,
     190,   191,   192,   193,   194,     0,     0,     0,     0,   195,
     196,   180,     0,   197,   198,   199,   200,     0,   181,   182,
     183,   184,   185,     0,     0,     0,     0,     0,     0,     0,
       0,     0,     0,     0,     0,     0,     0,     0,     0,     0,
     186,   187,     0,   188,   189,   190,   191,   192,   193,   194,
       0,     0,     0,     0,   195,   196,   180,     0,   197,   198,
     199,   200,     0,   181,   182,   183,   184,   185,     0,     0,
       0,     0,     0,     0,     0,     0,     0,     0,     0,     0,
       0,     0,     0,     0,     0,     0,   187,     0,   188,   189,
     190,   191,   192,   193,   194,     0,     0,     0,     0,   195,
     196,  -275,     0,   197,   198,   199,   200,     0,   181,   182,
     183,   184,   185,     0,     0,     0,     0,     0,     0,     0,
       0,     0,     0,     0,     0,     0,     0,     0,     0,     0,
       0,     0,     0,   188,   189,   190,   191,   192,   193,   194,
       0,     0,     0,     0,   195,   196,     0,     0,   197,   198,
     199,   200
};

static const yytype_int16 yycheck[] =
{
      15,    78,   339,     9,   157,   121,    40,    46,    47,     9,
      16,    46,    47,   132,    10,    49,     9,    94,    20,    21,
     361,    23,    24,    19,    20,    21,    11,    23,    24,    23,
      12,   147,   456,     9,    23,    11,     9,    43,    40,    41,
      15,    16,     9,    39,    40,    41,    42,    20,     9,    55,
      11,   128,    25,    20,    56,    57,    15,    16,    25,     0,
      56,    57,     9,    11,    11,    15,    16,    17,    15,    16,
      17,     9,    26,     9,    21,    84,   329,    80,    81,    82,
       9,    11,    11,    20,    20,   487,   339,   121,    25,    25,
     108,    11,   345,   346,    15,    16,    48,    49,    80,    81,
      82,    97,     9,   112,    11,   139,   109,   108,     9,   109,
     263,   150,    84,   147,   108,   150,   109,   541,   124,   104,
     109,    68,    12,    73,   243,   131,   132,   108,    76,   470,
     132,   127,   108,   210,   108,   110,   132,   110,   215,   216,
     217,   218,   219,   110,   221,   151,   223,    76,   225,   226,
      12,   110,   554,   149,   108,     9,    76,    11,   499,   108,
     110,   108,    34,   110,   111,    12,     9,   173,   174,   175,
     423,   177,   178,   179,   110,   111,     9,    98,    80,    81,
      82,   220,    80,    81,    82,   220,     9,   108,    11,   110,
      80,    81,    82,    12,   209,   201,   202,   203,   204,   205,
     206,   207,   208,     9,    20,    11,   459,   460,   108,   108,
     244,   109,   464,   550,    12,   211,   108,   108,    80,    81,
      82,   108,    76,    17,    18,   108,   232,   233,   234,   235,
     236,   237,   228,    80,    81,    82,    30,   243,   490,    12,
      34,   494,    50,   359,    12,    39,   109,    12,    42,   255,
     108,    45,   504,   505,    48,   261,    50,    51,    52,    53,
      54,    80,    81,    82,   108,   107,   272,   344,   107,    10,
      76,   390,    76,     9,   527,    11,     9,   529,    11,    11,
      20,   533,    80,    81,    82,    20,    98,   539,    26,    76,
     542,   108,   298,   299,   107,    10,    23,    11,    11,   305,
      82,   111,   341,   108,   306,    66,   341,    80,    81,    82,
     306,   111,    80,    81,    82,    80,    81,    82,   111,   111,
     326,   327,   328,   329,   401,   359,   403,    19,    20,    21,
     111,    23,    24,   339,    80,    81,    82,   414,   454,   345,
     346,    18,   103,   104,   105,   106,   110,    20,    40,    41,
     427,    80,    81,    82,    46,    47,   150,     3,     4,     5,
       6,     7,     8,   109,    56,    57,   108,   363,   107,   375,
      44,    45,    46,    47,   108,    23,    66,    51,    23,    53,
     109,    10,   176,    10,   390,   400,   180,   181,   182,   183,
     184,   185,   186,   187,   188,   189,   190,   191,   192,   193,
     194,   195,    94,    65,    66,    67,    80,    81,    82,    99,
     100,    10,    10,   103,   104,   105,   106,   423,    10,    20,
     454,   107,   107,   429,   107,   107,   107,    44,    45,    46,
      47,    93,    94,   107,    51,     9,    53,    99,   100,   109,
     132,   103,   104,   105,   106,    80,    81,    82,   108,    80,
      81,    82,   107,   459,   460,    65,    66,   149,   150,     0,
     475,    23,    73,    80,    81,    82,   107,   482,     9,   107,
      11,    12,     9,   107,   109,    10,    12,   492,   109,   107,
      80,    81,    82,   109,    94,   491,   108,    98,   494,    99,
     100,   107,    78,   103,   104,   105,   106,   108,     9,   110,
     109,   107,   498,    44,    45,    46,    47,   109,   200,   109,
      51,   107,    53,   108,   107,    56,    77,   107,    19,   534,
     107,   527,    63,    64,    65,    66,    67,    12,   220,   104,
     545,   491,   327,    80,    81,    82,   550,   231,    33,    80,
      81,    82,   102,    84,    85,    86,    87,    88,    89,    90,
      91,    92,    93,    94,    66,   426,   471,   412,    99,   100,
     107,   150,   103,   104,   105,   106,   107,   341,   109,   220,
      63,   112,    65,    66,    67,    47,    -1,     0,    80,    81,
      82,    -1,    94,    -1,    -1,   379,    -1,    99,   100,    12,
      -1,   103,   104,   105,   106,    63,    64,    65,    66,    67,
      93,    94,    80,    81,    82,   107,    99,   100,    -1,    -1,
     103,   104,   105,   106,   306,    -1,    -1,    -1,    80,    81,
      82,    44,    45,    46,    47,    93,    94,    -1,    51,   107,
      53,    99,   100,    56,    -1,   103,   104,   105,   106,   331,
      63,    64,    65,    66,    67,   107,    80,    81,    82,   341,
      -1,    80,    81,    82,    -1,    -1,    -1,    80,    81,    82,
      -1,    84,    85,    86,    87,    88,    89,    90,    91,    92,
      93,    94,    -1,   107,    -1,    -1,    99,   100,   107,    -1,
     103,   104,   105,   106,   107,    -1,   109,     0,     1,   112,
      -1,    -1,    -1,    -1,    -1,    -1,     9,    -1,    11,    -1,
      13,    14,    15,    16,    17,    -1,    -1,    20,    21,    22,
      23,    24,    -1,    26,    27,    28,    29,    30,    31,    32,
      33,    -1,    35,    36,    37,    38,    39,    40,    41,    42,
      43,    44,    45,    46,    47,    -1,    -1,    -1,    51,    52,
      53,    54,    55,    -1,    57,    58,    59,    60,    61,    62,
      80,    81,    82,    -1,    -1,    68,    69,    70,    71,    72,
      73,    74,    75,    -1,    -1,    80,    81,    82,    -1,    -1,
      83,    -1,    -1,    -1,    -1,    -1,    -1,   107,    -1,    -1,
      -1,    -1,    95,    96,    -1,    98,    -1,    -1,   101,   102,
       0,     1,   107,    -1,    -1,   108,   109,   110,   111,     9,
      -1,    11,    -1,    13,    14,    15,    16,    17,    -1,    -1,
      20,    21,    22,    23,    24,    -1,    26,    27,    28,    29,
      30,    31,    32,    33,    -1,    35,    36,    37,    38,    39,
      40,    41,    42,    43,    44,    45,    46,    47,    -1,    -1,
      -1,    51,    52,    53,    54,    55,    -1,    57,    58,    59,
      60,    61,    62,    -1,    -1,    -1,    -1,    -1,    68,    69,
      70,    71,    72,    73,    74,    75,    -1,    -1,    -1,    -1,
      -1,    -1,    -1,    83,    -1,    -1,    -1,    -1,    -1,    -1,
      -1,    -1,    -1,    -1,    -1,    95,    96,    -1,    98,    -1,
      -1,   101,   102,    -1,     1,    -1,    -1,    -1,   108,   109,
     110,   111,     9,    10,    11,    -1,    13,    14,    15,    16,
      17,    -1,    -1,    20,    21,    22,    23,    24,    -1,    26,
      27,    28,    29,    30,    31,    32,    33,    -1,    35,    36,
      37,    38,    39,    40,    41,    42,    43,    44,    45,    46,
      47,    -1,    -1,    -1,    51,    52,    53,    54,    55,    -1,
      57,    58,    59,    60,    61,    62,    -1,    -1,    -1,    -1,
      -1,    68,    69,    70,    71,    72,    73,    74,    75,    -1,
      -1,    -1,    -1,    -1,    -1,    -1,    83,    -1,    -1,    -1,
      -1,    -1,    -1,    -1,    -1,    -1,    -1,    -1,    95,    96,
      -1,    98,    -1,    -1,   101,   102,    -1,     1,    -1,    -1,
      -1,   108,   109,   110,   111,     9,    10,    11,    -1,    13,
      14,    15,    16,    17,    -1,    -1,    20,    21,    22,    23,
      24,    -1,    26,    27,    28,    29,    30,    31,    32,    33,
      -1,    35,    36,    37,    38,    39,    40,    41,    42,    43,
      44,    45,    46,    47,    -1,    -1,    -1,    51,    52,    53,
      54,    55,    -1,    57,    58,    59,    60,    61,    62,    -1,
      -1,    -1,    -1,    -1,    68,    69,    70,    71,    72,    73,
      74,    75,    -1,    -1,    -1,    -1,    -1,    -1,    -1,    83,
      -1,    -1,    -1,    -1,    -1,    -1,    -1,    -1,    -1,    -1,
      -1,    95,    96,    -1,    98,    -1,    -1,   101,   102,    -1,
       1,    -1,    -1,    -1,   108,   109,   110,   111,     9,    10,
      11,    -1,    13,    14,    15,    16,    17,    -1,    -1,    20,
      21,    22,    23,    24,    -1,    26,    27,    28,    29,    30,
      31,    32,    33,    -1,    35,    36,    37,    38,    39,    40,
      41,    42,    43,    44,    45,    46,    47,    -1,    -1,    -1,
      51,    52,    53,    54,    55,    -1,    57,    58,    59,    60,
      61,    62,    -1,    -1,    -1,    -1,    -1,    68,    69,    70,
      71,    72,    73,    74,    75,    -1,    -1,    -1,    -1,    -1,
      -1,    -1,    83,    -1,    -1,    -1,    -1,    -1,    -1,    -1,
      -1,    -1,    -1,    -1,    95,    96,    -1,    98,    -1,    -1,
     101,   102,    -1,     1,    -1,    -1,    -1,   108,   109,   110,
     111,     9,    10,    11,    -1,    13,    14,    15,    16,    17,
      -1,    -1,    20,    21,    22,    23,    24,    -1,    26,    27,
      28,    29,    30,    31,    32,    33,    -1,    35,    36,    37,
      38,    39,    40,    41,    42,    43,    44,    45,    46,    47,
      -1,    -1,    -1,    51,    52,    53,    54,    55,    -1,    57,
      58,    59,    60,    61,    62,    -1,    -1,    -1,    -1,    -1,
      68,    69,    70,    71,    72,    73,    74,    75,    -1,    -1,
      -1,    -1,    -1,    -1,    -1,    83,    -1,    -1,    -1,    -1,
      -1,    -1,    -1,    -1,    -1,    -1,    -1,    95,    96,    -1,
      98,    -1,    -1,   101,   102,    -1,     1,    -1,    -1,    -1,
     108,   109,   110,   111,     9,    10,    11,    -1,    13,    14,
      15,    16,    17,    -1,    -1,    20,    21,    22,    23,    24,
      -1,    26,    27,    28,    29,    30,    31,    32,    33,    -1,
      35,    36,    37,    38,    39,    40,    41,    42,    43,    44,
      45,    46,    47,    -1,    -1,    -1,    51,    52,    53,    54,
      55,    -1,    57,    58,    59,    60,    61,    62,    -1,    -1,
      -1,    -1,    -1,    68,    69,    70,    71,    72,    73,    74,
      75,    -1,    -1,    -1,    -1,    -1,    -1,    -1,    83,    -1,
      -1,    -1,    -1,    -1,    -1,    -1,    -1,    -1,    -1,    -1,
      95,    96,    -1,    98,    -1,    -1,   101,   102,    -1,     1,
      -1,    -1,    -1,   108,   109,   110,   111,     9,    10,    11,
      -1,    13,    14,    15,    16,    17,    -1,    -1,    20,    21,
      22,    23,    24,    -1,    26,    27,    28,    29,    30,    31,
      32,    33,    -1,    35,    36,    37,    38,    39,    40,    41,
      42,    43,    44,    45,    46,    47,    -1,    -1,    -1,    51,
      52,    53,    54,    55,    -1,    57,    58,    59,    60,    61,
      62,    -1,    -1,    -1,    -1,    -1,    68,    69,    70,    71,
      72,    73,    74,    75,    -1,    -1,    -1,    -1,    -1,    -1,
      -1,    83,    -1,    -1,    -1,    -1,    -1,    -1,    -1,    -1,
      -1,    -1,    -1,    95,    96,    -1,    98,    -1,    -1,   101,
     102,    -1,     1,    -1,    -1,    -1,   108,   109,   110,   111,
       9,    -1,    11,    -1,    13,    14,    15,    16,    17,    -1,
      -1,    20,    21,    22,    23,    24,    -1,    26,    27,    28,
      29,    30,    31,    32,    33,    -1,    35,    36,    37,    38,
      39,    40,    41,    42,    43,    44,    45,    46,    47,    -1,
      -1,    -1,    51,    52,    53,    54,    55,    -1,    57,    58,
      59,    60,    61,    62,    -1,    -1,    -1,    -1,    -1,    68,
      69,    70,    71,    72,    73,    74,    75,    -1,    -1,    78,
      -1,    -1,    -1,    -1,    83,    -1,    -1,    -1,    -1,    -1,
      -1,    -1,    -1,    -1,    -1,    -1,    95,    96,    -1,    98,
      -1,    -1,   101,   102,    -1,     1,    -1,    -1,    -1,   108,
     109,   110,   111,     9,    -1,    11,    -1,    13,    14,    15,
      16,    17,    -1,    -1,    20,    21,    22,    23,    24,    -1,
      26,    27,    28,    29,    30,    31,    32,    33,    -1,    35,
      36,    37,    38,    39,    40,    41,    42,    43,    44,    45,
      46,    47,    -1,    -1,    -1,    51,    52,    53,    54,    55,
      -1,    57,    58,    59,    60,    61,    62,    -1,    -1,    -1,
      -1,    -1,    68,    69,    70,    71,    72,    73,    74,    75,
      -1,    -1,    -1,    -1,    -1,    -1,    -1,    83,    -1,    -1,
      -1,    -1,    -1,    -1,    -1,    -1,    -1,    -1,    -1,    95,
      96,    -1,    98,    -1,    -1,   101,   102,    -1,     1,    -1,
      -1,    -1,   108,   109,   110,   111,     9,    -1,    11,    -1,
      13,    14,    15,    16,    17,    -1,    -1,    20,    21,    22,
      23,    24,    -1,    26,    27,    28,    29,    30,    31,    32,
      33,    -1,    -1,    36,    37,    38,    39,    40,    41,    42,
      43,    44,    45,    46,    47,    -1,    -1,    -1,    51,    52,
      53,    54,    55,    -1,    57,    58,    59,    60,    61,    62,
      -1,    -1,    -1,    -1,    -1,    68,    69,    70,    71,    72,
      73,    74,    75,    -1,    -1,    -1,    -1,    -1,    -1,    -1,
      83,    -1,    -1,    -1,    -1,    -1,    -1,    -1,    -1,    -1,
      -1,    -1,    95,    96,    -1,    98,    -1,    -1,   101,   102,
       1,    -1,    -1,    -1,    -1,   108,   109,   110,   111,    -1,
      11,    -1,    13,    14,    15,    16,    17,    -1,    -1,    20,
      21,    22,    23,    24,    -1,    26,    27,    28,    29,    30,
      31,    -1,    -1,    -1,    -1,    -1,    -1,    -1,    -1,    -1,
      41,    -1,    -1,    -1,    -1,    -1,    -1,    -1,    63,    64,
      65,    66,    67,    -1,    55,    -1,    57,    58,    59,    60,
      61,    62,    -1,    -1,    -1,    -1,    -1,    68,    69,    70,
      71,    72,    73,    74,    75,    90,    91,    92,    93,    94,
      -1,    -1,    83,    -1,    99,   100,    -1,    -1,   103,   104,
     105,   106,    -1,    -1,    95,    96,    -1,    98,    -1,    -1,
     101,   102,     1,    -1,    -1,    -1,    -1,   108,   109,   110,
     111,    -1,    11,    -1,    13,    14,    15,    16,    17,    -1,
      -1,    20,    21,    22,    23,    24,    -1,    26,    27,    28,
      29,    30,    31,    -1,    -1,    -1,    -1,    -1,    -1,    -1,
      -1,    -1,    41,    -1,    -1,    -1,    -1,    -1,    -1,    63,
      64,    65,    66,    67,    -1,    -1,    55,    -1,    57,    58,
      59,    60,    61,    62,    -1,    -1,    -1,    -1,    -1,    68,
      69,    70,    71,    72,    73,    74,    75,    91,    92,    93,
      94,    -1,    -1,    -1,    83,    99,   100,    -1,    -1,   103,
     104,   105,   106,    -1,    -1,    -1,    95,    96,    -1,    98,
      -1,    -1,   101,   102,    -1,    -1,    -1,    -1,   107,   108,
      -1,   110,   111,     9,    -1,    11,    -1,    13,    14,    15,
      16,    17,    -1,    -1,    20,    21,    22,    23,    24,    25,
      26,    27,    28,    29,    30,    31,    -1,    -1,    -1,    -1,
      -1,    -1,    -1,    -1,    -1,    41,    -1,    -1,    -1,    -1,
      -1,    -1,    63,    64,    65,    66,    67,    -1,    -1,    55,
      -1,    57,    58,    59,    60,    61,    62,    -1,    -1,    -1,
      -1,    -1,    68,    69,    70,    71,    72,    73,    74,    75,
      -1,    92,    93,    94,    -1,    -1,    -1,    83,    99,   100,
      -1,    -1,   103,   104,   105,   106,    -1,    -1,    -1,    95,
      96,    -1,    98,    -1,    -1,   101,   102,    -1,    -1,    -1,
      -1,    -1,   108,    -1,   110,   111,     9,    -1,    11,    -1,
      13,    14,    15,    16,    17,    -1,    -1,    20,    21,    22,
      23,    24,    -1,    26,    27,    28,    29,    30,    31,    -1,
      -1,    -1,    -1,    -1,    -1,   457,   458,    -1,    41,   461,
      -1,    -1,    -1,    -1,    -1,    -1,   468,   469,    -1,    -1,
      -1,    -1,    55,    -1,    57,    58,    59,    60,    61,    62,
      -1,    -1,   484,   485,    -1,    68,    69,    70,    71,    72,
      73,    74,    75,    -1,    -1,    -1,    -1,    -1,    -1,    -1,
      83,    -1,    -1,    -1,   506,    -1,    -1,    -1,    -1,   511,
      -1,    -1,    95,    96,   516,    98,    -1,    -1,   101,   102,
      -1,    -1,    -1,    -1,    -1,   108,   528,   110,   111,    -1,
     532,    -1,    11,    12,    13,    14,    15,    16,    17,    -1,
      -1,    20,    21,    22,    23,    24,   548,    26,    27,    28,
      29,    30,    31,    -1,    -1,    -1,   558,    -1,    -1,    -1,
      -1,    -1,    41,    -1,    -1,    -1,    -1,    -1,    -1,    63,
      64,    65,    66,    67,    -1,    -1,    55,    -1,    57,    58,
      59,    60,    61,    62,    -1,    -1,    -1,    -1,    -1,    68,
      69,    70,    71,    72,    73,    74,    75,    -1,    -1,    93,
      94,    -1,    -1,    -1,    83,    99,   100,    -1,    -1,   103,
     104,   105,   106,    -1,    -1,    -1,    95,    96,    -1,    98,
      -1,    -1,   101,   102,    -1,    -1,    65,    66,    67,   108,
      -1,   110,   111,    11,    -1,    13,    14,    15,    16,    17,
      -1,    -1,    20,    21,    22,    23,    24,    -1,    26,    27,
      28,    29,    30,    31,    -1,    94,    -1,    -1,    -1,    -1,
      99,   100,    -1,    41,   103,   104,   105,   106,    -1,    -1,
      -1,    -1,    -1,    -1,    -1,    -1,    -1,    55,    -1,    57,
      58,    59,    60,    61,    62,    -1,    -1,    -1,    -1,    -1,
      68,    69,    70,    71,    72,    73,    74,    75,    -1,    -1,
      -1,    -1,    -1,    -1,    -1,    83,    -1,    -1,    -1,    -1,
      -1,    -1,    -1,    -1,    -1,    -1,    -1,    95,    96,    -1,
      98,    -1,    -1,   101,   102,    -1,    -1,    -1,    -1,    -1,
     108,   109,   110,   111,    11,    -1,    13,    14,    15,    16,
      17,    -1,    -1,    20,    21,    22,    23,    24,    -1,    26,
      27,    28,    29,    30,    31,    -1,    -1,    -1,    -1,    -1,
      -1,    -1,    -1,    -1,    41,    -1,    -1,    -1,    -1,    -1,
      -1,    -1,    -1,    -1,    -1,    -1,    -1,    -1,    55,    -1,
      57,    58,    59,    60,    61,    62,    -1,    -1,    -1,    -1,
      -1,    68,    69,    70,    71,    72,    73,    74,    75,    -1,
      -1,    -1,    -1,    -1,    -1,    -1,    83,    -1,    -1,    -1,
      -1,    -1,    -1,    -1,    -1,    -1,    -1,    -1,    95,    96,
      -1,    98,    -1,    -1,   101,   102,    -1,    -1,    -1,    -1,
     107,   108,    -1,   110,   111,    11,    -1,    13,    14,    15,
      16,    17,    -1,    -1,    20,    21,    22,    23,    24,    -1,
      26,    27,    28,    29,    30,    31,    -1,    -1,    -1,    -1,
      -1,    -1,    -1,    -1,    -1,    41,    -1,    -1,    -1,    -1,
      -1,    -1,    -1,    -1,    -1,    -1,    -1,    -1,    -1,    55,
      -1,    57,    58,    59,    60,    61,    62,    -1,    -1,    -1,
      -1,    -1,    68,    69,    70,    71,    72,    73,    74,    75,
      -1,    -1,    -1,    -1,    -1,    -1,    -1,    83,    -1,    -1,
      -1,    -1,    -1,    -1,    -1,    -1,    -1,    -1,    -1,    95,
      96,    -1,    98,    -1,    -1,   101,   102,    -1,    -1,    -1,
      -1,   107,   108,    -1,   110,   111,    11,    -1,    13,    14,
      15,    16,    17,    -1,    -1,    20,    21,    22,    23,    24,
      -1,    26,    27,    28,    29,    30,    31,    -1,    -1,    -1,
      -1,    -1,    -1,    -1,    -1,    -1,    41,    -1,    -1,    -1,
      -1,    -1,    -1,    -1,    -1,    -1,    -1,    -1,    -1,    -1,
      55,    -1,    57,    58,    59,    60,    61,    62,    -1,    -1,
      -1,    -1,    -1,    68,    69,    70,    71,    72,    73,    74,
      75,    -1,    -1,    -1,    -1,    -1,    -1,    -1,    83,    -1,
      -1,    -1,    -1,    -1,    -1,    -1,    -1,    -1,    -1,    -1,
      95,    96,    -1,    98,    -1,    -1,   101,   102,    -1,    -1,
      -1,    -1,   107,   108,    -1,   110,   111,    11,    -1,    13,
      14,    15,    16,    17,    -1,    -1,    20,    21,    22,    23,
      24,    -1,    26,    27,    28,    29,    30,    31,    -1,    -1,
      -1,    -1,    -1,    -1,    -1,    -1,    -1,    41,    -1,    -1,
      -1,    -1,    -1,    -1,    -1,    -1,    -1,    -1,    -1,    -1,
      -1,    55,    -1,    57,    58,    59,    60,    61,    62,    -1,
      -1,    -1,    -1,    -1,    68,    69,    70,    71,    72,    73,
      74,    75,    -1,    -1,    -1,    -1,    -1,    -1,    -1,    83,
      -1,    -1,    -1,    -1,    -1,    -1,    -1,    -1,    -1,    -1,
      -1,    95,    96,    -1,    98,    -1,    -1,   101,   102,    -1,
      -1,    -1,    -1,   107,   108,    -1,   110,   111,    11,    -1,
      13,    14,    15,    16,    17,    -1,    -1,    20,    21,    22,
      23,    24,    -1,    26,    27,    28,    29,    30,    31,    -1,
      -1,    -1,    -1,    -1,    -1,    -1,    -1,    -1,    41,    -1,
      -1,    -1,    -1,    -1,    -1,    -1,    -1,    -1,    -1,    -1,
      -1,    -1,    55,    -1,    57,    58,    59,    60,    61,    62,
      -1,    -1,    -1,    -1,    -1,    68,    69,    70,    71,    72,
      73,    74,    75,    -1,    -1,    -1,    -1,    -1,    -1,    -1,
      83,    -1,    -1,    -1,    -1,    -1,    -1,    -1,    -1,    -1,
      -1,    -1,    95,    96,    -1,    98,    -1,    -1,   101,   102,
      -1,    -1,    -1,    -1,   107,   108,    -1,   110,   111,    11,
      -1,    13,    14,    15,    16,    17,    -1,    -1,    20,    21,
      22,    23,    24,    -1,    26,    27,    28,    29,    30,    31,
      -1,    -1,    -1,    -1,    -1,    -1,    -1,    -1,    -1,    41,
      -1,    -1,    -1,    -1,    -1,    -1,    -1,    -1,    -1,    -1,
      -1,    -1,    -1,    55,    -1,    57,    58,    59,    60,    61,
      62,    -1,    -1,    -1,    -1,    -1,    68,    69,    70,    71,
      72,    73,    74,    75,    -1,    -1,    -1,    -1,    -1,    -1,
      -1,    83,    -1,    -1,    -1,    -1,    -1,    -1,    -1,    -1,
      -1,    -1,    -1,    95,    96,    -1,    98,    -1,    -1,   101,
     102,    -1,    -1,    -1,    -1,   107,   108,    -1,   110,   111,
      11,    -1,    13,    14,    15,    16,    17,    -1,    -1,    20,
      21,    22,    23,    24,    -1,    26,    27,    28,    29,    30,
      31,    -1,    -1,    -1,    -1,    -1,    -1,    -1,    -1,    -1,
      41,    -1,    -1,    -1,    -1,    -1,    -1,    -1,    -1,    -1,
      -1,    -1,    -1,    -1,    55,    -1,    57,    58,    59,    60,
      61,    62,    -1,    -1,    -1,    -1,    -1,    68,    69,    70,
      71,    72,    73,    74,    75,    -1,    -1,    -1,    -1,    -1,
      -1,    -1,    83,    -1,    -1,    -1,    -1,    -1,    -1,    -1,
      -1,    -1,    -1,    -1,    95,    96,    -1,    98,    -1,    -1,
     101,   102,    -1,    -1,    -1,    -1,   107,   108,    -1,   110,
     111,    11,    -1,    13,    14,    15,    16,    17,    -1,    -1,
      20,    21,    22,    23,    24,    -1,    26,    27,    28,    29,
      30,    31,    -1,    -1,    -1,    -1,    -1,    -1,    -1,    -1,
      -1,    41,    -1,    -1,    -1,    -1,    -1,    -1,    -1,    -1,
      -1,    -1,    -1,    -1,    -1,    55,    -1,    57,    58,    59,
      60,    61,    62,    -1,    -1,    -1,    -1,    -1,    68,    69,
      70,    71,    72,    73,    74,    75,    -1,    -1,    -1,    -1,
      -1,    -1,    -1,    83,    -1,    -1,    -1,    -1,    -1,    -1,
      -1,    -1,    -1,    -1,    -1,    95,    96,    -1,    98,    -1,
      -1,   101,   102,    -1,    -1,    -1,    -1,    -1,   108,    -1,
     110,   111,    11,    -1,    13,    14,    15,    16,    17,    -1,
      -1,    20,    21,    22,    23,    24,    -1,    26,    27,    28,
      29,    30,    31,    -1,    -1,    -1,    -1,    -1,    -1,    -1,
      -1,    -1,    41,    -1,    -1,    -1,    -1,    -1,    -1,    -1,
      -1,    -1,    -1,    -1,    -1,    -1,    55,    -1,    57,    58,
      59,    60,    61,    62,    -1,    -1,    -1,    -1,    -1,    68,
      69,    70,    71,    72,    73,    74,    75,    -1,    -1,    -1,
      -1,    -1,    -1,    -1,    83,    -1,    -1,    -1,    -1,    -1,
      -1,    -1,    -1,    -1,    -1,    -1,    95,    96,    -1,    98,
      -1,    -1,   101,   102,    -1,    -1,    56,    -1,    -1,   108,
      -1,   110,   111,    63,    64,    65,    66,    67,    -1,    -1,
      -1,    -1,    -1,    -1,    -1,    -1,    -1,    -1,    -1,    -1,
      -1,    -1,    -1,    -1,    -1,    85,    86,    87,    88,    89,
      90,    91,    92,    93,    94,    -1,    -1,    -1,    -1,    99,
     100,    56,    -1,   103,   104,   105,   106,    -1,    63,    64,
      65,    66,    67,    -1,    -1,    -1,    -1,    -1,    -1,    -1,
      -1,    -1,    -1,    -1,    -1,    -1,    -1,    -1,    -1,    -1,
      85,    86,    -1,    88,    89,    90,    91,    92,    93,    94,
      -1,    -1,    -1,    -1,    99,   100,    56,    -1,   103,   104,
     105,   106,    -1,    63,    64,    65,    66,    67,    -1,    -1,
      -1,    -1,    -1,    -1,    -1,    -1,    -1,    -1,    -1,    -1,
      -1,    -1,    -1,    -1,    -1,    -1,    86,    -1,    88,    89,
      90,    91,    92,    93,    94,    -1,    -1,    -1,    -1,    99,
     100,    56,    -1,   103,   104,   105,   106,    -1,    63,    64,
      65,    66,    67,    -1,    -1,    -1,    -1,    -1,    -1,    -1,
      -1,    -1,    -1,    -1,    -1,    -1,    -1,    -1,    -1,    -1,
      -1,    -1,    -1,    88,    89,    90,    91,    92,    93,    94,
      -1,    -1,    -1,    -1,    99,   100,    -1,    -1,   103,   104,
     105,   106
};

  /* YYSTOS[STATE-NUM] -- The (internal number of the) accessing
     symbol of state STATE-NUM.  */
static const yytype_uint8 yystos[] =
{
       0,     3,     4,     5,     6,     7,     8,   114,   115,   116,
     117,   118,   119,   120,     0,   123,    11,    13,    14,    15,
      16,    17,    20,    21,    22,    23,    24,    26,    27,    28,
      29,    30,    31,    41,    55,    57,    58,    59,    60,    61,
      62,    68,    69,    70,    71,    72,    73,    74,    75,    83,
      95,    96,    98,   101,   102,   108,   110,   111,   165,   166,
     167,   170,   171,   172,   173,   174,   175,   177,   181,   189,
     190,   191,   193,   194,   195,   196,   197,   198,     9,   121,
       1,    32,    33,    36,    37,    38,    39,    40,    42,    43,
      44,    45,    46,    47,    51,    52,    53,    54,   109,   121,
     130,   144,   154,   165,    35,   128,   129,   130,   126,   126,
      12,   165,   175,   175,    20,    25,   121,   190,   199,   199,
     199,   199,   199,   176,    11,   108,   175,   156,   156,   175,
     108,   108,   108,   121,   175,    20,   166,   180,   190,   199,
     199,   121,   175,   109,   165,    20,    25,   158,   175,    15,
      98,   108,   178,   190,   191,   192,   193,   179,   190,   191,
     192,   193,   175,   166,   175,   175,   175,   175,   175,   107,
     165,   199,   199,    80,    81,    82,    84,     9,    11,   108,
      56,    63,    64,    65,    66,    67,    85,    86,    88,    89,
      90,    91,    92,    93,    94,    99,   100,   103,   104,   105,
     106,   108,     9,    11,     9,    11,     9,    11,     9,   123,
       9,    34,   157,    20,   155,   108,   108,   108,   108,    73,
      98,   108,   123,   188,   190,   108,   108,   121,    50,   146,
     109,   158,    44,    45,    46,    47,    51,    53,   129,   130,
     128,    12,   180,   108,   108,   165,   107,   121,    23,   123,
     159,   107,   107,   165,   181,   199,   166,    10,   109,   180,
      25,   108,   175,   178,   190,   191,   193,   107,   165,    76,
     161,   161,    11,   107,   165,   165,   165,   175,   165,   165,
     107,   165,   175,   175,   175,   175,   175,   175,   175,   175,
     175,   175,   175,   175,   175,   175,   175,   175,     9,    11,
      15,    16,    17,    21,    68,   108,   110,   111,   169,   190,
     107,   165,   165,   165,   165,   165,   165,   165,   165,   126,
     123,   121,    20,   153,    20,   133,   123,   123,   123,   123,
      98,   123,    73,   186,   187,   189,   190,   191,   193,   123,
      26,   123,    26,   108,   183,   123,   123,   121,   155,   165,
     150,   165,   165,   165,   165,   165,   181,   166,    12,   168,
     108,   162,    76,   160,   107,   107,   165,    10,    11,   107,
     165,   161,   107,    23,   165,    11,   109,    12,   107,    87,
     165,   165,   111,   111,   111,   111,   107,   165,   111,   111,
     108,   107,   109,    12,   109,    12,   109,    12,   109,    10,
     141,    18,   122,     9,   109,    20,   149,   165,   150,   151,
     165,   151,   185,   190,   108,   144,   148,   151,   152,   165,
     139,   186,   184,   123,   151,   151,   131,   132,   107,   112,
     182,   180,   163,   160,    23,   121,   107,    23,   107,    12,
     165,    10,   175,   109,    12,   107,   181,    10,    10,    10,
      10,   126,   123,   123,    20,   107,   107,   107,   107,   183,
     123,   107,   109,     9,   124,   138,   108,   151,   107,   107,
     159,   123,   165,   107,   107,     9,    12,    12,    10,   107,
      10,   109,   140,   180,   147,   147,   124,   124,   151,   151,
     124,   134,   125,   146,   108,   107,   124,   124,   160,   162,
     126,    78,   126,   109,   124,   124,    48,    49,   145,   145,
     107,   107,   146,   149,   126,   151,   137,   109,   121,   164,
     160,    10,   127,    10,   146,   146,   124,   108,   136,   124,
     109,    10,   107,   124,     9,    23,   109,   142,   151,   124,
     146,   135,   124,   146,   126,    77,   143,    19,   107,   146,
     147,   146,    10,   126,   124,   152,    78,   145,   107,   124
};

  /* YYR1[YYN] -- Symbol number of symbol that rule YYN derives.  */
static const yytype_uint8 yyr1[] =
{
       0,   113,   115,   114,   116,   114,   117,   114,   118,   114,
     119,   114,   120,   114,   121,   122,   123,   124,   125,   126,
     126,   127,   127,   128,   128,   129,   129,   130,   130,   131,
     130,   132,   130,   130,   133,   130,   130,   130,   130,   130,
     130,   130,   130,   134,   135,   130,   136,   130,   137,   130,
     138,   130,   130,   130,   139,   130,   130,   140,   130,   141,
     130,   130,   130,   130,   142,   143,   143,   144,   144,   144,
     144,   144,   144,   144,   144,   145,   145,   145,   146,   146,
     147,   148,   148,   149,   149,   150,   151,   152,   153,   153,
     154,   154,   154,   155,   156,   157,   158,   158,   159,   159,
     160,   160,   160,   161,   161,   163,   162,   164,   164,   165,
     165,   165,   165,   166,   166,   166,   167,   167,   167,   167,
     167,   167,   167,   167,   168,   167,   169,   169,   170,   170,
     170,   170,   170,   170,   170,   170,   170,   170,   170,   170,
     170,   170,   171,   171,   171,   171,   171,   171,   171,   171,
     171,   171,   171,   171,   171,   171,   171,   172,   172,   172,
     172,   172,   172,   172,   172,   172,   172,   173,   173,   173,
     173,   173,   173,   174,   174,   175,   175,   175,   175,   175,
     175,   175,   175,   175,   175,   175,   175,   175,   175,   175,
     175,   175,   175,   175,   175,   175,   175,   175,   175,   175,
     175,   175,   175,   175,   175,   175,   175,   175,   175,   175,
     175,   175,   175,   175,   175,   175,   175,   175,   175,   175,
     175,   175,   175,   175,   176,   175,   175,   175,   175,   175,
     177,   177,   177,   177,   177,   178,   178,   178,   178,   178,
     178,   179,   179,   179,   179,   180,   180,   181,   181,   182,
     182,   183,   184,   183,   185,   186,   186,   186,   187,   187,
     188,   188,   189,   190,   191,   192,   193,   194,   194,   195,
     196,   196,   197,   197,   198,   198,   199,   199,   199,   199
};

  /* YYR2[YYN] -- Number of symbols on the right hand side of rule YYN.  */
static const yytype_uint8 yyr2[] =
{
       0,     2,     0,     4,     0,     3,     0,     3,     0,     3,
       0,     3,     0,     3,     4,     7,     0,     4,     0,     0,
       2,     0,     2,     1,     1,     2,     2,     1,     4,     0,
       7,     0,    10,     4,     0,     7,     7,     7,     6,     6,
       2,     8,     8,     0,     0,    13,     0,    10,     0,     9,
       0,    10,     9,     7,     0,     6,     2,     0,     8,     0,
       6,     3,     2,     1,     2,     0,     3,     1,     1,     3,
       3,     3,     3,     3,     3,     0,     2,     6,     0,     2,
       0,     0,     1,     0,     1,     1,     1,     1,     1,     0,
       1,     1,     1,     0,     0,     0,     1,     1,     0,     1,
       0,     2,     1,     2,     1,     0,     3,     1,     1,     3,
       3,     3,     1,     2,     3,     1,     3,     5,     6,     3,
       3,     5,     2,     4,     0,     5,     1,     1,     5,     4,
       5,     4,     5,     6,     5,     4,     5,     4,     3,     6,
       4,     5,     3,     3,     3,     3,     3,     3,     3,     3,
       3,     3,     3,     3,     3,     3,     3,     2,     2,     2,
       2,     2,     2,     2,     2,     2,     2,     3,     2,     4,
       3,     5,     8,     2,     2,     1,     1,     1,     1,     5,
       2,     3,     1,     2,     3,     1,     2,     1,     1,     1,
       1,     1,     1,     4,     4,     5,     5,     1,     1,     3,
       4,     3,     4,     4,     4,     4,     4,     1,     2,     2,
       1,     2,     2,     1,     2,     1,     2,     1,     3,     1,
       3,     1,     3,     4,     0,     6,     1,     1,     1,     1,
       3,     2,     3,     2,     4,     3,     2,     1,     1,     1,
       1,     1,     1,     1,     1,     0,     1,     0,     1,     0,
       2,     1,     0,     3,     1,     1,     1,     1,     1,     1,
       2,     2,     2,     2,     2,     5,     2,     2,     4,     2,
       1,     3,     1,     3,     1,     3,     1,     1,     1,     1
};

typedef enum {
	toketype_ival, toketype_opval, toketype_pval
} toketypes;

/* type of each token/terminal */
static const toketypes yy_type_tab[] =
{
  toketype_ival, toketype_ival, toketype_ival, toketype_ival, toketype_ival, toketype_ival,
  toketype_ival, toketype_ival, toketype_ival, toketype_ival, toketype_ival, toketype_ival,
  toketype_ival, toketype_ival, toketype_ival, toketype_ival, toketype_ival, toketype_ival, toketype_ival, toketype_ival, toketype_opval,
  toketype_opval, toketype_opval, toketype_opval, toketype_opval, toketype_opval, toketype_opval,
  toketype_opval, toketype_opval, toketype_opval, toketype_opval, toketype_opval, toketype_opval,
  toketype_opval, toketype_opval, toketype_pval, toketype_pval, toketype_ival, toketype_ival, toketype_ival,
  toketype_ival, toketype_ival, toketype_ival, toketype_ival, toketype_ival, toketype_ival, toketype_ival,
  toketype_ival, toketype_ival, toketype_ival, toketype_ival, toketype_ival, toketype_ival, toketype_ival, toketype_ival,
  toketype_ival, toketype_ival, toketype_ival, toketype_ival, toketype_ival, toketype_ival, toketype_ival,
  toketype_ival, toketype_ival, toketype_ival, toketype_ival, toketype_ival, toketype_ival, toketype_ival, toketype_ival,
  toketype_ival, toketype_ival, toketype_ival, toketype_ival, toketype_ival, toketype_ival, toketype_ival,
  toketype_ival, toketype_ival, toketype_ival, toketype_ival, toketype_ival, toketype_ival,
  toketype_ival, toketype_ival, toketype_ival, toketype_ival, toketype_ival, toketype_ival, toketype_ival, toketype_ival,
  toketype_ival, toketype_ival, toketype_ival, toketype_ival, toketype_ival, toketype_ival, toketype_ival,
  toketype_ival, toketype_ival, toketype_ival, toketype_ival, toketype_ival, toketype_ival, toketype_ival,
  toketype_ival, toketype_ival, toketype_ival, toketype_ival, toketype_ival, toketype_ival, toketype_ival, toketype_ival, toketype_ival,
  toketype_ival, toketype_ival, toketype_ival, toketype_ival, toketype_ival, toketype_ival, toketype_ival, toketype_opval,
  toketype_opval, toketype_ival, toketype_opval, toketype_ival, toketype_opval, toketype_opval,
  toketype_opval, toketype_opval, toketype_opval, toketype_ival, toketype_ival, toketype_ival, toketype_ival,
  toketype_ival, toketype_ival, toketype_ival, toketype_ival, toketype_ival, toketype_ival, toketype_ival, toketype_opval,
  toketype_opval, toketype_opval, toketype_opval, toketype_opval, toketype_ival, toketype_opval, toketype_opval, toketype_opval,
  toketype_opval, toketype_opval, toketype_opval, toketype_ival, toketype_ival, toketype_ival,
  toketype_ival, toketype_opval, toketype_opval, toketype_opval, toketype_opval,
  toketype_opval, toketype_ival, toketype_opval, toketype_opval, toketype_opval, toketype_opval, toketype_ival,
  toketype_opval, toketype_opval, toketype_opval, toketype_opval, toketype_opval, toketype_opval,
  toketype_opval, toketype_ival, toketype_opval, toketype_opval, toketype_opval, toketype_opval,
  toketype_opval, toketype_opval, toketype_ival, toketype_ival, toketype_opval, toketype_opval,
  toketype_opval, toketype_ival, toketype_opval, toketype_opval, toketype_opval, toketype_opval,
  toketype_opval, toketype_opval, toketype_opval, toketype_opval, toketype_opval, toketype_opval, toketype_opval
};

/* Generated from:
 * 584339f92895c9d791d382709d201b3efa0c725a44717a4532515b7f829d2995 perly.y
 * 97bda1316ae979c0a3ebc6a9544491527ca90f3added2132242ef96258281864 regen_perly.pl
 * ex: set ro: */
