/* ex: set ro ft=c: -*- buffer-read-only: t -*-
   !!!!!!!   DO NOT EDIT THIS FILE   !!!!!!!
   This file is built by regen_perly.pl from perly.y.
   Any changes made here will be lost!
 */

#define YYFINAL  14
/* YYLAST -- Last index in YYTABLE.  */
#define YYLAST   3171

/* YYNTOKENS -- Number of terminals.  */
#define YYNTOKENS  107
/* YYNNTS -- Number of nonterminals.  */
#define YYNNTS  85
/* YYNRULES -- Number of rules.  */
#define YYNRULES  268
/* YYNSTATES -- Number of states.  */
#define YYNSTATES  546

/* YYTRANSLATE[YYX] -- Symbol number corresponding to YYX as returned
   by yylex, with out-of-bounds checking.  */
#define YYUNDEFTOK  2
#define YYMAXUTOK   339

#define YYTRANSLATE(YYX)                                                \
  ((unsigned int) (YYX) <= YYMAXUTOK ? yytranslate[YYX] : YYUNDEFTOK)

/* YYTRANSLATE[TOKEN-NUM] -- Symbol number corresponding to TOKEN-NUM
   as returned by yylex, without out-of-bounds checking.  */
static const yytype_uint8 yytranslate[] =
{
       0,     2,     2,     2,     2,     2,     2,     2,     2,     2,
       2,     2,     2,     2,     2,     2,     2,     2,     2,     2,
       2,     2,     2,     2,     2,     2,     2,     2,     2,     2,
       2,     2,     2,    89,     2,     2,   104,    16,    17,     2,
     102,   101,   105,    14,    78,    13,    19,   106,     2,     2,
       2,     2,     2,     2,     2,     2,     2,     2,    81,   103,
       2,    18,     2,    80,    15,     2,     2,     2,     2,     2,
       2,     2,     2,     2,     2,     2,     2,     2,     2,     2,
       2,     2,     2,     2,     2,     2,     2,     2,     2,     2,
       2,    11,     2,    12,     2,     2,     2,     2,     2,     2,
       2,     2,     2,     2,     2,     2,     2,     2,     2,     2,
       2,     2,     2,     2,     2,     2,     2,     2,     2,     2,
       2,     2,     2,     9,     2,    10,    90,     2,     2,     2,
       2,     2,     2,     2,     2,     2,     2,     2,     2,     2,
       2,     2,     2,     2,     2,     2,     2,     2,     2,     2,
       2,     2,     2,     2,     2,     2,     2,     2,     2,     2,
       2,     2,     2,     2,     2,     2,     2,     2,     2,     2,
       2,     2,     2,     2,     2,     2,     2,     2,     2,     2,
       2,     2,     2,     2,     2,     2,     2,     2,     2,     2,
       2,     2,     2,     2,     2,     2,     2,     2,     2,     2,
       2,     2,     2,     2,     2,     2,     2,     2,     2,     2,
       2,     2,     2,     2,     2,     2,     2,     2,     2,     2,
       2,     2,     2,     2,     2,     2,     2,     2,     2,     2,
       2,     2,     2,     2,     2,     2,     2,     2,     2,     2,
       2,     2,     2,     2,     2,     2,     2,     2,     2,     2,
       2,     2,     2,     2,     2,     2,     1,     2,     3,     4,
       5,     6,     7,     8,    20,    21,    22,    23,    24,    25,
      26,    27,    28,    29,    30,    31,    32,    33,    34,    35,
      36,    37,    38,    39,    40,    41,    42,    43,    44,    45,
      46,    47,    48,    49,    50,    51,    52,    53,    54,    55,
      56,    57,    58,    59,    60,    61,    62,    63,    64,    65,
      66,    67,    68,    69,    70,    71,    72,    73,    74,    75,
      76,    77,    79,    82,    83,    84,    85,    86,    87,    88,
      91,    92,    93,    94,    95,    96,    97,    98,    99,   100
};

#if YYDEBUG
  /* YYRLINE[YYN] -- Source line where rule number YYN was defined.  */
static const yytype_uint16 yyrline[] =
{
       0,   117,   117,   116,   127,   126,   136,   135,   148,   147,
     160,   159,   172,   171,   183,   191,   199,   203,   211,   217,
     218,   228,   229,   238,   242,   246,   250,   257,   259,   269,
     268,   302,   301,   344,   343,   368,   376,   375,   384,   390,
     396,   407,   409,   411,   418,   426,   428,   425,   446,   445,
     453,   452,   461,   460,   470,   478,   485,   484,   492,   499,
     498,   513,   517,   525,   543,   544,   549,   551,   553,   555,
     557,   559,   561,   564,   570,   571,   576,   587,   588,   594,
     600,   601,   606,   609,   613,   618,   622,   626,   627,   631,
     637,   642,   647,   648,   653,   654,   659,   660,   662,   667,
     669,   675,   674,   693,   694,   698,   700,   702,   704,   708,
     710,   715,   719,   723,   727,   733,   738,   744,   750,   752,
     755,   754,   765,   766,   770,   774,   777,   782,   787,   790,
     794,   798,   801,   806,   810,   813,   815,   817,   822,   824,
     826,   831,   833,   835,   837,   839,   841,   843,   845,   847,
     849,   851,   856,   858,   861,   863,   865,   868,   871,   882,
     885,   888,   895,   897,   899,   901,   903,   906,   925,   927,
     931,   932,   933,   934,   935,   937,   939,   941,   943,   945,
     947,   949,   951,   953,   955,   957,   959,   961,   963,   973,
     983,   993,  1003,  1005,  1007,  1010,  1015,  1019,  1021,  1023,
    1025,  1028,  1030,  1033,  1035,  1037,  1039,  1041,  1043,  1045,
    1047,  1049,  1052,  1054,  1056,  1058,  1060,  1062,  1066,  1069,
    1068,  1081,  1082,  1083,  1088,  1092,  1094,  1096,  1101,  1103,
    1106,  1108,  1110,  1112,  1117,  1119,  1124,  1125,  1130,  1131,
    1135,  1138,  1137,  1145,  1149,  1150,  1151,  1154,  1155,  1158,
    1159,  1162,  1166,  1170,  1176,  1205,  1211,  1213,  1217,  1221,
    1222,  1226,  1227,  1231,  1232,  1237,  1239,  1241,  1244
};
#endif

#if YYDEBUG || YYERROR_VERBOSE || 0
/* YYTNAME[SYMBOL-NUM] -- String name of the symbol SYMBOL-NUM.
   First, the terminals, then, starting at YYNTOKENS, nonterminals.  */
static const char *const yytname[] =
{
  "$end", "error", "$undefined", "GRAMPROG", "GRAMEXPR", "GRAMBLOCK",
  "GRAMBARESTMT", "GRAMFULLSTMT", "GRAMSTMTSEQ", "'{'", "'}'", "'['",
  "']'", "'-'", "'+'", "'@'", "'%'", "'&'", "'='", "'.'", "BAREWORD",
  "METHOD", "FUNCMETH", "THING", "PMFUNC", "PRIVATEREF", "QWLIST",
  "FUNC0OP", "FUNC0SUB", "UNIOPSUB", "LSTOPSUB", "PLUGEXPR", "PLUGSTMT",
  "LABEL", "FORMAT", "SUB", "ANONSUB", "EXTERNSUB", "PACKAGE", "USE",
  "WHILE", "UNTIL", "IF", "UNLESS", "ELSE", "ELSIF", "CONTINUE", "FOR",
  "GIVEN", "WHEN", "DEFAULT", "LOOPEX", "DOTDOT", "YADAYADA", "FUNC0",
  "FUNC1", "FUNC", "UNIOP", "LSTOP", "RELOP", "EQOP", "MULOP", "ADDOP",
  "DOLSHARP", "DO", "HASHBRACK", "NOAMP", "LOCAL", "MY", "REQUIRE",
  "COLONATTR", "FORMLBRACK", "FORMRBRACK", "PREC_LOW", "OROP", "DOROP",
  "ANDOP", "NOTOP", "','", "ASSIGNOP", "'?'", "':'", "OROR", "DORDOR",
  "ANDAND", "BITOROP", "BITANDOP", "SHIFTOP", "MATCHOP", "'!'", "'~'",
  "UMINUS", "REFGEN", "POWOP", "POWCOP", "PREINC", "PREDEC", "POSTINC",
  "POSTDEC", "POSTJOIN", "ARROW", "')'", "'('", "';'", "'$'", "'*'", "'/'",
  "$accept", "grammar", "$@1", "$@2", "$@3", "$@4", "$@5", "$@6", "block",
  "formblock", "remember", "mblock", "mremember", "stmtseq", "formstmtseq",
  "fullstmt", "labfullstmt", "barestmt", "$@7", "$@8", "$@9", "$@10",
  "$@11", "$@12", "$@13", "$@14", "@15", "$@16", "$@17", "formline",
  "formarg", "sideff", "else", "cont", "mintro", "nexpr", "texpr", "iexpr",
  "mexpr", "mnexpr", "formname", "startsub", "startanonsub",
  "startformsub", "subname", "proto", "subattrlist", "myattrlist",
  "subsignature", "@18", "optsubbody", "expr", "listexpr", "listop", "@19",
  "method", "subscripted", "termbinop", "termunop", "anonymous", "termdo",
  "term", "@20", "myattrterm", "myterm", "optlistexpr", "optexpr",
  "optrepl", "lpar_or_qw", "$@21", "my_scalar", "my_var", "refgen_topic",
  "my_refgen", "amper", "scalar", "ary", "sizearydecl", "hsh", "arylen",
  "star", "sliceme", "kvslice", "gelem", "indirob", YY_NULLPTR
};
#endif

# ifdef YYPRINT
/* YYTOKNUM[NUM] -- (External) token number corresponding to the
   (internal) symbol number NUM (which must be that of a token).  */
static const yytype_uint16 yytoknum[] =
{
       0,   256,   257,   258,   259,   260,   261,   262,   263,   123,
     125,    91,    93,    45,    43,    64,    37,    38,    61,    46,
     264,   265,   266,   267,   268,   269,   270,   271,   272,   273,
     274,   275,   276,   277,   278,   279,   280,   281,   282,   283,
     284,   285,   286,   287,   288,   289,   290,   291,   292,   293,
     294,   295,   296,   297,   298,   299,   300,   301,   302,   303,
     304,   305,   306,   307,   308,   309,   310,   311,   312,   313,
     314,   315,   316,   317,   318,   319,   320,   321,    44,   322,
      63,    58,   323,   324,   325,   326,   327,   328,   329,    33,
     126,   330,   331,   332,   333,   334,   335,   336,   337,   338,
     339,    41,    40,    59,    36,    42,    47
};
# endif

#define YYPACT_NINF -457

#define yypact_value_is_default(Yystate) \
  (!!((Yystate) == (-457)))

#define YYTABLE_NINF -264

#define yytable_value_is_error(Yytable_value) \
  (!!((Yytable_value) == (-264)))

  /* YYPACT[STATE-NUM] -- Index in YYTABLE of the portion describing
     STATE-NUM.  */
static const yytype_int16 yypact[] =
{
     554,  -457,  -457,  -457,  -457,  -457,  -457,    35,  -457,  2894,
      37,  1558,  1461,  -457,  -457,  -457,  2039,  2894,  2894,    45,
      45,    45,  -457,    45,    45,  -457,  -457,    71,   -25,  -457,
    2894,  -457,  -457,  -457,  2894,  -457,    -6,    21,    41,  1944,
    1847,    45,  1944,  2134,    90,  2894,    24,  2894,  2894,  2894,
    2894,  2894,  2894,  2894,  2229,    45,    45,   109,    72,  -457,
      12,  -457,  -457,  -457,  -457,  3071,  -457,  -457,    54,    49,
      98,   122,  -457,   151,   126,   167,   161,  -457,  -457,  -457,
    -457,  -457,    90,    90,   160,  -457,    85,    95,    97,   106,
     138,   107,   111,    37,  -457,   178,  -457,   125,  2321,  1461,
    -457,  -457,  -457,   685,   782,  -457,    66,   266,   266,  -457,
    -457,  -457,  -457,  -457,  -457,  -457,  2894,   131,   135,  2894,
     145,   538,    37,     1,  3071,   149,  2324,  1847,  -457,   538,
     581,    72,  -457,   504,  2894,  -457,  -457,   538,   221,   129,
    -457,  -457,  2894,   538,    47,  2989,  2419,   182,  -457,  -457,
    -457,  -457,   538,    72,   266,   266,   266,   517,   517,   244,
     202,  -457,  -457,  2894,  2894,  2894,  2894,  2894,  2894,  2514,
    2894,  2894,  2894,  2894,  2894,  2894,  2894,  2894,  2894,  2894,
    2894,  2894,  2894,  2894,  2894,  -457,  -457,  -457,  -457,    34,
    2609,  2894,  2894,  2894,  2894,  2894,  2894,  2894,  -457,   247,
    -457,  -457,   252,  -457,  -457,  -457,  -457,  -457,   192,   130,
    -457,   259,  -457,    27,  -457,  -457,  -457,    37,  -457,  -457,
    2894,  2894,  2894,  2894,  2894,  2894,  -457,  -457,  -457,  -457,
    -457,  2894,  2894,    79,  -457,  -457,  -457,   186,   224,  -457,
    -457,   295,   197,  2894,    72,  -457,   294,  -457,   296,  2704,
     266,   182,    50,    57,    62,  -457,   357,   302,  -457,  2894,
     308,   255,   255,  -457,  3071,   246,    83,  -457,   409,  1642,
    2214,  2024,   667,   248,  3071,  3028,  1736,  1736,  1832,  1929,
    2119,   551,   266,   266,  2894,  2894,   223,   227,   229,  -457,
     230,  2799,    17,   232,   237,  -457,  -457,   431,   339,   136,
     343,   140,   346,   190,   377,   879,  -457,   325,   242,  -457,
       8,   306,  2894,  2894,  2894,  2894,  -457,   249,  -457,  -457,
     254,  -457,  -457,  -457,  -457,  1654,  -457,    -5,  -457,  -457,
    -457,  2894,  2894,  -457,   109,  -457,   109,   109,   109,   109,
     109,   260,   -42,  -457,  2894,  -457,   224,   327,    37,  -457,
    -457,   474,  -457,   328,    11,   494,  -457,  -457,  -457,   205,
    2894,   352,  -457,  -457,  2894,   390,   226,  -457,  -457,  -457,
    -457,  -457,   596,  -457,  -457,  2894,  -457,   362,  -457,   364,
    -457,   366,  -457,   368,  -457,  -457,  -457,   344,  -457,   186,
    -457,  -457,   380,   300,   109,   303,   305,   109,   310,    27,
    -457,  -457,  -457,  -457,   315,   304,   387,   388,  -457,   301,
    2894,   322,   323,  -457,  2894,   334,  -457,   336,   429,  -457,
    -457,  -457,   428,    22,  -457,   241,  -457,   440,   433,  -457,
    -457,   340,  -457,  -457,  -457,  -457,   351,   224,   186,   224,
    -457,  2894,  -457,  -457,   388,   388,  2894,  2894,   388,  -457,
    -457,   178,   345,  -457,   367,   388,   388,   109,  -457,  -457,
    -457,  -457,  -457,  -457,  -457,   398,    10,   224,   369,  -457,
     371,   388,   388,    31,    31,   370,   376,   178,  2894,  -457,
    -457,  2894,  -457,  -457,  -457,   976,  -457,  -457,  -457,  -457,
     469,  -457,  1073,  -457,   178,   178,   388,   379,  -457,  -457,
    -457,   388,  -457,   383,  1170,   386,   388,  -457,    15,  -457,
    -457,  -457,  -457,  -457,  2894,   388,   178,  -457,  -457,   388,
     178,   419,   472,  -457,  1267,   394,   178,  -457,  -457,   178,
    -457,  -457,  -457,  -457,  -457,   388,  -457,  1750,  -457,  1364,
      31,   395,  -457,  -457,   388,  -457
};

  /* YYDEFACT[STATE-NUM] -- Default reduction number in state STATE-NUM.
     Performed when YYTABLE does not specify something else to do.  Zero
     means the default is an error.  */
static const yytype_uint16 yydefact[] =
{
       0,     2,     4,     6,     8,    10,    12,     0,    16,   236,
       0,     0,     0,    19,     1,    19,     0,     0,     0,     0,
       0,     0,   221,     0,     0,   192,   219,   180,   214,   216,
     210,    90,   224,    90,   202,   223,   212,     0,     0,   205,
     234,     0,     0,     0,     0,     0,     0,   208,     0,     0,
       0,     0,     0,     0,     0,     0,     0,   237,   108,   222,
     187,   170,   171,   172,   173,   111,   177,     5,   193,   182,
     185,   184,   186,   183,     0,     0,     0,    16,     7,    66,
      27,    91,     0,     0,     0,    89,     0,     0,     0,     0,
      16,     0,     0,     0,    62,    77,     9,     0,    67,     0,
      11,    24,    23,     0,     0,   163,     0,   152,   153,   265,
     268,   267,   266,   253,   255,   251,   234,     0,     0,     0,
       0,   211,     0,    94,   203,     0,     0,   236,   206,   207,
     265,   235,   118,   266,     0,   256,   169,   168,     0,     0,
      92,    93,   234,   178,     0,     0,     0,   226,   230,   233,
     232,   231,   209,   204,   154,   155,   175,   160,   161,   181,
       0,   252,   258,     0,     0,     0,   109,     0,     0,     0,
       0,     0,     0,     0,     0,     0,     0,     0,     0,     0,
       0,     0,     0,     0,     0,   159,   156,   157,   158,     0,
       0,     0,     0,     0,     0,     0,     0,     0,    19,    88,
      89,    89,     0,    36,    16,    16,    16,    16,    16,     0,
      16,     0,    16,     0,    16,    16,    42,     0,    58,    61,
       0,     0,     0,     0,     0,     0,    26,    25,    20,   162,
     116,   236,     0,     0,   215,   120,    95,     0,    96,   213,
     217,     0,     0,     0,   112,   165,     0,   196,   268,     0,
     176,     0,   182,   185,   184,   229,     0,   100,   225,     0,
     179,   106,   107,   105,   110,     0,     0,   134,     0,   147,
     143,   144,   140,   141,   138,     0,   149,   150,   148,   146,
     145,   142,   151,   139,     0,     0,   260,   262,     0,   122,
       0,     0,     0,   264,   115,   123,   194,     0,     0,     0,
       0,     0,     0,     0,     0,     0,    87,     0,    29,    33,
       0,     0,    82,     0,     0,     0,   249,     0,   250,   247,
       0,   248,   244,   245,   246,     0,    56,     0,   241,   240,
      16,     0,     0,    78,    70,    71,    84,    68,    69,    72,
      73,     0,   238,   136,   234,   101,    96,    98,     0,   218,
     119,     0,   164,     0,   181,     0,   227,   228,    99,     0,
       0,     0,   127,   133,     0,     0,     0,   198,   199,   200,
     257,   131,     0,   197,   201,   236,   195,     0,   125,     0,
     188,     0,   189,     0,    14,    16,    28,    94,    16,     0,
      16,    35,     0,     0,    83,     0,     0,    85,     0,     0,
     243,    16,    81,    86,     0,     0,    67,     0,    52,     0,
       0,     0,     0,   117,     0,     0,   121,     0,     0,    97,
     166,   113,     0,   179,   137,     0,   130,   174,     0,   126,
     132,     0,   128,   190,   191,   124,     0,    96,     0,    96,
      59,   234,    79,    79,     0,     0,     0,     0,     0,    45,
      18,    77,     0,   242,     0,     0,     0,   239,   220,   102,
      19,   254,   135,   129,   114,     0,     0,    96,     0,    19,
       0,     0,     0,    74,    74,     0,     0,    77,    82,    19,
      57,     0,    50,    40,    41,     0,    21,   104,   103,    30,
       0,    34,     0,    37,    77,    77,     0,     0,    38,    39,
      48,     0,    55,     0,     0,     0,     0,   167,     0,    19,
      60,    43,    44,    75,     0,     0,    77,    46,    17,     0,
      77,    64,     0,    22,     0,     0,    77,    54,    79,    77,
      51,    19,    63,    15,    32,     0,    49,     0,    53,     0,
      74,     0,    65,    76,     0,    47
};

  /* YYPGOTO[NTERM-NUM].  */
static const yytype_int16 yypgoto[] =
{
    -457,  -457,  -457,  -457,  -457,  -457,  -457,  -457,   -10,  -457,
     -33,   -46,  -457,   -12,  -457,   491,   410,     9,  -457,  -457,
    -457,  -457,  -457,  -457,  -457,  -457,  -457,  -457,  -457,  -457,
    -457,  -312,  -456,  -202,  -427,  -457,    30,   198,  -246,   -20,
    -457,  -113,   485,  -457,   162,   134,  -337,   279,  -364,  -457,
    -457,    -2,   -36,  -457,  -457,  -457,  -457,  -457,  -457,  -457,
    -457,   209,  -457,  -457,   391,  -108,  -112,  -457,   132,  -457,
    -457,   208,  -457,  -457,   332,   250,   -41,  -457,   -40,  -457,
    -457,  -457,  -457,  -457,     7
};

  /* YYDEFGOTO[NTERM-NUM].  */
static const yytype_int16 yydefgoto[] =
{
      -1,     7,     8,     9,    10,    11,    12,    13,   111,   386,
      15,   451,   479,   103,   508,   228,   101,   102,   387,   388,
     389,   311,   478,   528,   515,   506,   452,   407,   469,   523,
     532,    97,   498,   218,   471,   403,   393,   335,   396,   405,
     307,   203,   122,   199,   142,   238,   348,   258,   346,   417,
     489,    98,    58,    59,   344,   294,    60,    61,    62,    63,
      64,    65,   118,    66,   147,   132,    67,   415,   330,   409,
     399,   319,   320,   212,    68,    69,    70,   150,    71,    72,
      73,    74,    75,    76,   113
};

  /* YYTABLE[YYPACT[STATE-NUM]] -- What to do in state STATE-NUM.  If
     positive, shift that token.  If negative, reduce the rule whose
     number is the opposite.  If YYTABLE_NINF, syntax error.  */
static const yytype_int16 yytable[] =
{
      78,    95,    95,   104,   131,   149,   151,    57,   230,   418,
      19,    20,   153,   402,   106,   242,   472,   390,   499,    77,
      96,   167,   259,   168,   236,   439,    77,   114,   115,   128,
     116,   117,   136,   360,   247,    14,   166,   109,   521,   144,
      20,   139,   110,   284,   198,   285,    77,   134,   135,   286,
     287,   288,   160,   328,    77,   289,    77,   211,   191,   191,
     192,   192,   161,   162,   414,   109,  -259,   109,  -259,   398,
     110,  -261,   248,  -261,   467,   496,   497,   120,   229,   404,
     131,  -229,   119,   216,   543,   411,   412,   308,   309,    95,
     237,   343,  -228,    95,    95,   362,   125,   290,   244,    55,
     466,   537,   468,   -16,   253,   254,   131,  -259,   227,  -259,
     140,   391,   235,   487,   169,   141,   145,   233,   522,   341,
    -230,    55,   373,   126,   241,    57,   146,  -233,    55,   329,
     490,  -261,  -231,  -261,   243,   193,   291,   194,   292,   293,
     163,   164,   165,   127,   256,    19,    20,    21,   378,    55,
     166,    55,   380,   163,   164,   165,   190,   163,   164,   165,
    -263,   261,   262,   263,   454,   265,   266,   268,   323,   324,
     197,   312,   313,   314,   315,   317,   195,   325,   196,   327,
     202,   331,   332,   163,   164,   165,   305,   204,   297,   298,
     299,   300,   301,   302,   303,   304,   342,   205,   318,   206,
     475,   476,   382,   163,   164,   165,   208,   333,   207,   214,
     163,   164,   165,   215,   163,   164,   165,   424,   334,   336,
     337,   338,   339,   340,   217,   402,   107,   108,   219,    57,
     209,   245,   246,   231,    55,   505,   416,   232,   429,   121,
     210,   351,    55,   124,   200,   201,   234,   355,   129,   480,
     239,   137,   257,   462,   143,   259,   152,   359,   154,   155,
     156,   157,   158,   431,   163,   164,   165,   306,   525,   112,
     112,   112,   310,   112,   112,   502,   163,   164,   165,   163,
     164,   165,   365,   366,   316,   326,   323,   324,   345,   372,
     133,   112,   511,   512,   347,    95,   148,   410,   350,   161,
     163,   164,   165,   260,   352,   112,   112,   353,   131,   173,
     394,   336,   397,   397,   527,   163,   164,   165,   530,   360,
     163,   164,   165,   406,   536,   358,   392,   538,   367,   397,
     397,   165,   368,   470,   369,   370,   183,   374,   420,   375,
     213,   184,   185,   385,   -31,   186,   187,   188,   189,   361,
     419,   422,   436,    55,   250,   438,   401,   440,   425,   184,
     185,   413,   426,   186,   187,   188,   189,   236,   447,   163,
     164,   165,   432,    57,   433,   264,   434,   133,   435,   269,
     270,   271,   272,   273,   274,   275,   276,   277,   278,   279,
     280,   281,   282,   283,   112,   252,   349,   450,   473,   474,
     441,   442,   477,   453,   443,   131,   444,   449,   397,   483,
     484,   445,   457,   163,   164,   165,   448,   163,   164,   165,
     163,   164,   165,   455,   456,   494,   495,   220,   221,   222,
     223,   163,   164,   165,   224,   458,   225,   459,   460,   295,
     461,   464,   377,   463,   397,   397,   379,   481,   485,   381,
     513,   163,   164,   165,   465,   516,   488,   492,   357,   322,
     520,   163,   164,   165,   163,   164,   165,   504,   482,   526,
     486,   500,   491,   529,   493,    95,   394,   501,   509,   397,
     383,   514,    95,   163,   164,   165,   517,   519,   -85,   540,
     531,   533,   170,   428,    95,   535,   544,   524,   545,   171,
     172,   173,   174,   100,  -182,   163,   164,   165,   503,   226,
     363,   395,   397,   191,    95,   192,  -182,   541,   123,   539,
     176,   437,   177,   178,   179,   180,   181,   182,   183,    95,
     356,   446,   376,   184,   185,   408,   251,   186,   187,   188,
     189,   321,   112,     0,  -182,  -182,  -182,  -182,   163,   164,
     165,  -182,     0,  -182,     0,     0,  -182,     1,     2,     3,
       4,     5,     6,  -182,  -182,  -182,  -182,   400,   163,   164,
     165,     0,     0,   427,     0,   421,     0,   322,  -182,  -182,
    -182,  -221,  -182,  -182,  -182,  -182,  -182,  -182,  -182,  -182,
    -182,  -182,  -182,  -221,     0,   423,     0,  -182,  -182,   173,
     174,  -182,  -182,  -182,  -182,  -182,     0,  -182,     0,     0,
    -182,     0,   173,   174,  -264,  -264,  -264,   189,     0,     0,
       0,  -221,  -221,  -221,  -221,   182,   183,     0,  -221,     0,
    -221,   184,   185,  -221,     0,   186,   187,   188,   189,   183,
    -221,  -221,  -221,  -221,   184,   185,     0,     0,   186,   187,
     188,   189,     0,     0,     0,  -221,  -221,  -221,     0,  -221,
    -221,  -221,  -221,  -221,  -221,  -221,  -221,  -221,  -221,  -221,
     163,   164,   165,     0,  -221,  -221,     0,     0,  -221,  -221,
    -221,  -221,  -221,     0,  -221,   -13,    79,  -221,     0,     0,
       0,     0,     0,     0,    77,     0,    16,   430,    17,    18,
      19,    20,    21,     0,     0,    22,    23,    24,    25,    26,
       0,    27,    28,    29,    30,    31,    32,    80,    99,    81,
      82,    33,    83,    84,    85,    86,    87,    88,    89,     0,
       0,     0,    90,    91,    92,    93,    34,     0,    35,    36,
      37,    38,    39,    40,     0,     0,     0,     0,    41,    42,
      43,    44,    45,    46,    47,   183,     0,     0,     0,     0,
     184,   185,    48,     0,   186,   187,   188,   189,     0,     0,
       0,     0,     0,     0,    49,    50,     0,    51,     0,     0,
      52,    53,    -3,    79,     0,     0,     0,    54,    94,    55,
      56,    77,     0,    16,     0,    17,    18,    19,    20,    21,
       0,     0,    22,    23,    24,    25,    26,     0,    27,    28,
      29,    30,    31,    32,    80,    99,    81,    82,    33,    83,
      84,    85,    86,    87,    88,    89,     0,     0,     0,    90,
      91,    92,    93,    34,     0,    35,    36,    37,    38,    39,
      40,     0,     0,     0,     0,    41,    42,    43,    44,    45,
      46,    47,     0,     0,     0,     0,     0,     0,     0,    48,
       0,     0,     0,     0,     0,     0,     0,     0,     0,     0,
       0,    49,    50,     0,    51,     0,     0,    52,    53,     0,
      79,     0,     0,     0,    54,    94,    55,    56,    77,   384,
      16,     0,    17,    18,    19,    20,    21,     0,     0,    22,
      23,    24,    25,    26,     0,    27,    28,    29,    30,    31,
      32,    80,    99,    81,    82,    33,    83,    84,    85,    86,
      87,    88,    89,     0,     0,     0,    90,    91,    92,    93,
      34,     0,    35,    36,    37,    38,    39,    40,     0,     0,
       0,     0,    41,    42,    43,    44,    45,    46,    47,     0,
       0,     0,     0,     0,     0,     0,    48,     0,     0,     0,
       0,     0,     0,     0,     0,     0,     0,     0,    49,    50,
       0,    51,     0,     0,    52,    53,     0,    79,     0,     0,
       0,    54,    94,    55,    56,    77,   507,    16,     0,    17,
      18,    19,    20,    21,     0,     0,    22,    23,    24,    25,
      26,     0,    27,    28,    29,    30,    31,    32,    80,    99,
      81,    82,    33,    83,    84,    85,    86,    87,    88,    89,
       0,     0,     0,    90,    91,    92,    93,    34,     0,    35,
      36,    37,    38,    39,    40,     0,     0,     0,     0,    41,
      42,    43,    44,    45,    46,    47,     0,     0,     0,     0,
       0,     0,     0,    48,     0,     0,     0,     0,     0,     0,
       0,     0,     0,     0,     0,    49,    50,     0,    51,     0,
       0,    52,    53,     0,    79,     0,     0,     0,    54,    94,
      55,    56,    77,   510,    16,     0,    17,    18,    19,    20,
      21,     0,     0,    22,    23,    24,    25,    26,     0,    27,
      28,    29,    30,    31,    32,    80,    99,    81,    82,    33,
      83,    84,    85,    86,    87,    88,    89,     0,     0,     0,
      90,    91,    92,    93,    34,     0,    35,    36,    37,    38,
      39,    40,     0,     0,     0,     0,    41,    42,    43,    44,
      45,    46,    47,     0,     0,     0,     0,     0,     0,     0,
      48,     0,     0,     0,     0,     0,     0,     0,     0,     0,
       0,     0,    49,    50,     0,    51,     0,     0,    52,    53,
       0,    79,     0,     0,     0,    54,    94,    55,    56,    77,
     518,    16,     0,    17,    18,    19,    20,    21,     0,     0,
      22,    23,    24,    25,    26,     0,    27,    28,    29,    30,
      31,    32,    80,    99,    81,    82,    33,    83,    84,    85,
      86,    87,    88,    89,     0,     0,     0,    90,    91,    92,
      93,    34,     0,    35,    36,    37,    38,    39,    40,     0,
       0,     0,     0,    41,    42,    43,    44,    45,    46,    47,
       0,     0,     0,     0,     0,     0,     0,    48,     0,     0,
       0,     0,     0,     0,     0,     0,     0,     0,     0,    49,
      50,     0,    51,     0,     0,    52,    53,     0,    79,     0,
       0,     0,    54,    94,    55,    56,    77,   534,    16,     0,
      17,    18,    19,    20,    21,     0,     0,    22,    23,    24,
      25,    26,     0,    27,    28,    29,    30,    31,    32,    80,
      99,    81,    82,    33,    83,    84,    85,    86,    87,    88,
      89,     0,     0,     0,    90,    91,    92,    93,    34,     0,
      35,    36,    37,    38,    39,    40,     0,     0,     0,     0,
      41,    42,    43,    44,    45,    46,    47,     0,     0,     0,
       0,     0,     0,     0,    48,     0,     0,     0,     0,     0,
       0,     0,     0,     0,     0,     0,    49,    50,     0,    51,
       0,     0,    52,    53,     0,    79,     0,     0,     0,    54,
      94,    55,    56,    77,     0,    16,     0,    17,    18,    19,
      20,    21,     0,     0,    22,    23,    24,    25,    26,     0,
      27,    28,    29,    30,    31,    32,    80,    99,    81,    82,
      33,    83,    84,    85,    86,    87,    88,    89,     0,     0,
       0,    90,    91,    92,    93,    34,     0,    35,    36,    37,
      38,    39,    40,     0,     0,     0,     0,    41,    42,    43,
      44,    45,    46,    47,     0,     0,   542,     0,     0,     0,
       0,    48,     0,     0,     0,     0,     0,     0,     0,     0,
       0,     0,     0,    49,    50,     0,    51,     0,     0,    52,
      53,     0,    79,     0,     0,     0,    54,    94,    55,    56,
      77,     0,    16,     0,    17,    18,    19,    20,    21,     0,
       0,    22,    23,    24,    25,    26,     0,    27,    28,    29,
      30,    31,    32,    80,    99,    81,    82,    33,    83,    84,
      85,    86,    87,    88,    89,     0,     0,     0,    90,    91,
      92,    93,    34,     0,    35,    36,    37,    38,    39,    40,
       0,     0,     0,     0,    41,    42,    43,    44,    45,    46,
      47,     0,     0,     0,     0,     0,     0,     0,    48,     0,
       0,     0,     0,     0,     0,     0,     0,     0,     0,     0,
      49,    50,     0,    51,     0,     0,    52,    53,     0,    79,
       0,     0,     0,    54,    94,    55,    56,    77,     0,    16,
       0,    17,    18,    19,    20,    21,     0,     0,    22,    23,
      24,    25,    26,     0,    27,    28,    29,    30,    31,    32,
      80,     0,    81,    82,    33,    83,    84,    85,    86,    87,
      88,    89,     0,     0,     0,    90,    91,    92,    93,    34,
       0,    35,    36,    37,    38,    39,    40,     0,     0,     0,
       0,    41,    42,    43,    44,    45,    46,    47,     0,     0,
       0,     0,     0,     0,     0,    48,     0,     0,     0,     0,
       0,     0,     0,     0,     0,     0,     0,    49,    50,     0,
      51,     0,     0,    52,    53,    79,     0,     0,     0,     0,
      54,    94,    55,    56,     0,    16,     0,    17,    18,    19,
      20,    21,     0,     0,    22,    23,    24,    25,    26,     0,
      27,    28,    29,    30,    31,    32,     0,     0,     0,     0,
      33,     0,     0,     0,  -264,     0,     0,     0,     0,     0,
       0,   171,   172,   173,   174,    34,     0,    35,    36,    37,
      38,    39,    40,     0,     0,     0,     0,    41,    42,    43,
      44,    45,    46,    47,   177,   178,   179,   180,   181,   182,
     183,    48,     0,     0,     0,   184,   185,     0,     0,   186,
     187,   188,   189,    49,    50,     0,    51,     0,     0,    52,
      53,    79,     0,     0,     0,     0,    54,   -80,    55,    56,
       0,    16,     0,    17,    18,    19,    20,    21,     0,     0,
      22,    23,    24,    25,    26,     0,    27,    28,    29,    30,
      31,    32,     0,     0,     0,     0,    33,     0,     0,     0,
       0,     0,     0,     0,     0,   171,   172,   173,   174,     0,
       0,    34,     0,    35,    36,    37,    38,    39,    40,     0,
       0,     0,     0,    41,    42,    43,    44,    45,    46,    47,
     179,   180,   181,   182,   183,     0,     0,    48,     0,   184,
     185,     0,     0,   186,   187,   188,   189,     0,     0,    49,
      50,     0,    51,     0,     0,    52,    53,     0,     0,     0,
       0,   -80,    54,     0,    55,    56,    77,     0,    16,     0,
      17,    18,    19,    20,    21,     0,     0,   130,    23,    24,
      25,    26,   110,    27,    28,    29,    30,    31,    32,     0,
       0,     0,     0,    33,     0,     0,     0,     0,     0,     0,
       0,   171,   172,   173,   174,     0,     0,     0,    34,     0,
      35,    36,    37,    38,    39,    40,     0,     0,     0,     0,
      41,    42,    43,    44,    45,    46,    47,   180,   181,   182,
     183,     0,     0,     0,    48,   184,   185,     0,     0,   186,
     187,   188,   189,     0,     0,     0,    49,    50,     0,    51,
       0,     0,    52,    53,     0,     0,     0,     0,     0,    54,
       0,    55,    56,    77,     0,    16,     0,    17,    18,    19,
      20,    21,     0,     0,    22,    23,    24,    25,    26,     0,
      27,    28,    29,    30,    31,    32,     0,     0,     0,     0,
      33,     0,     0,     0,     0,     0,     0,     0,   171,   172,
     173,   174,     0,     0,     0,    34,     0,    35,    36,    37,
      38,    39,    40,     0,     0,     0,     0,    41,    42,    43,
      44,    45,    46,    47,     0,   181,   182,   183,     0,     0,
       0,    48,   184,   185,     0,     0,   186,   187,   188,   189,
       0,     0,     0,    49,    50,     0,    51,     0,     0,    52,
      53,     0,     0,     0,     0,     0,    54,     0,    55,    56,
      16,   105,    17,    18,    19,    20,    21,     0,     0,    22,
      23,    24,    25,    26,     0,    27,    28,    29,    30,    31,
      32,     0,     0,     0,     0,    33,     0,     0,     0,     0,
       0,     0,     0,   171,  -264,   173,   174,     0,     0,     0,
      34,     0,    35,    36,    37,    38,    39,    40,     0,     0,
       0,     0,    41,    42,    43,    44,    45,    46,    47,     0,
       0,   182,   183,     0,     0,     0,    48,   184,   185,     0,
       0,   186,   187,   188,   189,     0,     0,     0,    49,    50,
       0,    51,     0,     0,    52,    53,     0,     0,     0,     0,
       0,    54,     0,    55,    56,    16,     0,    17,    18,    19,
      20,    21,     0,     0,    22,    23,    24,    25,    26,     0,
      27,    28,    29,    30,    31,    32,     0,     0,     0,     0,
      33,     0,     0,     0,     0,     0,     0,     0,   171,   172,
     173,   174,     0,     0,     0,    34,     0,    35,    36,    37,
      38,    39,    40,     0,     0,     0,     0,    41,    42,    43,
      44,    45,    46,    47,     0,     0,   182,   183,     0,     0,
       0,    48,   184,   185,     0,     0,   186,   187,   188,   189,
       0,     0,     0,    49,    50,     0,    51,     0,     0,    52,
      53,     0,     0,     0,     0,     0,    54,   138,    55,    56,
      16,     0,    17,    18,    19,    20,    21,     0,     0,    22,
      23,    24,    25,    26,     0,    27,    28,    29,    30,    31,
      32,     0,     0,     0,     0,    33,     0,     0,     0,     0,
       0,     0,     0,  -264,     0,   173,   174,     0,     0,     0,
      34,     0,    35,    36,    37,    38,    39,    40,     0,     0,
       0,     0,    41,    42,    43,    44,    45,    46,    47,     0,
       0,   182,   183,     0,     0,     0,    48,   184,   185,     0,
       0,   186,   187,   188,   189,     0,     0,     0,    49,    50,
       0,    51,     0,     0,    52,    53,     0,     0,     0,     0,
     159,    54,     0,    55,    56,    16,     0,    17,    18,    19,
      20,    21,     0,     0,    22,    23,    24,    25,    26,     0,
      27,    28,    29,    30,    31,    32,     0,     0,     0,     0,
      33,   220,   221,   222,   223,     0,     0,     0,   224,     0,
     225,     0,     0,     0,     0,    34,     0,    35,    36,    37,
      38,    39,    40,     0,     0,     0,     0,    41,    42,    43,
      44,    45,    46,    47,     0,   163,   164,   165,     0,     0,
       0,    48,     0,     0,     0,     0,     0,     0,     0,     0,
       0,     0,     0,    49,    50,     0,    51,     0,     0,    52,
      53,     0,     0,     0,     0,   240,    54,     0,    55,    56,
      16,     0,    17,    18,    19,    20,    21,     0,     0,    22,
      23,    24,    25,    26,     0,    27,    28,    29,    30,    31,
      32,     0,     0,     0,     0,    33,     0,     0,     0,     0,
       0,     0,     0,     0,     0,     0,     0,     0,     0,     0,
      34,     0,    35,    36,    37,    38,    39,    40,     0,     0,
       0,     0,    41,    42,    43,    44,    45,    46,    47,     0,
       0,     0,     0,     0,     0,     0,    48,     0,     0,     0,
       0,     0,     0,     0,     0,     0,     0,     0,    49,    50,
       0,    51,     0,     0,    52,    53,     0,     0,     0,     0,
     255,    54,     0,    55,    56,    16,     0,    17,    18,    19,
      20,    21,     0,     0,    22,    23,    24,    25,    26,     0,
      27,    28,    29,    30,    31,    32,     0,     0,     0,     0,
      33,     0,     0,     0,     0,     0,     0,     0,     0,     0,
       0,     0,     0,     0,     0,    34,     0,    35,    36,    37,
      38,    39,    40,     0,     0,     0,     0,    41,    42,    43,
      44,    45,    46,    47,     0,     0,     0,     0,     0,     0,
       0,    48,     0,     0,     0,     0,     0,     0,     0,     0,
       0,     0,     0,    49,    50,     0,    51,     0,     0,    52,
      53,     0,     0,     0,     0,   267,    54,     0,    55,    56,
      16,     0,    17,    18,    19,    20,    21,     0,     0,    22,
      23,    24,    25,    26,     0,    27,    28,    29,    30,    31,
      32,     0,     0,     0,     0,    33,     0,     0,     0,     0,
       0,     0,     0,     0,     0,     0,     0,     0,     0,     0,
      34,     0,    35,    36,    37,    38,    39,    40,     0,     0,
       0,     0,    41,    42,    43,    44,    45,    46,    47,     0,
       0,     0,     0,     0,     0,     0,    48,     0,     0,     0,
       0,     0,     0,     0,     0,     0,     0,     0,    49,    50,
       0,    51,     0,     0,    52,    53,     0,     0,     0,     0,
     296,    54,     0,    55,    56,    16,     0,    17,    18,    19,
      20,    21,     0,     0,    22,    23,    24,    25,    26,     0,
      27,    28,    29,    30,    31,    32,     0,     0,     0,     0,
      33,     0,     0,     0,     0,     0,     0,     0,     0,     0,
       0,     0,     0,     0,     0,    34,     0,    35,    36,    37,
      38,    39,    40,     0,     0,     0,     0,    41,    42,    43,
      44,    45,    46,    47,     0,     0,     0,     0,     0,     0,
       0,    48,     0,     0,     0,     0,     0,     0,     0,     0,
       0,     0,     0,    49,    50,     0,    51,     0,     0,    52,
      53,     0,     0,     0,     0,   354,    54,     0,    55,    56,
      16,     0,    17,    18,    19,    20,    21,     0,     0,    22,
      23,    24,    25,    26,     0,    27,    28,    29,    30,    31,
      32,     0,     0,     0,     0,    33,     0,     0,     0,     0,
       0,     0,     0,     0,     0,     0,     0,     0,     0,     0,
      34,     0,    35,    36,    37,    38,    39,    40,     0,     0,
       0,     0,    41,    42,    43,    44,    45,    46,    47,     0,
       0,     0,     0,     0,     0,     0,    48,     0,     0,     0,
       0,     0,     0,     0,     0,     0,     0,     0,    49,    50,
       0,    51,     0,     0,    52,    53,     0,     0,     0,     0,
     371,    54,     0,    55,    56,    16,     0,    17,    18,    19,
      20,    21,     0,     0,    22,    23,    24,    25,    26,     0,
      27,    28,    29,    30,    31,    32,     0,     0,     0,     0,
      33,     0,     0,     0,     0,     0,     0,     0,     0,     0,
       0,     0,     0,     0,     0,    34,     0,    35,    36,    37,
      38,    39,    40,     0,     0,     0,     0,    41,    42,    43,
      44,    45,    46,    47,     0,     0,     0,     0,     0,     0,
       0,    48,     0,     0,     0,     0,     0,     0,     0,     0,
       0,     0,     0,    49,    50,     0,    51,     0,     0,    52,
      53,     0,     0,     0,     0,     0,    54,     0,    55,    56,
      16,     0,    17,    18,   144,    20,    21,     0,     0,    22,
      23,    24,    25,    26,     0,    27,    28,    29,    30,    31,
      32,     0,     0,     0,     0,    33,     0,     0,     0,     0,
       0,     0,     0,     0,     0,     0,     0,     0,     0,     0,
      34,     0,    35,    36,    37,    38,    39,    40,     0,     0,
       0,     0,    41,    42,    43,    44,    45,    46,    47,     0,
       0,     0,     0,     0,     0,     0,    48,     0,     0,     0,
       0,     0,     0,     0,     0,     0,     0,     0,    49,    50,
     170,    51,     0,     0,    52,    53,     0,   171,   172,   173,
     174,   249,     0,    55,    56,     0,     0,     0,     0,     0,
       0,     0,     0,     0,     0,     0,     0,   175,   176,   364,
     177,   178,   179,   180,   181,   182,   183,     0,     0,     0,
       0,   184,   185,   170,     0,   186,   187,   188,   189,     0,
     171,   172,   173,   174,     0,     0,     0,     0,     0,     0,
       0,     0,     0,     0,     0,     0,     0,     0,     0,     0,
     175,   176,     0,   177,   178,   179,   180,   181,   182,   183,
       0,     0,     0,     0,   184,   185,     0,     0,   186,   187,
     188,   189
};

static const yytype_int16 yycheck[] =
{
      10,    11,    12,    15,    40,    46,    46,     9,   116,   346,
      15,    16,    48,   325,    16,   127,   443,     9,   474,     9,
      11,     9,    11,    11,    23,   389,     9,    20,    21,    39,
      23,    24,    42,    11,   142,     0,    78,    20,    23,    15,
      16,    43,    25,     9,    77,    11,     9,    40,    41,    15,
      16,    17,    54,    26,     9,    21,     9,    90,     9,     9,
      11,    11,    55,    56,   106,    20,     9,    20,    11,   315,
      25,     9,    25,    11,   438,    44,    45,   102,    12,   325,
     116,    70,    11,    93,   540,   331,   332,   200,   201,    99,
     123,    12,    70,   103,   104,    12,   102,    63,   134,   104,
     437,   528,   439,   102,   145,   145,   142,     9,    99,    11,
      20,   103,   122,   103,   102,    25,    92,   119,   103,   231,
      70,   104,   105,   102,   126,   127,   102,    70,   104,   102,
     467,     9,    70,    11,   127,     9,   102,    11,   104,   105,
      74,    75,    76,   102,   146,    15,    16,    17,    12,   104,
      78,   104,    12,    74,    75,    76,   102,    74,    75,    76,
       9,   163,   164,   165,   410,   167,   168,   169,   209,   209,
       9,   204,   205,   206,   207,   208,     9,   210,    11,   212,
      20,   214,   215,    74,    75,    76,   198,   102,   190,   191,
     192,   193,   194,   195,   196,   197,   232,   102,    68,   102,
     446,   447,    12,    74,    75,    76,    68,   217,   102,   102,
      74,    75,    76,   102,    74,    75,    76,    12,   220,   221,
     222,   223,   224,   225,    46,   537,    17,    18,   103,   231,
      92,    10,   103,   102,   104,   481,   344,   102,    12,    30,
     102,   243,   104,    34,    82,    83,   101,   249,    39,   451,
     101,    42,    70,    12,    45,    11,    47,   259,    49,    50,
      51,    52,    53,   375,    74,    75,    76,    20,   514,    19,
      20,    21,    20,    23,    24,   477,    74,    75,    76,    74,
      75,    76,   284,   285,    92,    26,   327,   327,   102,   291,
      40,    41,   494,   495,    70,   305,    46,   330,   101,   292,
      74,    75,    76,   101,    10,    55,    56,    11,   344,    61,
     312,   313,   314,   315,   516,    74,    75,    76,   520,    11,
      74,    75,    76,   325,   526,    23,    20,   529,   105,   331,
     332,    76,   105,   441,   105,   105,    88,   105,   348,   102,
      90,    93,    94,    18,   102,    97,    98,    99,   100,   103,
      23,    23,   385,   104,   145,   388,   102,   390,   360,    93,
      94,   101,    10,    97,    98,    99,   100,    23,   401,    74,
      75,    76,    10,   375,    10,   166,    10,   127,    10,   170,
     171,   172,   173,   174,   175,   176,   177,   178,   179,   180,
     181,   182,   183,   184,   144,   145,   101,     9,   444,   445,
      20,   101,   448,   102,   101,   441,   101,   103,   410,   455,
     456,   101,   414,    74,    75,    76,   101,    74,    75,    76,
      74,    75,    76,   101,   101,   471,   472,    40,    41,    42,
      43,    74,    75,    76,    47,   101,    49,   101,     9,   189,
      12,   101,   103,    10,   446,   447,   103,   102,   460,   103,
     496,    74,    75,    76,   103,   501,   466,   469,   101,   209,
     506,    74,    75,    76,    74,    75,    76,   479,   101,   515,
      72,   101,   103,   519,   103,   485,   478,   101,     9,   481,
     103,   102,   492,    74,    75,    76,   103,   101,   101,   535,
      71,    19,    52,   103,   504,   101,   101,   509,   544,    59,
      60,    61,    62,    12,     0,    74,    75,    76,   478,    99,
     101,   313,   514,     9,   524,    11,    12,   537,    33,   531,
      80,   387,    82,    83,    84,    85,    86,    87,    88,   539,
     251,   399,   101,    93,    94,   327,   145,    97,    98,    99,
     100,   209,   292,    -1,    40,    41,    42,    43,    74,    75,
      76,    47,    -1,    49,    -1,    -1,    52,     3,     4,     5,
       6,     7,     8,    59,    60,    61,    62,   317,    74,    75,
      76,    -1,    -1,   364,    -1,   101,    -1,   327,    74,    75,
      76,     0,    78,    79,    80,    81,    82,    83,    84,    85,
      86,    87,    88,    12,    -1,   101,    -1,    93,    94,    61,
      62,    97,    98,    99,   100,   101,    -1,   103,    -1,    -1,
     106,    -1,    61,    62,    97,    98,    99,   100,    -1,    -1,
      -1,    40,    41,    42,    43,    87,    88,    -1,    47,    -1,
      49,    93,    94,    52,    -1,    97,    98,    99,   100,    88,
      59,    60,    61,    62,    93,    94,    -1,    -1,    97,    98,
      99,   100,    -1,    -1,    -1,    74,    75,    76,    -1,    78,
      79,    80,    81,    82,    83,    84,    85,    86,    87,    88,
      74,    75,    76,    -1,    93,    94,    -1,    -1,    97,    98,
      99,   100,   101,    -1,   103,     0,     1,   106,    -1,    -1,
      -1,    -1,    -1,    -1,     9,    -1,    11,   101,    13,    14,
      15,    16,    17,    -1,    -1,    20,    21,    22,    23,    24,
      -1,    26,    27,    28,    29,    30,    31,    32,    33,    34,
      35,    36,    37,    38,    39,    40,    41,    42,    43,    -1,
      -1,    -1,    47,    48,    49,    50,    51,    -1,    53,    54,
      55,    56,    57,    58,    -1,    -1,    -1,    -1,    63,    64,
      65,    66,    67,    68,    69,    88,    -1,    -1,    -1,    -1,
      93,    94,    77,    -1,    97,    98,    99,   100,    -1,    -1,
      -1,    -1,    -1,    -1,    89,    90,    -1,    92,    -1,    -1,
      95,    96,     0,     1,    -1,    -1,    -1,   102,   103,   104,
     105,     9,    -1,    11,    -1,    13,    14,    15,    16,    17,
      -1,    -1,    20,    21,    22,    23,    24,    -1,    26,    27,
      28,    29,    30,    31,    32,    33,    34,    35,    36,    37,
      38,    39,    40,    41,    42,    43,    -1,    -1,    -1,    47,
      48,    49,    50,    51,    -1,    53,    54,    55,    56,    57,
      58,    -1,    -1,    -1,    -1,    63,    64,    65,    66,    67,
      68,    69,    -1,    -1,    -1,    -1,    -1,    -1,    -1,    77,
      -1,    -1,    -1,    -1,    -1,    -1,    -1,    -1,    -1,    -1,
      -1,    89,    90,    -1,    92,    -1,    -1,    95,    96,    -1,
       1,    -1,    -1,    -1,   102,   103,   104,   105,     9,    10,
      11,    -1,    13,    14,    15,    16,    17,    -1,    -1,    20,
      21,    22,    23,    24,    -1,    26,    27,    28,    29,    30,
      31,    32,    33,    34,    35,    36,    37,    38,    39,    40,
      41,    42,    43,    -1,    -1,    -1,    47,    48,    49,    50,
      51,    -1,    53,    54,    55,    56,    57,    58,    -1,    -1,
      -1,    -1,    63,    64,    65,    66,    67,    68,    69,    -1,
      -1,    -1,    -1,    -1,    -1,    -1,    77,    -1,    -1,    -1,
      -1,    -1,    -1,    -1,    -1,    -1,    -1,    -1,    89,    90,
      -1,    92,    -1,    -1,    95,    96,    -1,     1,    -1,    -1,
      -1,   102,   103,   104,   105,     9,    10,    11,    -1,    13,
      14,    15,    16,    17,    -1,    -1,    20,    21,    22,    23,
      24,    -1,    26,    27,    28,    29,    30,    31,    32,    33,
      34,    35,    36,    37,    38,    39,    40,    41,    42,    43,
      -1,    -1,    -1,    47,    48,    49,    50,    51,    -1,    53,
      54,    55,    56,    57,    58,    -1,    -1,    -1,    -1,    63,
      64,    65,    66,    67,    68,    69,    -1,    -1,    -1,    -1,
      -1,    -1,    -1,    77,    -1,    -1,    -1,    -1,    -1,    -1,
      -1,    -1,    -1,    -1,    -1,    89,    90,    -1,    92,    -1,
      -1,    95,    96,    -1,     1,    -1,    -1,    -1,   102,   103,
     104,   105,     9,    10,    11,    -1,    13,    14,    15,    16,
      17,    -1,    -1,    20,    21,    22,    23,    24,    -1,    26,
      27,    28,    29,    30,    31,    32,    33,    34,    35,    36,
      37,    38,    39,    40,    41,    42,    43,    -1,    -1,    -1,
      47,    48,    49,    50,    51,    -1,    53,    54,    55,    56,
      57,    58,    -1,    -1,    -1,    -1,    63,    64,    65,    66,
      67,    68,    69,    -1,    -1,    -1,    -1,    -1,    -1,    -1,
      77,    -1,    -1,    -1,    -1,    -1,    -1,    -1,    -1,    -1,
      -1,    -1,    89,    90,    -1,    92,    -1,    -1,    95,    96,
      -1,     1,    -1,    -1,    -1,   102,   103,   104,   105,     9,
      10,    11,    -1,    13,    14,    15,    16,    17,    -1,    -1,
      20,    21,    22,    23,    24,    -1,    26,    27,    28,    29,
      30,    31,    32,    33,    34,    35,    36,    37,    38,    39,
      40,    41,    42,    43,    -1,    -1,    -1,    47,    48,    49,
      50,    51,    -1,    53,    54,    55,    56,    57,    58,    -1,
      -1,    -1,    -1,    63,    64,    65,    66,    67,    68,    69,
      -1,    -1,    -1,    -1,    -1,    -1,    -1,    77,    -1,    -1,
      -1,    -1,    -1,    -1,    -1,    -1,    -1,    -1,    -1,    89,
      90,    -1,    92,    -1,    -1,    95,    96,    -1,     1,    -1,
      -1,    -1,   102,   103,   104,   105,     9,    10,    11,    -1,
      13,    14,    15,    16,    17,    -1,    -1,    20,    21,    22,
      23,    24,    -1,    26,    27,    28,    29,    30,    31,    32,
      33,    34,    35,    36,    37,    38,    39,    40,    41,    42,
      43,    -1,    -1,    -1,    47,    48,    49,    50,    51,    -1,
      53,    54,    55,    56,    57,    58,    -1,    -1,    -1,    -1,
      63,    64,    65,    66,    67,    68,    69,    -1,    -1,    -1,
      -1,    -1,    -1,    -1,    77,    -1,    -1,    -1,    -1,    -1,
      -1,    -1,    -1,    -1,    -1,    -1,    89,    90,    -1,    92,
      -1,    -1,    95,    96,    -1,     1,    -1,    -1,    -1,   102,
     103,   104,   105,     9,    -1,    11,    -1,    13,    14,    15,
      16,    17,    -1,    -1,    20,    21,    22,    23,    24,    -1,
      26,    27,    28,    29,    30,    31,    32,    33,    34,    35,
      36,    37,    38,    39,    40,    41,    42,    43,    -1,    -1,
      -1,    47,    48,    49,    50,    51,    -1,    53,    54,    55,
      56,    57,    58,    -1,    -1,    -1,    -1,    63,    64,    65,
      66,    67,    68,    69,    -1,    -1,    72,    -1,    -1,    -1,
      -1,    77,    -1,    -1,    -1,    -1,    -1,    -1,    -1,    -1,
      -1,    -1,    -1,    89,    90,    -1,    92,    -1,    -1,    95,
      96,    -1,     1,    -1,    -1,    -1,   102,   103,   104,   105,
       9,    -1,    11,    -1,    13,    14,    15,    16,    17,    -1,
      -1,    20,    21,    22,    23,    24,    -1,    26,    27,    28,
      29,    30,    31,    32,    33,    34,    35,    36,    37,    38,
      39,    40,    41,    42,    43,    -1,    -1,    -1,    47,    48,
      49,    50,    51,    -1,    53,    54,    55,    56,    57,    58,
      -1,    -1,    -1,    -1,    63,    64,    65,    66,    67,    68,
      69,    -1,    -1,    -1,    -1,    -1,    -1,    -1,    77,    -1,
      -1,    -1,    -1,    -1,    -1,    -1,    -1,    -1,    -1,    -1,
      89,    90,    -1,    92,    -1,    -1,    95,    96,    -1,     1,
      -1,    -1,    -1,   102,   103,   104,   105,     9,    -1,    11,
      -1,    13,    14,    15,    16,    17,    -1,    -1,    20,    21,
      22,    23,    24,    -1,    26,    27,    28,    29,    30,    31,
      32,    -1,    34,    35,    36,    37,    38,    39,    40,    41,
      42,    43,    -1,    -1,    -1,    47,    48,    49,    50,    51,
      -1,    53,    54,    55,    56,    57,    58,    -1,    -1,    -1,
      -1,    63,    64,    65,    66,    67,    68,    69,    -1,    -1,
      -1,    -1,    -1,    -1,    -1,    77,    -1,    -1,    -1,    -1,
      -1,    -1,    -1,    -1,    -1,    -1,    -1,    89,    90,    -1,
      92,    -1,    -1,    95,    96,     1,    -1,    -1,    -1,    -1,
     102,   103,   104,   105,    -1,    11,    -1,    13,    14,    15,
      16,    17,    -1,    -1,    20,    21,    22,    23,    24,    -1,
      26,    27,    28,    29,    30,    31,    -1,    -1,    -1,    -1,
      36,    -1,    -1,    -1,    52,    -1,    -1,    -1,    -1,    -1,
      -1,    59,    60,    61,    62,    51,    -1,    53,    54,    55,
      56,    57,    58,    -1,    -1,    -1,    -1,    63,    64,    65,
      66,    67,    68,    69,    82,    83,    84,    85,    86,    87,
      88,    77,    -1,    -1,    -1,    93,    94,    -1,    -1,    97,
      98,    99,   100,    89,    90,    -1,    92,    -1,    -1,    95,
      96,     1,    -1,    -1,    -1,    -1,   102,   103,   104,   105,
      -1,    11,    -1,    13,    14,    15,    16,    17,    -1,    -1,
      20,    21,    22,    23,    24,    -1,    26,    27,    28,    29,
      30,    31,    -1,    -1,    -1,    -1,    36,    -1,    -1,    -1,
      -1,    -1,    -1,    -1,    -1,    59,    60,    61,    62,    -1,
      -1,    51,    -1,    53,    54,    55,    56,    57,    58,    -1,
      -1,    -1,    -1,    63,    64,    65,    66,    67,    68,    69,
      84,    85,    86,    87,    88,    -1,    -1,    77,    -1,    93,
      94,    -1,    -1,    97,    98,    99,   100,    -1,    -1,    89,
      90,    -1,    92,    -1,    -1,    95,    96,    -1,    -1,    -1,
      -1,   101,   102,    -1,   104,   105,     9,    -1,    11,    -1,
      13,    14,    15,    16,    17,    -1,    -1,    20,    21,    22,
      23,    24,    25,    26,    27,    28,    29,    30,    31,    -1,
      -1,    -1,    -1,    36,    -1,    -1,    -1,    -1,    -1,    -1,
      -1,    59,    60,    61,    62,    -1,    -1,    -1,    51,    -1,
      53,    54,    55,    56,    57,    58,    -1,    -1,    -1,    -1,
      63,    64,    65,    66,    67,    68,    69,    85,    86,    87,
      88,    -1,    -1,    -1,    77,    93,    94,    -1,    -1,    97,
      98,    99,   100,    -1,    -1,    -1,    89,    90,    -1,    92,
      -1,    -1,    95,    96,    -1,    -1,    -1,    -1,    -1,   102,
      -1,   104,   105,     9,    -1,    11,    -1,    13,    14,    15,
      16,    17,    -1,    -1,    20,    21,    22,    23,    24,    -1,
      26,    27,    28,    29,    30,    31,    -1,    -1,    -1,    -1,
      36,    -1,    -1,    -1,    -1,    -1,    -1,    -1,    59,    60,
      61,    62,    -1,    -1,    -1,    51,    -1,    53,    54,    55,
      56,    57,    58,    -1,    -1,    -1,    -1,    63,    64,    65,
      66,    67,    68,    69,    -1,    86,    87,    88,    -1,    -1,
      -1,    77,    93,    94,    -1,    -1,    97,    98,    99,   100,
      -1,    -1,    -1,    89,    90,    -1,    92,    -1,    -1,    95,
      96,    -1,    -1,    -1,    -1,    -1,   102,    -1,   104,   105,
      11,    12,    13,    14,    15,    16,    17,    -1,    -1,    20,
      21,    22,    23,    24,    -1,    26,    27,    28,    29,    30,
      31,    -1,    -1,    -1,    -1,    36,    -1,    -1,    -1,    -1,
      -1,    -1,    -1,    59,    60,    61,    62,    -1,    -1,    -1,
      51,    -1,    53,    54,    55,    56,    57,    58,    -1,    -1,
      -1,    -1,    63,    64,    65,    66,    67,    68,    69,    -1,
      -1,    87,    88,    -1,    -1,    -1,    77,    93,    94,    -1,
      -1,    97,    98,    99,   100,    -1,    -1,    -1,    89,    90,
      -1,    92,    -1,    -1,    95,    96,    -1,    -1,    -1,    -1,
      -1,   102,    -1,   104,   105,    11,    -1,    13,    14,    15,
      16,    17,    -1,    -1,    20,    21,    22,    23,    24,    -1,
      26,    27,    28,    29,    30,    31,    -1,    -1,    -1,    -1,
      36,    -1,    -1,    -1,    -1,    -1,    -1,    -1,    59,    60,
      61,    62,    -1,    -1,    -1,    51,    -1,    53,    54,    55,
      56,    57,    58,    -1,    -1,    -1,    -1,    63,    64,    65,
      66,    67,    68,    69,    -1,    -1,    87,    88,    -1,    -1,
      -1,    77,    93,    94,    -1,    -1,    97,    98,    99,   100,
      -1,    -1,    -1,    89,    90,    -1,    92,    -1,    -1,    95,
      96,    -1,    -1,    -1,    -1,    -1,   102,   103,   104,   105,
      11,    -1,    13,    14,    15,    16,    17,    -1,    -1,    20,
      21,    22,    23,    24,    -1,    26,    27,    28,    29,    30,
      31,    -1,    -1,    -1,    -1,    36,    -1,    -1,    -1,    -1,
      -1,    -1,    -1,    59,    -1,    61,    62,    -1,    -1,    -1,
      51,    -1,    53,    54,    55,    56,    57,    58,    -1,    -1,
      -1,    -1,    63,    64,    65,    66,    67,    68,    69,    -1,
      -1,    87,    88,    -1,    -1,    -1,    77,    93,    94,    -1,
      -1,    97,    98,    99,   100,    -1,    -1,    -1,    89,    90,
      -1,    92,    -1,    -1,    95,    96,    -1,    -1,    -1,    -1,
     101,   102,    -1,   104,   105,    11,    -1,    13,    14,    15,
      16,    17,    -1,    -1,    20,    21,    22,    23,    24,    -1,
      26,    27,    28,    29,    30,    31,    -1,    -1,    -1,    -1,
      36,    40,    41,    42,    43,    -1,    -1,    -1,    47,    -1,
      49,    -1,    -1,    -1,    -1,    51,    -1,    53,    54,    55,
      56,    57,    58,    -1,    -1,    -1,    -1,    63,    64,    65,
      66,    67,    68,    69,    -1,    74,    75,    76,    -1,    -1,
      -1,    77,    -1,    -1,    -1,    -1,    -1,    -1,    -1,    -1,
      -1,    -1,    -1,    89,    90,    -1,    92,    -1,    -1,    95,
      96,    -1,    -1,    -1,    -1,   101,   102,    -1,   104,   105,
      11,    -1,    13,    14,    15,    16,    17,    -1,    -1,    20,
      21,    22,    23,    24,    -1,    26,    27,    28,    29,    30,
      31,    -1,    -1,    -1,    -1,    36,    -1,    -1,    -1,    -1,
      -1,    -1,    -1,    -1,    -1,    -1,    -1,    -1,    -1,    -1,
      51,    -1,    53,    54,    55,    56,    57,    58,    -1,    -1,
      -1,    -1,    63,    64,    65,    66,    67,    68,    69,    -1,
      -1,    -1,    -1,    -1,    -1,    -1,    77,    -1,    -1,    -1,
      -1,    -1,    -1,    -1,    -1,    -1,    -1,    -1,    89,    90,
      -1,    92,    -1,    -1,    95,    96,    -1,    -1,    -1,    -1,
     101,   102,    -1,   104,   105,    11,    -1,    13,    14,    15,
      16,    17,    -1,    -1,    20,    21,    22,    23,    24,    -1,
      26,    27,    28,    29,    30,    31,    -1,    -1,    -1,    -1,
      36,    -1,    -1,    -1,    -1,    -1,    -1,    -1,    -1,    -1,
      -1,    -1,    -1,    -1,    -1,    51,    -1,    53,    54,    55,
      56,    57,    58,    -1,    -1,    -1,    -1,    63,    64,    65,
      66,    67,    68,    69,    -1,    -1,    -1,    -1,    -1,    -1,
      -1,    77,    -1,    -1,    -1,    -1,    -1,    -1,    -1,    -1,
      -1,    -1,    -1,    89,    90,    -1,    92,    -1,    -1,    95,
      96,    -1,    -1,    -1,    -1,   101,   102,    -1,   104,   105,
      11,    -1,    13,    14,    15,    16,    17,    -1,    -1,    20,
      21,    22,    23,    24,    -1,    26,    27,    28,    29,    30,
      31,    -1,    -1,    -1,    -1,    36,    -1,    -1,    -1,    -1,
      -1,    -1,    -1,    -1,    -1,    -1,    -1,    -1,    -1,    -1,
      51,    -1,    53,    54,    55,    56,    57,    58,    -1,    -1,
      -1,    -1,    63,    64,    65,    66,    67,    68,    69,    -1,
      -1,    -1,    -1,    -1,    -1,    -1,    77,    -1,    -1,    -1,
      -1,    -1,    -1,    -1,    -1,    -1,    -1,    -1,    89,    90,
      -1,    92,    -1,    -1,    95,    96,    -1,    -1,    -1,    -1,
     101,   102,    -1,   104,   105,    11,    -1,    13,    14,    15,
      16,    17,    -1,    -1,    20,    21,    22,    23,    24,    -1,
      26,    27,    28,    29,    30,    31,    -1,    -1,    -1,    -1,
      36,    -1,    -1,    -1,    -1,    -1,    -1,    -1,    -1,    -1,
      -1,    -1,    -1,    -1,    -1,    51,    -1,    53,    54,    55,
      56,    57,    58,    -1,    -1,    -1,    -1,    63,    64,    65,
      66,    67,    68,    69,    -1,    -1,    -1,    -1,    -1,    -1,
      -1,    77,    -1,    -1,    -1,    -1,    -1,    -1,    -1,    -1,
      -1,    -1,    -1,    89,    90,    -1,    92,    -1,    -1,    95,
      96,    -1,    -1,    -1,    -1,   101,   102,    -1,   104,   105,
      11,    -1,    13,    14,    15,    16,    17,    -1,    -1,    20,
      21,    22,    23,    24,    -1,    26,    27,    28,    29,    30,
      31,    -1,    -1,    -1,    -1,    36,    -1,    -1,    -1,    -1,
      -1,    -1,    -1,    -1,    -1,    -1,    -1,    -1,    -1,    -1,
      51,    -1,    53,    54,    55,    56,    57,    58,    -1,    -1,
      -1,    -1,    63,    64,    65,    66,    67,    68,    69,    -1,
      -1,    -1,    -1,    -1,    -1,    -1,    77,    -1,    -1,    -1,
      -1,    -1,    -1,    -1,    -1,    -1,    -1,    -1,    89,    90,
      -1,    92,    -1,    -1,    95,    96,    -1,    -1,    -1,    -1,
     101,   102,    -1,   104,   105,    11,    -1,    13,    14,    15,
      16,    17,    -1,    -1,    20,    21,    22,    23,    24,    -1,
      26,    27,    28,    29,    30,    31,    -1,    -1,    -1,    -1,
      36,    -1,    -1,    -1,    -1,    -1,    -1,    -1,    -1,    -1,
      -1,    -1,    -1,    -1,    -1,    51,    -1,    53,    54,    55,
      56,    57,    58,    -1,    -1,    -1,    -1,    63,    64,    65,
      66,    67,    68,    69,    -1,    -1,    -1,    -1,    -1,    -1,
      -1,    77,    -1,    -1,    -1,    -1,    -1,    -1,    -1,    -1,
      -1,    -1,    -1,    89,    90,    -1,    92,    -1,    -1,    95,
      96,    -1,    -1,    -1,    -1,    -1,   102,    -1,   104,   105,
      11,    -1,    13,    14,    15,    16,    17,    -1,    -1,    20,
      21,    22,    23,    24,    -1,    26,    27,    28,    29,    30,
      31,    -1,    -1,    -1,    -1,    36,    -1,    -1,    -1,    -1,
      -1,    -1,    -1,    -1,    -1,    -1,    -1,    -1,    -1,    -1,
      51,    -1,    53,    54,    55,    56,    57,    58,    -1,    -1,
      -1,    -1,    63,    64,    65,    66,    67,    68,    69,    -1,
      -1,    -1,    -1,    -1,    -1,    -1,    77,    -1,    -1,    -1,
      -1,    -1,    -1,    -1,    -1,    -1,    -1,    -1,    89,    90,
      52,    92,    -1,    -1,    95,    96,    -1,    59,    60,    61,
      62,   102,    -1,   104,   105,    -1,    -1,    -1,    -1,    -1,
      -1,    -1,    -1,    -1,    -1,    -1,    -1,    79,    80,    81,
      82,    83,    84,    85,    86,    87,    88,    -1,    -1,    -1,
      -1,    93,    94,    52,    -1,    97,    98,    99,   100,    -1,
      59,    60,    61,    62,    -1,    -1,    -1,    -1,    -1,    -1,
      -1,    -1,    -1,    -1,    -1,    -1,    -1,    -1,    -1,    -1,
      79,    80,    -1,    82,    83,    84,    85,    86,    87,    88,
      -1,    -1,    -1,    -1,    93,    94,    -1,    -1,    97,    98,
      99,   100
};

  /* YYSTOS[STATE-NUM] -- The (internal number of the) accessing
     symbol of state STATE-NUM.  */
static const yytype_uint8 yystos[] =
{
       0,     3,     4,     5,     6,     7,     8,   108,   109,   110,
     111,   112,   113,   114,     0,   117,    11,    13,    14,    15,
      16,    17,    20,    21,    22,    23,    24,    26,    27,    28,
      29,    30,    31,    36,    51,    53,    54,    55,    56,    57,
      58,    63,    64,    65,    66,    67,    68,    69,    77,    89,
      90,    92,    95,    96,   102,   104,   105,   158,   159,   160,
     163,   164,   165,   166,   167,   168,   170,   173,   181,   182,
     183,   185,   186,   187,   188,   189,   190,     9,   115,     1,
      32,    34,    35,    37,    38,    39,    40,    41,    42,    43,
      47,    48,    49,    50,   103,   115,   124,   138,   158,    33,
     122,   123,   124,   120,   120,    12,   158,   168,   168,    20,
      25,   115,   182,   191,   191,   191,   191,   191,   169,    11,
     102,   168,   149,   149,   168,   102,   102,   102,   115,   168,
      20,   159,   172,   182,   191,   191,   115,   168,   103,   158,
      20,    25,   151,   168,    15,    92,   102,   171,   182,   183,
     184,   185,   168,   159,   168,   168,   168,   168,   168,   101,
     158,   191,   191,    74,    75,    76,    78,     9,    11,   102,
      52,    59,    60,    61,    62,    79,    80,    82,    83,    84,
      85,    86,    87,    88,    93,    94,    97,    98,    99,   100,
     102,     9,    11,     9,    11,     9,    11,     9,   117,   150,
     151,   151,    20,   148,   102,   102,   102,   102,    68,    92,
     102,   117,   180,   182,   102,   102,   115,    46,   140,   103,
      40,    41,    42,    43,    47,    49,   123,   124,   122,    12,
     172,   102,   102,   158,   101,   115,    23,   117,   152,   101,
     101,   158,   173,   191,   159,    10,   103,   172,    25,   102,
     168,   171,   182,   183,   185,   101,   158,    70,   154,    11,
     101,   158,   158,   158,   168,   158,   158,   101,   158,   168,
     168,   168,   168,   168,   168,   168,   168,   168,   168,   168,
     168,   168,   168,   168,     9,    11,    15,    16,    17,    21,
      63,   102,   104,   105,   162,   182,   101,   158,   158,   158,
     158,   158,   158,   158,   158,   120,    20,   147,   148,   148,
      20,   128,   117,   117,   117,   117,    92,   117,    68,   178,
     179,   181,   182,   183,   185,   117,    26,   117,    26,   102,
     175,   117,   117,   115,   158,   144,   158,   158,   158,   158,
     158,   173,   159,    12,   161,   102,   155,    70,   153,   101,
     101,   158,    10,    11,   101,   158,   154,   101,    23,   158,
      11,   103,    12,   101,    81,   158,   158,   105,   105,   105,
     105,   101,   158,   105,   105,   102,   101,   103,    12,   103,
      12,   103,    12,   103,    10,    18,   116,   125,   126,   127,
       9,   103,    20,   143,   158,   144,   145,   158,   145,   177,
     182,   102,   138,   142,   145,   146,   158,   134,   178,   176,
     117,   145,   145,   101,   106,   174,   172,   156,   153,    23,
     115,   101,    23,   101,    12,   158,    10,   168,   103,    12,
     101,   173,    10,    10,    10,    10,   117,   152,   117,   155,
     117,    20,   101,   101,   101,   101,   175,   117,   101,   103,
       9,   118,   133,   102,   145,   101,   101,   158,   101,   101,
       9,    12,    12,    10,   101,   103,   153,   155,   153,   135,
     172,   141,   141,   118,   118,   145,   145,   118,   129,   119,
     140,   102,   101,   118,   118,   120,    72,   103,   115,   157,
     153,   103,   120,   103,   118,   118,    44,    45,   139,   139,
     101,   101,   140,   143,   120,   145,   132,    10,   121,     9,
      10,   140,   140,   118,   102,   131,   118,   103,    10,   101,
     118,    23,   103,   136,   120,   145,   118,   140,   130,   118,
     140,    71,   137,    19,    10,   101,   140,   141,   140,   120,
     118,   146,    72,   139,   101,   118
};

  /* YYR1[YYN] -- Symbol number of symbol that rule YYN derives.  */
static const yytype_uint8 yyr1[] =
{
       0,   107,   109,   108,   110,   108,   111,   108,   112,   108,
     113,   108,   114,   108,   115,   116,   117,   118,   119,   120,
     120,   121,   121,   122,   122,   123,   123,   124,   124,   125,
     124,   126,   124,   127,   124,   124,   128,   124,   124,   124,
     124,   124,   124,   124,   124,   129,   130,   124,   131,   124,
     132,   124,   133,   124,   124,   124,   134,   124,   124,   135,
     124,   124,   124,   136,   137,   137,   138,   138,   138,   138,
     138,   138,   138,   138,   139,   139,   139,   140,   140,   141,
     142,   142,   143,   143,   144,   145,   146,   147,   147,   148,
     149,   150,   151,   151,   152,   152,   153,   153,   153,   154,
     154,   156,   155,   157,   157,   158,   158,   158,   158,   159,
     159,   159,   160,   160,   160,   160,   160,   160,   160,   160,
     161,   160,   162,   162,   163,   163,   163,   163,   163,   163,
     163,   163,   163,   163,   163,   163,   163,   163,   164,   164,
     164,   164,   164,   164,   164,   164,   164,   164,   164,   164,
     164,   164,   165,   165,   165,   165,   165,   165,   165,   165,
     165,   165,   166,   166,   166,   166,   166,   166,   167,   167,
     168,   168,   168,   168,   168,   168,   168,   168,   168,   168,
     168,   168,   168,   168,   168,   168,   168,   168,   168,   168,
     168,   168,   168,   168,   168,   168,   168,   168,   168,   168,
     168,   168,   168,   168,   168,   168,   168,   168,   168,   168,
     168,   168,   168,   168,   168,   168,   168,   168,   168,   169,
     168,   168,   168,   168,   168,   170,   170,   170,   171,   171,
     171,   171,   171,   171,   172,   172,   173,   173,   174,   174,
     175,   176,   175,   177,   178,   178,   178,   179,   179,   180,
     180,   181,   182,   183,   184,   185,   186,   186,   187,   188,
     188,   189,   189,   190,   190,   191,   191,   191,   191
};

  /* YYR2[YYN] -- Number of symbols on the right hand side of rule YYN.  */
static const yytype_uint8 yyr2[] =
{
       0,     2,     0,     4,     0,     3,     0,     3,     0,     3,
       0,     3,     0,     3,     4,     7,     0,     4,     0,     0,
       2,     0,     2,     1,     1,     2,     2,     1,     4,     0,
       7,     0,    10,     0,     7,     4,     0,     7,     7,     7,
       6,     6,     2,     8,     8,     0,     0,    13,     0,    10,
       0,     9,     0,    10,     9,     7,     0,     6,     2,     0,
       8,     2,     1,     2,     0,     3,     1,     1,     3,     3,
       3,     3,     3,     3,     0,     2,     6,     0,     2,     0,
       0,     1,     0,     1,     1,     1,     1,     1,     0,     0,
       0,     0,     1,     1,     0,     1,     0,     2,     1,     2,
       1,     0,     3,     1,     1,     3,     3,     3,     1,     2,
       3,     1,     3,     5,     6,     3,     3,     5,     2,     4,
       0,     5,     1,     1,     5,     4,     5,     4,     5,     6,
       5,     4,     5,     4,     3,     6,     4,     5,     3,     3,
       3,     3,     3,     3,     3,     3,     3,     3,     3,     3,
       3,     3,     2,     2,     2,     2,     2,     2,     2,     2,
       2,     2,     3,     2,     4,     3,     5,     8,     2,     2,
       1,     1,     1,     1,     5,     2,     3,     1,     2,     3,
       1,     2,     1,     1,     1,     1,     1,     1,     4,     4,
       5,     5,     1,     1,     3,     4,     3,     4,     4,     4,
       4,     4,     1,     2,     2,     1,     2,     2,     1,     2,
       1,     2,     1,     3,     1,     3,     1,     3,     4,     0,
       6,     1,     1,     1,     1,     3,     2,     4,     3,     2,
       1,     1,     1,     1,     0,     1,     0,     1,     0,     2,
       1,     0,     3,     1,     1,     1,     1,     1,     1,     2,
       2,     2,     2,     2,     5,     2,     2,     4,     2,     1,
       3,     1,     3,     1,     3,     1,     1,     1,     1
};

typedef enum {
	toketype_ival, toketype_opval, toketype_pval
} toketypes;

/* type of each token/terminal */
static const toketypes yy_type_tab[] =
{
  toketype_ival, toketype_ival, toketype_ival, toketype_ival, toketype_ival, toketype_ival,
  toketype_ival, toketype_ival, toketype_ival, toketype_ival, toketype_ival, toketype_ival,
  toketype_ival, toketype_ival, toketype_ival, toketype_ival, toketype_ival, toketype_ival, toketype_ival, toketype_ival, toketype_opval,
  toketype_opval, toketype_opval, toketype_opval, toketype_opval, toketype_opval, toketype_opval,
  toketype_opval, toketype_opval, toketype_opval, toketype_opval, toketype_opval, toketype_opval,
  toketype_pval, toketype_ival, toketype_ival, toketype_ival, toketype_ival, toketype_ival, toketype_ival,
  toketype_ival, toketype_ival, toketype_ival, toketype_ival, toketype_ival, toketype_ival, toketype_ival, toketype_ival,
  toketype_ival, toketype_ival, toketype_ival, toketype_ival, toketype_ival, toketype_ival, toketype_ival,
  toketype_ival, toketype_ival, toketype_ival, toketype_ival, toketype_ival, toketype_ival, toketype_ival, toketype_ival,
  toketype_ival, toketype_ival, toketype_ival, toketype_ival, toketype_ival, toketype_ival, toketype_ival,
  toketype_ival, toketype_ival, toketype_ival, toketype_ival, toketype_ival, toketype_ival,
  toketype_ival, toketype_ival, toketype_ival, toketype_ival, toketype_ival, toketype_ival, toketype_ival, toketype_ival,
  toketype_ival, toketype_ival, toketype_ival, toketype_ival, toketype_ival, toketype_ival, toketype_ival,
  toketype_ival, toketype_ival, toketype_ival, toketype_ival, toketype_ival, toketype_ival, toketype_ival,
  toketype_ival, toketype_ival, toketype_ival, toketype_ival, toketype_ival, toketype_ival, toketype_ival, toketype_ival, toketype_ival,
  toketype_ival, toketype_ival, toketype_ival, toketype_ival, toketype_ival, toketype_ival, toketype_ival, toketype_ival, toketype_opval,
  toketype_opval, toketype_ival, toketype_opval, toketype_ival, toketype_opval, toketype_opval,
  toketype_opval, toketype_opval, toketype_opval, toketype_ival, toketype_ival, toketype_ival, toketype_ival,
  toketype_ival, toketype_ival, toketype_ival, toketype_ival, toketype_ival, toketype_ival, toketype_ival, toketype_opval,
  toketype_opval, toketype_opval, toketype_opval, toketype_opval, toketype_ival, toketype_opval, toketype_opval, toketype_opval,
  toketype_opval, toketype_opval, toketype_opval, toketype_ival, toketype_ival,
  toketype_ival, toketype_opval, toketype_opval, toketype_opval, toketype_opval,
  toketype_opval, toketype_ival, toketype_opval, toketype_opval, toketype_opval, toketype_opval, toketype_ival,
  toketype_opval, toketype_opval, toketype_opval, toketype_opval, toketype_opval, toketype_opval,
  toketype_opval, toketype_ival, toketype_opval, toketype_opval, toketype_opval, toketype_opval,
  toketype_opval, toketype_ival, toketype_ival, toketype_opval, toketype_opval, toketype_opval,
  toketype_ival, toketype_opval, toketype_opval, toketype_opval, toketype_opval, toketype_opval, toketype_opval,
  toketype_opval, toketype_opval, toketype_opval, toketype_opval, toketype_opval
};

/* Generated from:
 * 7604b017f698343421306c9f35ddd6d861a3f5535c78199db0acf4815c71499f perly.y
 * 34c0653ef7c691f2b4ac71336f4ea94e2bd925344002392f88ceeb0b435555fa regen_perly.pl
 * ex: set ro: */
