/* ex: set ro ft=c: -*- buffer-read-only: t -*-
   !!!!!!!   DO NOT EDIT THIS FILE   !!!!!!!
   This file is built by regen_perly.pl from perly.y.
   Any changes made here will be lost!
 */

#define YYFINAL  14
/* YYLAST -- Last index in YYTABLE.  */
#define YYLAST   3195

/* YYNTOKENS -- Number of terminals.  */
#define YYNTOKENS  106
/* YYNNTS -- Number of nonterminals.  */
#define YYNNTS  82
/* YYNRULES -- Number of rules.  */
#define YYNRULES  266
/* YYNSTATES -- Number of states.  */
#define YYNSTATES  550

/* YYTRANSLATE[YYX] -- Symbol number corresponding to YYX as returned
   by yylex, with out-of-bounds checking.  */
#define YYUNDEFTOK  2
#define YYMAXUTOK   338

#define YYTRANSLATE(YYX)                                                \
  ((unsigned int) (YYX) <= YYMAXUTOK ? yytranslate[YYX] : YYUNDEFTOK)

/* YYTRANSLATE[TOKEN-NUM] -- Symbol number corresponding to TOKEN-NUM
   as returned by yylex, without out-of-bounds checking.  */
static const yytype_uint8 yytranslate[] =
{
       0,     2,     2,     2,     2,     2,     2,     2,     2,     2,
       2,     2,     2,     2,     2,     2,     2,     2,     2,     2,
       2,     2,     2,     2,     2,     2,     2,     2,     2,     2,
       2,     2,     2,    88,     2,     2,   103,    16,    17,     2,
     101,   100,   104,    14,    77,    13,    19,   105,     2,     2,
       2,     2,     2,     2,     2,     2,     2,     2,    80,   102,
       2,    18,     2,    79,    15,     2,     2,     2,     2,     2,
       2,     2,     2,     2,     2,     2,     2,     2,     2,     2,
       2,     2,     2,     2,     2,     2,     2,     2,     2,     2,
       2,    11,     2,    12,     2,     2,     2,     2,     2,     2,
       2,     2,     2,     2,     2,     2,     2,     2,     2,     2,
       2,     2,     2,     2,     2,     2,     2,     2,     2,     2,
       2,     2,     2,     9,     2,    10,    89,     2,     2,     2,
       2,     2,     2,     2,     2,     2,     2,     2,     2,     2,
       2,     2,     2,     2,     2,     2,     2,     2,     2,     2,
       2,     2,     2,     2,     2,     2,     2,     2,     2,     2,
       2,     2,     2,     2,     2,     2,     2,     2,     2,     2,
       2,     2,     2,     2,     2,     2,     2,     2,     2,     2,
       2,     2,     2,     2,     2,     2,     2,     2,     2,     2,
       2,     2,     2,     2,     2,     2,     2,     2,     2,     2,
       2,     2,     2,     2,     2,     2,     2,     2,     2,     2,
       2,     2,     2,     2,     2,     2,     2,     2,     2,     2,
       2,     2,     2,     2,     2,     2,     2,     2,     2,     2,
       2,     2,     2,     2,     2,     2,     2,     2,     2,     2,
       2,     2,     2,     2,     2,     2,     2,     2,     2,     2,
       2,     2,     2,     2,     2,     2,     1,     2,     3,     4,
       5,     6,     7,     8,    20,    21,    22,    23,    24,    25,
      26,    27,    28,    29,    30,    31,    32,    33,    34,    35,
      36,    37,    38,    39,    40,    41,    42,    43,    44,    45,
      46,    47,    48,    49,    50,    51,    52,    53,    54,    55,
      56,    57,    58,    59,    60,    61,    62,    63,    64,    65,
      66,    67,    68,    69,    70,    71,    72,    73,    74,    75,
      76,    78,    81,    82,    83,    84,    85,    86,    87,    90,
      91,    92,    93,    94,    95,    96,    97,    98,    99
};

#if YYDEBUG
  /* YYRLINE[YYN] -- Source line where rule number YYN was defined.  */
static const yytype_uint16 yyrline[] =
{
       0,   117,   117,   116,   127,   126,   136,   135,   148,   147,
     160,   159,   172,   171,   183,   191,   199,   203,   211,   217,
     218,   228,   229,   238,   242,   246,   250,   257,   259,   269,
     268,   301,   300,   342,   350,   349,   358,   364,   370,   381,
     383,   385,   392,   400,   402,   399,   419,   424,   431,   430,
     440,   448,   454,   460,   467,   466,   481,   485,   493,   511,
     512,   517,   519,   521,   523,   525,   527,   529,   532,   538,
     539,   544,   555,   556,   562,   568,   569,   574,   577,   581,
     586,   590,   594,   595,   599,   605,   610,   615,   616,   621,
     622,   627,   628,   630,   635,   637,   643,   642,   661,   662,
     666,   668,   670,   672,   676,   678,   683,   687,   691,   695,
     701,   706,   712,   718,   720,   723,   722,   733,   734,   738,
     742,   745,   750,   755,   758,   762,   766,   769,   774,   778,
     781,   783,   785,   790,   792,   794,   799,   801,   803,   805,
     807,   809,   811,   813,   815,   817,   819,   824,   826,   829,
     831,   833,   836,   839,   850,   853,   856,   863,   865,   867,
     869,   871,   874,   893,   895,   899,   900,   901,   902,   903,
     905,   907,   909,   911,   913,   915,   917,   919,   921,   923,
     925,   927,   929,   931,   941,   951,   961,   971,   973,   975,
     978,   983,   987,   989,   991,   993,   996,   998,  1001,  1003,
    1005,  1007,  1009,  1011,  1013,  1015,  1017,  1020,  1022,  1024,
    1026,  1028,  1030,  1034,  1037,  1036,  1049,  1050,  1051,  1056,
    1060,  1062,  1064,  1066,  1073,  1082,  1084,  1087,  1089,  1091,
    1093,  1098,  1100,  1105,  1106,  1111,  1112,  1116,  1119,  1118,
    1126,  1130,  1131,  1132,  1135,  1136,  1139,  1140,  1143,  1147,
    1151,  1157,  1185,  1198,  1204,  1206,  1210,  1214,  1215,  1219,
    1220,  1224,  1225,  1230,  1232,  1234,  1237
};
#endif

#if YYDEBUG || YYERROR_VERBOSE || 0
/* YYTNAME[SYMBOL-NUM] -- String name of the symbol SYMBOL-NUM.
   First, the terminals, then, starting at YYNTOKENS, nonterminals.  */
static const char *const yytname[] =
{
  "$end", "error", "$undefined", "GRAMPROG", "GRAMEXPR", "GRAMBLOCK",
  "GRAMBARESTMT", "GRAMFULLSTMT", "GRAMSTMTSEQ", "'{'", "'}'", "'['",
  "']'", "'-'", "'+'", "'@'", "'%'", "'&'", "'='", "'.'", "BAREWORD",
  "METHOD", "FUNCMETH", "THING", "PMFUNC", "PRIVATEREF", "QWLIST",
  "FUNC0OP", "FUNC0SUB", "UNIOPSUB", "LSTOPSUB", "PLUGEXPR", "PLUGSTMT",
  "LABEL", "FORMAT", "SUB", "ANONSUB", "PACKAGE", "USE", "WHILE", "UNTIL",
  "IF", "UNLESS", "ELSE", "ELSIF", "CONTINUE", "FOR", "GIVEN", "WHEN",
  "DEFAULT", "LOOPEX", "DOTDOT", "YADAYADA", "FUNC0", "FUNC1", "FUNC",
  "UNIOP", "LSTOP", "RELOP", "EQOP", "MULOP", "ADDOP", "DOLSHARP", "DO",
  "HASHBRACK", "NOAMP", "LOCAL", "MY", "REQUIRE", "COLONATTR",
  "FORMLBRACK", "FORMRBRACK", "PREC_LOW", "OROP", "DOROP", "ANDOP",
  "NOTOP", "','", "ASSIGNOP", "'?'", "':'", "OROR", "DORDOR", "ANDAND",
  "BITOROP", "BITANDOP", "SHIFTOP", "MATCHOP", "'!'", "'~'", "UMINUS",
  "REFGEN", "POWOP", "POWCOP", "PREINC", "PREDEC", "POSTINC", "POSTDEC",
  "POSTJOIN", "ARROW", "')'", "'('", "';'", "'$'", "'*'", "'/'", "$accept",
  "grammar", "$@1", "$@2", "$@3", "$@4", "$@5", "$@6", "block",
  "formblock", "remember", "mblock", "mremember", "stmtseq", "formstmtseq",
  "fullstmt", "labfullstmt", "barestmt", "$@7", "$@8", "$@9", "$@10",
  "$@11", "@12", "$@13", "formline", "formarg", "sideff", "else", "cont",
  "mintro", "nexpr", "texpr", "iexpr", "mexpr", "mnexpr", "formname",
  "startsub", "startanonsub", "startformsub", "subname", "proto",
  "subattrlist", "myattrlist", "subsignature", "@14", "optsubbody", "expr",
  "listexpr", "listop", "@15", "method", "subscripted", "termbinop",
  "termunop", "anonymous", "termdo", "term", "@16", "myattrterm", "myterm",
  "optlistexpr", "optexpr", "optrepl", "lpar_or_qw", "$@17", "my_scalar",
  "my_var", "refgen_topic", "my_refgen", "amper", "scalar", "ary",
  "sizearydecl", "computedsizearydecl", "hsh", "arylen", "star", "sliceme",
  "kvslice", "gelem", "indirob", YY_NULLPTR
};
#endif

# ifdef YYPRINT
/* YYTOKNUM[NUM] -- (External) token number corresponding to the
   (internal) symbol number NUM (which must be that of a token).  */
static const yytype_uint16 yytoknum[] =
{
       0,   256,   257,   258,   259,   260,   261,   262,   263,   123,
     125,    91,    93,    45,    43,    64,    37,    38,    61,    46,
     264,   265,   266,   267,   268,   269,   270,   271,   272,   273,
     274,   275,   276,   277,   278,   279,   280,   281,   282,   283,
     284,   285,   286,   287,   288,   289,   290,   291,   292,   293,
     294,   295,   296,   297,   298,   299,   300,   301,   302,   303,
     304,   305,   306,   307,   308,   309,   310,   311,   312,   313,
     314,   315,   316,   317,   318,   319,   320,    44,   321,    63,
      58,   322,   323,   324,   325,   326,   327,   328,    33,   126,
     329,   330,   331,   332,   333,   334,   335,   336,   337,   338,
      41,    40,    59,    36,    42,    47
};
# endif

#define YYPACT_NINF -444

#define yypact_value_is_default(Yystate) \
  (!!((Yystate) == (-444)))

#define YYTABLE_NINF -262

#define yytable_value_is_error(Yytable_value) \
  (!!((Yytable_value) == (-262)))

  /* YYPACT[STATE-NUM] -- Index in YYTABLE of the portion describing
     STATE-NUM.  */
static const yytype_int16 yypact[] =
{
     770,  -444,  -444,  -444,  -444,  -444,  -444,    40,  -444,  2877,
      63,  1555,  1459,  -444,  -444,  -444,  2031,  2877,  2877,     2,
       2,     2,  -444,     2,     2,  -444,  -444,    68,   -15,  -444,
    2877,  -444,  -444,  -444,  2877,  -444,    97,   104,   114,  1937,
    1841,     2,  1937,  2125,    44,  2877,   134,  2877,  2877,  2877,
    2877,  2877,  2877,  2877,  2219,     2,     2,   189,    75,  -444,
      19,  -444,  -444,  -444,  -444,  3053,  -444,  -444,   122,   149,
     166,   246,  -444,    87,   272,   352,    94,  -444,  -444,  -444,
    -444,  -444,    44,   144,  -444,   125,   132,   141,   145,   -36,
     148,   153,    63,  -444,   213,  -444,   194,   567,  1459,  -444,
    -444,  -444,   691,   787,  -444,    82,   768,   768,  -444,  -444,
    -444,  -444,  -444,  -444,  -444,  2877,   199,   200,  2877,   205,
    2016,    63,    26,  3053,   209,  2313,  1841,  -444,  2016,   588,
      75,  -444,   499,  2877,  -444,  -444,  2016,   315,   110,  -444,
    -444,  2877,  2016,    50,  2971,  2407,   260,  -444,  -444,  -444,
       9,  -444,  2016,    75,   768,   768,   768,   112,   112,   321,
      10,  -444,  -444,  2877,  2877,  2877,  2877,  2877,  2877,  2501,
    2877,  2877,  2877,  2877,  2877,  2877,  2877,  2877,  2877,  2877,
    2877,  2877,  2877,  2877,  2877,  -444,  -444,  -444,  -444,   357,
    2595,  2877,  2877,  2877,  2877,  2877,  2877,  2877,  -444,   318,
    -444,   326,  -444,  -444,  -444,  -444,  -444,   242,    30,  -444,
     324,  -444,    -6,  -444,  -444,  -444,    63,  -444,  -444,  2877,
    2877,  2877,  2877,  2877,  2877,  -444,  -444,  -444,  -444,  -444,
    2877,  2877,   126,  -444,  -444,  -444,   256,   289,  -444,  -444,
     350,   264,  2877,    75,  -444,   355,  -444,   356,    51,  2689,
     768,   260,   218,   225,   239,  -444,   406,   347,  -444,   275,
     297,  2877,   372,   309,   309,  -444,  3053,   178,   129,  -444,
     442,  1638,  1922,  1730,   673,   404,  3053,  3010,   469,   469,
     345,   558,  1826,   375,   768,   768,  2877,  2877,   293,   294,
     303,  -444,   305,  2783,    28,   307,   299,  -444,  -444,   448,
     280,   157,   306,   170,   313,   229,   316,   883,  -444,   392,
     319,    15,   394,  2877,  2877,  2877,  2877,  -444,   314,  -444,
    -444,   320,  -444,  -444,  -444,  -444,  1650,   424,    27,  -444,
    -444,  -444,  2877,  2877,  -444,   189,  -444,   189,   189,   189,
     189,   189,   334,   -51,  -444,  2877,  -444,   289,   422,    63,
    -444,  -444,   537,  -444,    45,   443,    66,   603,  -444,  -444,
    -444,  2877,   354,   248,  2877,   447,  -444,  -444,  2877,   374,
     270,  -444,  -444,  -444,  -444,  -444,   661,  -444,  -444,  2877,
    -444,   449,  -444,   459,  -444,   460,  -444,   465,  -444,  -444,
    -444,   455,  -444,  -444,  -444,   463,   387,   189,   388,   390,
     189,   393,    -6,  -444,  -444,  -444,  -444,   395,   396,   353,
    -444,   213,  -444,   391,  2877,   407,   409,  -444,  2877,   412,
    -444,   413,   485,  -444,  -444,  -444,  -444,   502,   495,   117,
     -39,  2877,  -444,   274,  -444,  3096,   514,  -444,  -444,   426,
    -444,  -444,  -444,  -444,   429,   289,   256,  -444,  2877,  -444,
    -444,   424,   424,  2877,  2877,   424,  -444,  -444,  -444,   431,
    -444,   434,   424,   424,   189,  -444,  -444,  -444,  -444,  -444,
     -19,  -444,  -444,  -444,   464,    24,   289,  -444,   435,   424,
     424,   249,   249,   436,   446,   213,  2877,   979,  2877,   424,
    -444,  -444,  1075,  -444,  -444,  -444,  -444,  -444,   534,  1171,
    -444,   213,   213,   424,   450,  -444,  -444,   424,   424,  -444,
     461,  -444,   470,   213,  -444,     0,  -444,  -444,  -444,  -444,
    -444,  2877,   213,   213,  -444,   424,  -444,   479,   545,  -444,
    1267,   471,  -444,  -444,  -444,   213,  -444,  -444,  -444,  -444,
     424,  1745,  -444,  1363,   249,   475,  -444,  -444,   424,  -444
};

  /* YYDEFACT[STATE-NUM] -- Default reduction number in state STATE-NUM.
     Performed when YYTABLE does not specify something else to do.  Zero
     means the default is an error.  */
static const yytype_uint16 yydefact[] =
{
       0,     2,     4,     6,     8,    10,    12,     0,    16,   233,
       0,     0,     0,    19,     1,    19,     0,     0,     0,     0,
       0,     0,   216,     0,     0,   187,   214,   175,   209,   211,
     205,    85,   219,    85,   197,   218,   207,     0,     0,   200,
     231,     0,     0,     0,     0,     0,     0,   203,     0,     0,
       0,     0,     0,     0,     0,     0,     0,   234,   103,   217,
     182,   165,   166,   167,   168,   106,   172,     5,   188,   177,
     180,   179,   181,   178,     0,     0,     0,    16,     7,    61,
      27,    86,     0,     0,    84,     0,     0,     0,     0,    16,
       0,     0,     0,    57,    72,     9,     0,    62,     0,    11,
      24,    23,     0,     0,   158,     0,   147,   148,   263,   266,
     265,   264,   250,   253,   248,   231,     0,     0,     0,     0,
     206,     0,    89,   198,     0,     0,   233,   201,   202,   263,
     232,   113,   264,     0,   254,   164,   163,     0,     0,    87,
      88,   231,   173,     0,     0,     0,   221,   227,   230,   229,
       0,   228,   204,   199,   149,   150,   170,   155,   156,   176,
       0,   249,   256,     0,     0,     0,   104,     0,     0,     0,
       0,     0,     0,     0,     0,     0,     0,     0,     0,     0,
       0,     0,     0,     0,     0,   154,   151,   152,   153,     0,
       0,     0,     0,     0,     0,     0,     0,     0,    19,    83,
      84,     0,    34,    16,    16,    16,    16,    16,     0,    16,
       0,    16,     0,    16,    16,    40,     0,    53,    56,     0,
       0,     0,     0,     0,     0,    26,    25,    20,   157,   111,
     233,     0,     0,   210,   115,    90,     0,    91,   208,   212,
       0,     0,     0,   107,   160,     0,   191,   266,     0,     0,
     171,     0,   177,   180,   179,   226,     0,    95,   220,     0,
       0,     0,   174,   101,   102,   100,   105,     0,     0,   129,
       0,   142,   138,   139,   135,   136,   133,     0,   144,   145,
     143,   141,   140,   137,   146,   134,     0,     0,   258,   260,
       0,   117,     0,     0,     0,   262,   110,   118,   189,     0,
       0,     0,     0,     0,     0,     0,     0,     0,    82,     0,
      29,     0,     0,    77,     0,     0,     0,   246,     0,   247,
     244,     0,   245,   241,   242,   243,     0,     0,     0,   238,
     237,    16,     0,     0,    73,    65,    66,    79,    63,    64,
      67,    68,     0,   235,   131,   231,    96,    91,    93,     0,
     213,   114,     0,   159,     0,   266,   176,     0,   222,   225,
      94,     0,     0,     0,     0,     0,   122,   128,     0,     0,
       0,   193,   194,   195,   255,   126,     0,   192,   196,   233,
     190,     0,   120,     0,   183,     0,   184,     0,    14,    16,
      28,    89,    16,    16,    33,     0,     0,    78,     0,     0,
      80,     0,     0,   240,    16,    76,    81,     0,     0,    62,
      18,    72,    48,     0,     0,     0,     0,   112,     0,     0,
     116,     0,     0,    92,   161,   108,   252,     0,     0,   174,
       0,     0,   132,     0,   125,   169,     0,   121,   127,     0,
     123,   185,   186,   119,     0,    91,     0,    54,   231,    74,
      74,     0,     0,     0,     0,     0,    43,    19,    52,     0,
     239,     0,     0,     0,   236,   215,    97,    19,   251,   224,
       0,   130,   124,   109,     0,     0,    91,    19,     0,     0,
       0,    69,    69,     0,     0,    72,    77,     0,     0,     0,
      38,    39,     0,   223,    21,    99,    98,    30,     0,     0,
      35,    72,    72,     0,     0,    36,    37,     0,     0,    51,
       0,    17,     0,    72,   162,     0,    19,    55,    41,    42,
      70,     0,    72,    72,    44,     0,    47,    59,     0,    22,
       0,     0,    46,    50,    74,    72,    19,    58,    15,    32,
       0,     0,    49,     0,    69,     0,    60,    71,     0,    45
};

  /* YYPGOTO[NTERM-NUM].  */
static const yytype_int16 yypgoto[] =
{
    -444,  -444,  -444,  -444,  -444,  -444,  -444,  -444,   -10,  -444,
     -33,  -389,  -444,   -11,  -444,   557,   489,     1,  -444,  -444,
    -444,  -444,  -444,  -444,  -444,  -444,  -444,  -317,  -443,  -195,
    -425,  -444,   103,   279,  -119,    53,  -444,   402,   570,  -444,
     523,   230,  -337,  -129,   174,  -444,  -444,    -2,   -35,  -444,
    -444,  -444,  -444,  -444,  -444,  -444,  -444,    95,  -444,  -444,
     478,  -107,  -123,  -444,   221,  -444,  -444,   298,  -444,  -444,
     417,   296,   -40,  -444,  -444,   -29,  -444,  -444,  -444,  -444,
    -444,    -5
};

  /* YYDEFGOTO[NTERM-NUM].  */
static const yytype_int16 yydefgoto[] =
{
      -1,     7,     8,     9,    10,    11,    12,    13,   110,   390,
      15,   411,   457,   102,   515,   227,   100,   101,   391,   392,
     312,   486,   534,   459,   477,   529,   537,    96,   505,   217,
     479,   406,   396,   336,   399,   408,   309,   202,   121,   199,
     141,   237,   349,   258,   347,   421,   497,    97,    58,    59,
     345,   296,    60,    61,    62,    63,    64,    65,   117,    66,
     146,   131,    67,   419,   331,   413,   402,   320,   321,   211,
      68,    69,    70,   149,   150,    71,    72,    73,    74,    75,
      76,   112
};

  /* YYTABLE[YYPACT[STATE-NUM]] -- What to do in state STATE-NUM.  If
     positive, shift that token.  If negative, reduce the rule whose
     number is the opposite.  If YYTABLE_NINF, syntax error.  */
static const yytype_int16 yytable[] =
{
      78,    94,    94,   241,   103,   130,   148,    57,   229,   405,
     422,    77,    95,   153,   105,   113,   114,   151,   115,   116,
     329,   260,   108,   527,   393,   480,   166,   109,   167,   127,
     168,   207,   135,    77,   246,   133,   134,    77,   166,   506,
      14,   138,    19,    20,   198,    19,    20,    21,   108,   235,
     161,   162,   160,   109,   418,   208,   210,   426,   166,    77,
      77,   469,   481,   482,   139,   209,   485,    55,   427,   140,
     108,   108,    77,   490,   491,   247,   355,   261,   257,   118,
     130,   493,   215,   163,   164,   165,   119,   259,    94,   236,
     501,   502,    94,    94,   228,   330,  -261,   319,   243,   226,
     513,   547,   528,   197,   253,    55,   130,   342,   475,   541,
     262,   234,   106,   107,   520,   254,   232,   394,   522,   523,
     169,   242,   358,   240,    57,   120,   495,   -16,   364,   123,
      55,    55,   377,    55,   128,  -226,   535,   136,   344,   498,
     142,   366,   152,   256,   154,   155,   156,   157,   158,   143,
      20,   544,   166,    55,    55,   163,   164,   165,   191,   549,
     192,   263,   264,   265,   201,   267,   268,   270,   324,   382,
     313,   314,   315,   316,   318,  -257,   326,  -257,   328,   325,
     332,   333,   384,   163,   164,   165,  -225,   307,   299,   300,
     301,   302,   303,   304,   305,   306,   343,   401,   124,   163,
     164,   165,   163,   164,   165,   125,   334,   407,  -262,  -262,
    -262,   189,   245,   415,   416,   126,   458,   335,   337,   338,
     339,   340,   341,   190,   405,   144,   203,   191,    57,   192,
     163,   164,   165,   204,  -257,   145,  -257,    55,   420,   250,
     352,   386,   205,   163,   164,   165,   206,   357,  -259,   213,
    -259,   163,   164,   165,   214,  -259,   439,  -259,   216,   363,
     432,   266,   163,   164,   165,   271,   272,   273,   274,   275,
     276,   277,   278,   279,   280,   281,   282,   283,   284,   285,
     365,   193,   437,   194,   369,   370,   471,  -227,   324,   161,
     509,   376,   503,   504,  -230,   461,   218,    94,   414,   325,
     230,   231,   163,   164,   165,   233,   518,   519,  -228,   238,
     130,   397,   337,   400,   400,   111,   111,   111,   526,   111,
     111,   163,   164,   165,   409,   244,   430,   532,   533,   257,
     400,   400,   261,   317,   483,   484,   132,   111,   308,   424,
     542,   478,   147,   163,   164,   165,   311,   163,   164,   165,
     327,   111,   111,   163,   164,   165,   444,   346,   348,   446,
     447,   195,   433,   196,   351,   353,   286,   354,   287,   512,
     360,   454,   288,   289,   290,   362,   361,    57,   291,   163,
     164,   165,   381,   364,   165,   212,   163,   164,   165,   163,
     164,   165,   219,   220,   221,   222,   470,   371,   372,   223,
     379,   224,   531,   171,   172,   173,   174,   373,   383,   374,
     389,   378,   400,   130,   395,   385,   464,    55,   387,   292,
     -31,   404,   132,   163,   164,   165,   163,   164,   165,   180,
     181,   182,   183,   410,   417,   173,   174,   184,   185,   111,
     252,   186,   187,   188,   189,   423,   487,   163,   164,   165,
     350,   400,   400,   -80,   428,   431,   492,   434,   293,   440,
     294,   295,   183,   435,   173,   496,   499,   184,   185,   441,
     442,   186,   187,   188,   189,   443,   436,    94,   235,   163,
     164,   165,    94,   448,   397,   297,   400,   449,   450,    94,
     451,   183,   460,   452,   467,   455,   184,   185,   456,  -177,
     186,   187,   188,   189,   323,   530,   359,   462,   191,   463,
     192,  -177,   465,   466,   468,   163,   164,   165,   427,   400,
      94,   163,   164,   165,   472,   543,   473,   171,   172,   173,
     174,   474,   488,    94,   489,   494,   507,   500,  -177,  -177,
    -177,  -177,   367,   516,   111,  -177,   508,  -177,   380,   536,
    -177,   521,   179,   180,   181,   182,   183,  -177,  -177,  -177,
    -177,   184,   185,   524,   538,   186,   187,   188,   189,    99,
     525,   540,  -177,  -177,  -177,   548,  -177,  -177,  -177,  -177,
    -177,  -177,  -177,  -177,  -177,  -177,  -177,   225,  -216,   510,
     111,  -177,  -177,   398,   545,  -177,  -177,  -177,  -177,  -177,
    -216,  -177,   310,   122,  -177,   200,   219,   220,   221,   222,
     163,   164,   165,   223,   403,   224,   171,   172,   173,   174,
     476,   445,   251,   453,   323,   322,   412,  -216,  -216,  -216,
    -216,     0,     0,     0,  -216,     0,  -216,   425,     0,  -216,
     163,   164,   165,   181,   182,   183,  -216,  -216,  -216,  -216,
     184,   185,     0,     0,   186,   187,   188,   189,     0,     0,
       0,  -216,  -216,  -216,     0,  -216,  -216,  -216,  -216,  -216,
    -216,  -216,  -216,  -216,  -216,  -216,   163,   164,   165,     0,
    -216,  -216,     0,     0,  -216,  -216,  -216,  -216,  -216,     0,
    -216,   -13,    79,  -216,     0,     0,     0,     0,     0,     0,
      77,     0,    16,   429,    17,    18,    19,    20,    21,     0,
       0,    22,    23,    24,    25,    26,     0,    27,    28,    29,
      30,    31,    32,    80,    98,    81,    82,    33,    83,    84,
      85,    86,    87,    88,   163,   164,   165,    89,    90,    91,
      92,    34,     0,    35,    36,    37,    38,    39,    40,     0,
       0,     0,     0,    41,    42,    43,    44,    45,    46,    47,
     183,   438,     0,     0,     0,   184,   185,    48,     0,   186,
     187,   188,   189,     1,     2,     3,     4,     5,     6,    49,
      50,     0,    51,     0,     0,    52,    53,    -3,    79,     0,
       0,     0,    54,    93,    55,    56,    77,     0,    16,     0,
      17,    18,    19,    20,    21,     0,     0,    22,    23,    24,
      25,    26,     0,    27,    28,    29,    30,    31,    32,    80,
      98,    81,    82,    33,    83,    84,    85,    86,    87,    88,
       0,     0,     0,    89,    90,    91,    92,    34,     0,    35,
      36,    37,    38,    39,    40,     0,     0,     0,     0,    41,
      42,    43,    44,    45,    46,    47,     0,     0,     0,     0,
     184,   185,     0,    48,   186,   187,   188,   189,     0,     0,
       0,     0,     0,     0,     0,    49,    50,     0,    51,     0,
       0,    52,    53,     0,    79,     0,     0,     0,    54,    93,
      55,    56,    77,   388,    16,     0,    17,    18,    19,    20,
      21,     0,     0,    22,    23,    24,    25,    26,     0,    27,
      28,    29,    30,    31,    32,    80,    98,    81,    82,    33,
      83,    84,    85,    86,    87,    88,     0,     0,     0,    89,
      90,    91,    92,    34,     0,    35,    36,    37,    38,    39,
      40,     0,     0,     0,     0,    41,    42,    43,    44,    45,
      46,    47,     0,     0,     0,     0,     0,     0,     0,    48,
       0,     0,     0,     0,     0,     0,     0,     0,     0,     0,
       0,    49,    50,     0,    51,     0,     0,    52,    53,     0,
      79,     0,     0,     0,    54,    93,    55,    56,    77,   511,
      16,     0,    17,    18,    19,    20,    21,     0,     0,    22,
      23,    24,    25,    26,     0,    27,    28,    29,    30,    31,
      32,    80,    98,    81,    82,    33,    83,    84,    85,    86,
      87,    88,     0,     0,     0,    89,    90,    91,    92,    34,
       0,    35,    36,    37,    38,    39,    40,     0,     0,     0,
       0,    41,    42,    43,    44,    45,    46,    47,     0,     0,
       0,     0,     0,     0,     0,    48,     0,     0,     0,     0,
       0,     0,     0,     0,     0,     0,     0,    49,    50,     0,
      51,     0,     0,    52,    53,     0,    79,     0,     0,     0,
      54,    93,    55,    56,    77,   514,    16,     0,    17,    18,
      19,    20,    21,     0,     0,    22,    23,    24,    25,    26,
       0,    27,    28,    29,    30,    31,    32,    80,    98,    81,
      82,    33,    83,    84,    85,    86,    87,    88,     0,     0,
       0,    89,    90,    91,    92,    34,     0,    35,    36,    37,
      38,    39,    40,     0,     0,     0,     0,    41,    42,    43,
      44,    45,    46,    47,     0,     0,     0,     0,     0,     0,
       0,    48,     0,     0,     0,     0,     0,     0,     0,     0,
       0,     0,     0,    49,    50,     0,    51,     0,     0,    52,
      53,     0,    79,     0,     0,     0,    54,    93,    55,    56,
      77,   517,    16,     0,    17,    18,    19,    20,    21,     0,
       0,    22,    23,    24,    25,    26,     0,    27,    28,    29,
      30,    31,    32,    80,    98,    81,    82,    33,    83,    84,
      85,    86,    87,    88,     0,     0,     0,    89,    90,    91,
      92,    34,     0,    35,    36,    37,    38,    39,    40,     0,
       0,     0,     0,    41,    42,    43,    44,    45,    46,    47,
       0,     0,     0,     0,     0,     0,     0,    48,     0,     0,
       0,     0,     0,     0,     0,     0,     0,     0,     0,    49,
      50,     0,    51,     0,     0,    52,    53,     0,    79,     0,
       0,     0,    54,    93,    55,    56,    77,   539,    16,     0,
      17,    18,    19,    20,    21,     0,     0,    22,    23,    24,
      25,    26,     0,    27,    28,    29,    30,    31,    32,    80,
      98,    81,    82,    33,    83,    84,    85,    86,    87,    88,
       0,     0,     0,    89,    90,    91,    92,    34,     0,    35,
      36,    37,    38,    39,    40,     0,     0,     0,     0,    41,
      42,    43,    44,    45,    46,    47,     0,     0,     0,     0,
       0,     0,     0,    48,     0,     0,     0,     0,     0,     0,
       0,     0,     0,     0,     0,    49,    50,     0,    51,     0,
       0,    52,    53,     0,    79,     0,     0,     0,    54,    93,
      55,    56,    77,     0,    16,     0,    17,    18,    19,    20,
      21,     0,     0,    22,    23,    24,    25,    26,     0,    27,
      28,    29,    30,    31,    32,    80,    98,    81,    82,    33,
      83,    84,    85,    86,    87,    88,     0,     0,     0,    89,
      90,    91,    92,    34,     0,    35,    36,    37,    38,    39,
      40,     0,     0,     0,     0,    41,    42,    43,    44,    45,
      46,    47,     0,     0,   546,     0,     0,     0,     0,    48,
       0,     0,     0,     0,     0,     0,     0,     0,     0,     0,
       0,    49,    50,     0,    51,     0,     0,    52,    53,     0,
      79,     0,     0,     0,    54,    93,    55,    56,    77,     0,
      16,     0,    17,    18,    19,    20,    21,     0,     0,    22,
      23,    24,    25,    26,     0,    27,    28,    29,    30,    31,
      32,    80,    98,    81,    82,    33,    83,    84,    85,    86,
      87,    88,     0,     0,     0,    89,    90,    91,    92,    34,
       0,    35,    36,    37,    38,    39,    40,     0,     0,     0,
       0,    41,    42,    43,    44,    45,    46,    47,     0,     0,
       0,     0,     0,     0,     0,    48,     0,     0,     0,     0,
       0,     0,     0,     0,     0,     0,     0,    49,    50,     0,
      51,     0,     0,    52,    53,     0,    79,     0,     0,     0,
      54,    93,    55,    56,    77,     0,    16,     0,    17,    18,
      19,    20,    21,     0,     0,    22,    23,    24,    25,    26,
       0,    27,    28,    29,    30,    31,    32,    80,     0,    81,
      82,    33,    83,    84,    85,    86,    87,    88,     0,     0,
       0,    89,    90,    91,    92,    34,     0,    35,    36,    37,
      38,    39,    40,     0,     0,     0,     0,    41,    42,    43,
      44,    45,    46,    47,     0,     0,     0,     0,     0,     0,
       0,    48,     0,     0,     0,     0,     0,     0,     0,     0,
       0,     0,     0,    49,    50,     0,    51,     0,     0,    52,
      53,    79,     0,     0,     0,     0,    54,    93,    55,    56,
       0,    16,     0,    17,    18,    19,    20,    21,     0,     0,
      22,    23,    24,    25,    26,     0,    27,    28,    29,    30,
      31,    32,     0,     0,     0,     0,    33,     0,     0,  -262,
       0,     0,     0,     0,     0,     0,   171,   172,   173,   174,
      34,     0,    35,    36,    37,    38,    39,    40,     0,     0,
       0,     0,    41,    42,    43,    44,    45,    46,    47,   177,
     178,   179,   180,   181,   182,   183,    48,     0,     0,     0,
     184,   185,     0,     0,   186,   187,   188,   189,    49,    50,
       0,    51,     0,     0,    52,    53,    79,     0,     0,     0,
       0,    54,   -75,    55,    56,     0,    16,     0,    17,    18,
      19,    20,    21,     0,     0,    22,    23,    24,    25,    26,
       0,    27,    28,    29,    30,    31,    32,     0,     0,     0,
       0,    33,     0,     0,     0,     0,     0,     0,   171,  -262,
     173,   174,     0,     0,     0,    34,     0,    35,    36,    37,
      38,    39,    40,     0,     0,     0,     0,    41,    42,    43,
      44,    45,    46,    47,     0,     0,   182,   183,     0,     0,
       0,    48,   184,   185,     0,     0,   186,   187,   188,   189,
       0,     0,     0,    49,    50,     0,    51,     0,     0,    52,
      53,     0,     0,     0,     0,   -75,    54,     0,    55,    56,
      77,     0,    16,     0,    17,    18,    19,    20,    21,     0,
       0,   129,    23,    24,    25,    26,   109,    27,    28,    29,
      30,    31,    32,     0,     0,     0,     0,    33,     0,     0,
       0,     0,     0,     0,   171,   172,   173,   174,     0,     0,
       0,    34,     0,    35,    36,    37,    38,    39,    40,     0,
       0,     0,     0,    41,    42,    43,    44,    45,    46,    47,
       0,     0,   182,   183,     0,     0,     0,    48,   184,   185,
       0,     0,   186,   187,   188,   189,     0,     0,     0,    49,
      50,     0,    51,     0,     0,    52,    53,     0,     0,     0,
       0,     0,    54,     0,    55,    56,    77,     0,    16,     0,
      17,    18,    19,    20,    21,     0,     0,    22,    23,    24,
      25,    26,     0,    27,    28,    29,    30,    31,    32,     0,
       0,     0,     0,    33,     0,     0,     0,     0,     0,     0,
    -262,     0,   173,   174,     0,     0,     0,    34,     0,    35,
      36,    37,    38,    39,    40,     0,     0,     0,     0,    41,
      42,    43,    44,    45,    46,    47,     0,     0,   182,   183,
       0,     0,     0,    48,   184,   185,     0,     0,   186,   187,
     188,   189,     0,     0,     0,    49,    50,     0,    51,     0,
       0,    52,    53,     0,     0,     0,     0,     0,    54,     0,
      55,    56,    16,   104,    17,    18,    19,    20,    21,     0,
       0,    22,    23,    24,    25,    26,     0,    27,    28,    29,
      30,    31,    32,     0,     0,     0,     0,    33,     0,     0,
       0,     0,     0,     0,     0,     0,   173,   174,     0,     0,
       0,    34,     0,    35,    36,    37,    38,    39,    40,     0,
       0,     0,     0,    41,    42,    43,    44,    45,    46,    47,
       0,     0,   182,   183,     0,     0,     0,    48,   184,   185,
       0,     0,   186,   187,   188,   189,     0,     0,     0,    49,
      50,     0,    51,     0,     0,    52,    53,     0,     0,     0,
       0,     0,    54,     0,    55,    56,    16,     0,    17,    18,
      19,    20,    21,     0,     0,    22,    23,    24,    25,    26,
       0,    27,    28,    29,    30,    31,    32,     0,     0,     0,
       0,    33,     0,     0,     0,     0,     0,     0,     0,     0,
       0,     0,     0,     0,     0,    34,     0,    35,    36,    37,
      38,    39,    40,     0,     0,     0,     0,    41,    42,    43,
      44,    45,    46,    47,     0,     0,     0,     0,     0,     0,
       0,    48,     0,     0,     0,     0,     0,     0,     0,     0,
       0,     0,     0,    49,    50,     0,    51,     0,     0,    52,
      53,     0,     0,     0,     0,     0,    54,   137,    55,    56,
      16,     0,    17,    18,    19,    20,    21,     0,     0,    22,
      23,    24,    25,    26,     0,    27,    28,    29,    30,    31,
      32,     0,     0,     0,     0,    33,     0,     0,     0,     0,
       0,     0,     0,     0,     0,     0,     0,     0,     0,    34,
       0,    35,    36,    37,    38,    39,    40,     0,     0,     0,
       0,    41,    42,    43,    44,    45,    46,    47,     0,     0,
       0,     0,     0,     0,     0,    48,     0,     0,     0,     0,
       0,     0,     0,     0,     0,     0,     0,    49,    50,     0,
      51,     0,     0,    52,    53,     0,     0,     0,     0,   159,
      54,     0,    55,    56,    16,     0,    17,    18,    19,    20,
      21,     0,     0,    22,    23,    24,    25,    26,     0,    27,
      28,    29,    30,    31,    32,     0,     0,     0,     0,    33,
       0,     0,     0,     0,     0,     0,     0,     0,     0,     0,
       0,     0,     0,    34,     0,    35,    36,    37,    38,    39,
      40,     0,     0,     0,     0,    41,    42,    43,    44,    45,
      46,    47,     0,     0,     0,     0,     0,     0,     0,    48,
       0,     0,     0,     0,     0,     0,     0,     0,     0,     0,
       0,    49,    50,     0,    51,     0,     0,    52,    53,     0,
       0,     0,     0,   239,    54,     0,    55,    56,    16,     0,
      17,    18,    19,    20,    21,     0,     0,    22,    23,    24,
      25,    26,     0,    27,    28,    29,    30,    31,    32,     0,
       0,     0,     0,    33,     0,     0,     0,     0,     0,     0,
       0,     0,     0,     0,     0,     0,     0,    34,     0,    35,
      36,    37,    38,    39,    40,     0,     0,     0,     0,    41,
      42,    43,    44,    45,    46,    47,     0,     0,     0,     0,
       0,     0,     0,    48,     0,     0,     0,     0,     0,     0,
       0,     0,     0,     0,     0,    49,    50,     0,    51,     0,
       0,    52,    53,     0,     0,     0,     0,   255,    54,     0,
      55,    56,    16,     0,    17,    18,    19,    20,    21,     0,
       0,    22,    23,    24,    25,    26,     0,    27,    28,    29,
      30,    31,    32,     0,     0,     0,     0,    33,     0,     0,
       0,     0,     0,     0,     0,     0,     0,     0,     0,     0,
       0,    34,     0,    35,    36,    37,    38,    39,    40,     0,
       0,     0,     0,    41,    42,    43,    44,    45,    46,    47,
       0,     0,     0,     0,     0,     0,     0,    48,     0,     0,
       0,     0,     0,     0,     0,     0,     0,     0,     0,    49,
      50,     0,    51,     0,     0,    52,    53,     0,     0,     0,
       0,   269,    54,     0,    55,    56,    16,     0,    17,    18,
      19,    20,    21,     0,     0,    22,    23,    24,    25,    26,
       0,    27,    28,    29,    30,    31,    32,     0,     0,     0,
       0,    33,     0,     0,     0,     0,     0,     0,     0,     0,
       0,     0,     0,     0,     0,    34,     0,    35,    36,    37,
      38,    39,    40,     0,     0,     0,     0,    41,    42,    43,
      44,    45,    46,    47,     0,     0,     0,     0,     0,     0,
       0,    48,     0,     0,     0,     0,     0,     0,     0,     0,
       0,     0,     0,    49,    50,     0,    51,     0,     0,    52,
      53,     0,     0,     0,     0,   298,    54,     0,    55,    56,
      16,     0,    17,    18,    19,    20,    21,     0,     0,    22,
      23,    24,    25,    26,     0,    27,    28,    29,    30,    31,
      32,     0,     0,     0,     0,    33,     0,     0,     0,     0,
       0,     0,     0,     0,     0,     0,     0,     0,     0,    34,
       0,    35,    36,    37,    38,    39,    40,     0,     0,     0,
       0,    41,    42,    43,    44,    45,    46,    47,     0,     0,
       0,     0,     0,     0,     0,    48,     0,     0,     0,     0,
       0,     0,     0,     0,     0,     0,     0,    49,    50,     0,
      51,     0,     0,    52,    53,     0,     0,     0,     0,   356,
      54,     0,    55,    56,    16,     0,    17,    18,    19,    20,
      21,     0,     0,    22,    23,    24,    25,    26,     0,    27,
      28,    29,    30,    31,    32,     0,     0,     0,     0,    33,
       0,     0,     0,     0,     0,     0,     0,     0,     0,     0,
       0,     0,     0,    34,     0,    35,    36,    37,    38,    39,
      40,     0,     0,     0,     0,    41,    42,    43,    44,    45,
      46,    47,     0,     0,     0,     0,     0,     0,     0,    48,
       0,     0,     0,     0,     0,     0,     0,     0,     0,     0,
       0,    49,    50,     0,    51,     0,     0,    52,    53,     0,
       0,     0,     0,   375,    54,     0,    55,    56,    16,     0,
      17,    18,    19,    20,    21,     0,     0,    22,    23,    24,
      25,    26,     0,    27,    28,    29,    30,    31,    32,     0,
       0,     0,     0,    33,     0,     0,     0,     0,     0,     0,
       0,     0,     0,     0,     0,     0,     0,    34,     0,    35,
      36,    37,    38,    39,    40,     0,     0,     0,     0,    41,
      42,    43,    44,    45,    46,    47,     0,     0,     0,     0,
       0,     0,     0,    48,     0,     0,     0,     0,     0,     0,
       0,     0,     0,     0,     0,    49,    50,     0,    51,     0,
       0,    52,    53,     0,     0,     0,     0,     0,    54,     0,
      55,    56,    16,     0,    17,    18,   248,    20,    21,     0,
       0,    22,    23,    24,    25,    26,     0,    27,    28,    29,
      30,    31,    32,     0,     0,     0,     0,    33,     0,     0,
       0,     0,     0,     0,     0,     0,     0,     0,     0,     0,
       0,    34,     0,    35,    36,    37,    38,    39,    40,     0,
       0,     0,     0,    41,    42,    43,    44,    45,    46,    47,
       0,     0,     0,     0,     0,     0,     0,    48,     0,     0,
       0,     0,     0,     0,     0,     0,     0,     0,     0,    49,
      50,   170,    51,     0,     0,    52,    53,     0,   171,   172,
     173,   174,   249,     0,    55,    56,     0,     0,     0,     0,
       0,     0,     0,     0,     0,     0,     0,     0,   175,   176,
     368,   177,   178,   179,   180,   181,   182,   183,     0,     0,
       0,     0,   184,   185,   170,     0,   186,   187,   188,   189,
       0,   171,   172,   173,   174,     0,     0,     0,     0,     0,
       0,     0,     0,     0,     0,     0,     0,     0,     0,     0,
       0,   175,   176,     0,   177,   178,   179,   180,   181,   182,
     183,     0,     0,     0,     0,   184,   185,   170,     0,   186,
     187,   188,   189,     0,   171,   172,   173,   174,     0,     0,
       0,     0,     0,     0,     0,     0,     0,     0,     0,     0,
       0,     0,     0,     0,     0,   176,     0,   177,   178,   179,
     180,   181,   182,   183,     0,     0,     0,     0,   184,   185,
       0,     0,   186,   187,   188,   189
};

static const yytype_int16 yycheck[] =
{
      10,    11,    12,   126,    15,    40,    46,     9,   115,   326,
     347,     9,    11,    48,    16,    20,    21,    46,    23,    24,
      26,   150,    20,    23,     9,   450,    77,    25,     9,    39,
      11,    67,    42,     9,   141,    40,    41,     9,    77,   482,
       0,    43,    15,    16,    77,    15,    16,    17,    20,    23,
      55,    56,    54,    25,   105,    91,    89,    12,    77,     9,
       9,   100,   451,   452,    20,   101,   455,   103,    23,    25,
      20,    20,     9,   462,   463,    25,    25,    11,    69,    11,
     115,   100,    92,    73,    74,    75,   101,    78,    98,   122,
     479,   480,   102,   103,    12,   101,     9,    67,   133,    98,
     489,   544,   102,     9,   144,   103,   141,   230,   445,   534,
     100,   121,    17,    18,   503,   144,   118,   102,   507,   508,
     101,   126,   251,   125,   126,    30,   102,   101,    11,    34,
     103,   103,   104,   103,    39,    69,   525,    42,    12,   476,
      45,    12,    47,   145,    49,    50,    51,    52,    53,    15,
      16,   540,    77,   103,   103,    73,    74,    75,     9,   548,
      11,   163,   164,   165,    20,   167,   168,   169,   208,    12,
     203,   204,   205,   206,   207,     9,   209,    11,   211,   208,
     213,   214,    12,    73,    74,    75,    69,   198,   190,   191,
     192,   193,   194,   195,   196,   197,   231,   316,   101,    73,
      74,    75,    73,    74,    75,   101,   216,   326,    96,    97,
      98,    99,   102,   332,   333,   101,   411,   219,   220,   221,
     222,   223,   224,   101,   541,    91,   101,     9,   230,    11,
      73,    74,    75,   101,     9,   101,    11,   103,   345,   144,
     242,    12,   101,    73,    74,    75,   101,   249,     9,   101,
      11,    73,    74,    75,   101,     9,   379,    11,    45,   261,
      12,   166,    73,    74,    75,   170,   171,   172,   173,   174,
     175,   176,   177,   178,   179,   180,   181,   182,   183,   184,
     102,     9,    12,    11,   286,   287,    12,    69,   328,   294,
     485,   293,    43,    44,    69,   414,   102,   307,   331,   328,
     101,   101,    73,    74,    75,   100,   501,   502,    69,   100,
     345,   313,   314,   315,   316,    19,    20,    21,   513,    23,
      24,    73,    74,    75,   326,    10,   361,   522,   523,    69,
     332,   333,    11,    91,   453,   454,    40,    41,    20,   349,
     535,   448,    46,    73,    74,    75,    20,    73,    74,    75,
      26,    55,    56,    73,    74,    75,   389,   101,    69,   392,
     393,     9,   364,    11,   100,    10,     9,    11,    11,   488,
      23,   404,    15,    16,    17,    78,   101,   379,    21,    73,
      74,    75,   102,    11,    75,    89,    73,    74,    75,    73,
      74,    75,    39,    40,    41,    42,   431,   104,   104,    46,
     101,    48,   521,    58,    59,    60,    61,   104,   102,   104,
      18,   104,   414,   448,    20,   102,   418,   103,   102,    62,
     101,   101,   126,    73,    74,    75,    73,    74,    75,    84,
      85,    86,    87,     9,   100,    60,    61,    92,    93,   143,
     144,    96,    97,    98,    99,    23,   457,    73,    74,    75,
     100,   453,   454,   100,    11,   101,   467,    10,   101,    10,
     103,   104,    87,   368,    60,   475,   477,    92,    93,    10,
      10,    96,    97,    98,    99,    10,   102,   487,    23,    73,
      74,    75,   492,    20,   486,   189,   488,   100,   100,   499,
     100,    87,   101,   100,     9,   100,    92,    93,   102,     0,
      96,    97,    98,    99,   208,   516,   100,   100,     9,   100,
      11,    12,   100,   100,    12,    73,    74,    75,    23,   521,
     530,    73,    74,    75,    10,   536,   100,    58,    59,    60,
      61,   102,   101,   543,   100,    71,   100,   102,    39,    40,
      41,    42,   100,     9,   248,    46,   100,    48,   100,    70,
      51,   101,    83,    84,    85,    86,    87,    58,    59,    60,
      61,    92,    93,   102,    19,    96,    97,    98,    99,    12,
     100,   100,    73,    74,    75,   100,    77,    78,    79,    80,
      81,    82,    83,    84,    85,    86,    87,    98,     0,   486,
     294,    92,    93,   314,   541,    96,    97,    98,    99,   100,
      12,   102,   200,    33,   105,    82,    39,    40,    41,    42,
      73,    74,    75,    46,   318,    48,    58,    59,    60,    61,
     446,   391,   144,   402,   328,   208,   328,    39,    40,    41,
      42,    -1,    -1,    -1,    46,    -1,    48,   100,    -1,    51,
      73,    74,    75,    85,    86,    87,    58,    59,    60,    61,
      92,    93,    -1,    -1,    96,    97,    98,    99,    -1,    -1,
      -1,    73,    74,    75,    -1,    77,    78,    79,    80,    81,
      82,    83,    84,    85,    86,    87,    73,    74,    75,    -1,
      92,    93,    -1,    -1,    96,    97,    98,    99,   100,    -1,
     102,     0,     1,   105,    -1,    -1,    -1,    -1,    -1,    -1,
       9,    -1,    11,   100,    13,    14,    15,    16,    17,    -1,
      -1,    20,    21,    22,    23,    24,    -1,    26,    27,    28,
      29,    30,    31,    32,    33,    34,    35,    36,    37,    38,
      39,    40,    41,    42,    73,    74,    75,    46,    47,    48,
      49,    50,    -1,    52,    53,    54,    55,    56,    57,    -1,
      -1,    -1,    -1,    62,    63,    64,    65,    66,    67,    68,
      87,   100,    -1,    -1,    -1,    92,    93,    76,    -1,    96,
      97,    98,    99,     3,     4,     5,     6,     7,     8,    88,
      89,    -1,    91,    -1,    -1,    94,    95,     0,     1,    -1,
      -1,    -1,   101,   102,   103,   104,     9,    -1,    11,    -1,
      13,    14,    15,    16,    17,    -1,    -1,    20,    21,    22,
      23,    24,    -1,    26,    27,    28,    29,    30,    31,    32,
      33,    34,    35,    36,    37,    38,    39,    40,    41,    42,
      -1,    -1,    -1,    46,    47,    48,    49,    50,    -1,    52,
      53,    54,    55,    56,    57,    -1,    -1,    -1,    -1,    62,
      63,    64,    65,    66,    67,    68,    -1,    -1,    -1,    -1,
      92,    93,    -1,    76,    96,    97,    98,    99,    -1,    -1,
      -1,    -1,    -1,    -1,    -1,    88,    89,    -1,    91,    -1,
      -1,    94,    95,    -1,     1,    -1,    -1,    -1,   101,   102,
     103,   104,     9,    10,    11,    -1,    13,    14,    15,    16,
      17,    -1,    -1,    20,    21,    22,    23,    24,    -1,    26,
      27,    28,    29,    30,    31,    32,    33,    34,    35,    36,
      37,    38,    39,    40,    41,    42,    -1,    -1,    -1,    46,
      47,    48,    49,    50,    -1,    52,    53,    54,    55,    56,
      57,    -1,    -1,    -1,    -1,    62,    63,    64,    65,    66,
      67,    68,    -1,    -1,    -1,    -1,    -1,    -1,    -1,    76,
      -1,    -1,    -1,    -1,    -1,    -1,    -1,    -1,    -1,    -1,
      -1,    88,    89,    -1,    91,    -1,    -1,    94,    95,    -1,
       1,    -1,    -1,    -1,   101,   102,   103,   104,     9,    10,
      11,    -1,    13,    14,    15,    16,    17,    -1,    -1,    20,
      21,    22,    23,    24,    -1,    26,    27,    28,    29,    30,
      31,    32,    33,    34,    35,    36,    37,    38,    39,    40,
      41,    42,    -1,    -1,    -1,    46,    47,    48,    49,    50,
      -1,    52,    53,    54,    55,    56,    57,    -1,    -1,    -1,
      -1,    62,    63,    64,    65,    66,    67,    68,    -1,    -1,
      -1,    -1,    -1,    -1,    -1,    76,    -1,    -1,    -1,    -1,
      -1,    -1,    -1,    -1,    -1,    -1,    -1,    88,    89,    -1,
      91,    -1,    -1,    94,    95,    -1,     1,    -1,    -1,    -1,
     101,   102,   103,   104,     9,    10,    11,    -1,    13,    14,
      15,    16,    17,    -1,    -1,    20,    21,    22,    23,    24,
      -1,    26,    27,    28,    29,    30,    31,    32,    33,    34,
      35,    36,    37,    38,    39,    40,    41,    42,    -1,    -1,
      -1,    46,    47,    48,    49,    50,    -1,    52,    53,    54,
      55,    56,    57,    -1,    -1,    -1,    -1,    62,    63,    64,
      65,    66,    67,    68,    -1,    -1,    -1,    -1,    -1,    -1,
      -1,    76,    -1,    -1,    -1,    -1,    -1,    -1,    -1,    -1,
      -1,    -1,    -1,    88,    89,    -1,    91,    -1,    -1,    94,
      95,    -1,     1,    -1,    -1,    -1,   101,   102,   103,   104,
       9,    10,    11,    -1,    13,    14,    15,    16,    17,    -1,
      -1,    20,    21,    22,    23,    24,    -1,    26,    27,    28,
      29,    30,    31,    32,    33,    34,    35,    36,    37,    38,
      39,    40,    41,    42,    -1,    -1,    -1,    46,    47,    48,
      49,    50,    -1,    52,    53,    54,    55,    56,    57,    -1,
      -1,    -1,    -1,    62,    63,    64,    65,    66,    67,    68,
      -1,    -1,    -1,    -1,    -1,    -1,    -1,    76,    -1,    -1,
      -1,    -1,    -1,    -1,    -1,    -1,    -1,    -1,    -1,    88,
      89,    -1,    91,    -1,    -1,    94,    95,    -1,     1,    -1,
      -1,    -1,   101,   102,   103,   104,     9,    10,    11,    -1,
      13,    14,    15,    16,    17,    -1,    -1,    20,    21,    22,
      23,    24,    -1,    26,    27,    28,    29,    30,    31,    32,
      33,    34,    35,    36,    37,    38,    39,    40,    41,    42,
      -1,    -1,    -1,    46,    47,    48,    49,    50,    -1,    52,
      53,    54,    55,    56,    57,    -1,    -1,    -1,    -1,    62,
      63,    64,    65,    66,    67,    68,    -1,    -1,    -1,    -1,
      -1,    -1,    -1,    76,    -1,    -1,    -1,    -1,    -1,    -1,
      -1,    -1,    -1,    -1,    -1,    88,    89,    -1,    91,    -1,
      -1,    94,    95,    -1,     1,    -1,    -1,    -1,   101,   102,
     103,   104,     9,    -1,    11,    -1,    13,    14,    15,    16,
      17,    -1,    -1,    20,    21,    22,    23,    24,    -1,    26,
      27,    28,    29,    30,    31,    32,    33,    34,    35,    36,
      37,    38,    39,    40,    41,    42,    -1,    -1,    -1,    46,
      47,    48,    49,    50,    -1,    52,    53,    54,    55,    56,
      57,    -1,    -1,    -1,    -1,    62,    63,    64,    65,    66,
      67,    68,    -1,    -1,    71,    -1,    -1,    -1,    -1,    76,
      -1,    -1,    -1,    -1,    -1,    -1,    -1,    -1,    -1,    -1,
      -1,    88,    89,    -1,    91,    -1,    -1,    94,    95,    -1,
       1,    -1,    -1,    -1,   101,   102,   103,   104,     9,    -1,
      11,    -1,    13,    14,    15,    16,    17,    -1,    -1,    20,
      21,    22,    23,    24,    -1,    26,    27,    28,    29,    30,
      31,    32,    33,    34,    35,    36,    37,    38,    39,    40,
      41,    42,    -1,    -1,    -1,    46,    47,    48,    49,    50,
      -1,    52,    53,    54,    55,    56,    57,    -1,    -1,    -1,
      -1,    62,    63,    64,    65,    66,    67,    68,    -1,    -1,
      -1,    -1,    -1,    -1,    -1,    76,    -1,    -1,    -1,    -1,
      -1,    -1,    -1,    -1,    -1,    -1,    -1,    88,    89,    -1,
      91,    -1,    -1,    94,    95,    -1,     1,    -1,    -1,    -1,
     101,   102,   103,   104,     9,    -1,    11,    -1,    13,    14,
      15,    16,    17,    -1,    -1,    20,    21,    22,    23,    24,
      -1,    26,    27,    28,    29,    30,    31,    32,    -1,    34,
      35,    36,    37,    38,    39,    40,    41,    42,    -1,    -1,
      -1,    46,    47,    48,    49,    50,    -1,    52,    53,    54,
      55,    56,    57,    -1,    -1,    -1,    -1,    62,    63,    64,
      65,    66,    67,    68,    -1,    -1,    -1,    -1,    -1,    -1,
      -1,    76,    -1,    -1,    -1,    -1,    -1,    -1,    -1,    -1,
      -1,    -1,    -1,    88,    89,    -1,    91,    -1,    -1,    94,
      95,     1,    -1,    -1,    -1,    -1,   101,   102,   103,   104,
      -1,    11,    -1,    13,    14,    15,    16,    17,    -1,    -1,
      20,    21,    22,    23,    24,    -1,    26,    27,    28,    29,
      30,    31,    -1,    -1,    -1,    -1,    36,    -1,    -1,    51,
      -1,    -1,    -1,    -1,    -1,    -1,    58,    59,    60,    61,
      50,    -1,    52,    53,    54,    55,    56,    57,    -1,    -1,
      -1,    -1,    62,    63,    64,    65,    66,    67,    68,    81,
      82,    83,    84,    85,    86,    87,    76,    -1,    -1,    -1,
      92,    93,    -1,    -1,    96,    97,    98,    99,    88,    89,
      -1,    91,    -1,    -1,    94,    95,     1,    -1,    -1,    -1,
      -1,   101,   102,   103,   104,    -1,    11,    -1,    13,    14,
      15,    16,    17,    -1,    -1,    20,    21,    22,    23,    24,
      -1,    26,    27,    28,    29,    30,    31,    -1,    -1,    -1,
      -1,    36,    -1,    -1,    -1,    -1,    -1,    -1,    58,    59,
      60,    61,    -1,    -1,    -1,    50,    -1,    52,    53,    54,
      55,    56,    57,    -1,    -1,    -1,    -1,    62,    63,    64,
      65,    66,    67,    68,    -1,    -1,    86,    87,    -1,    -1,
      -1,    76,    92,    93,    -1,    -1,    96,    97,    98,    99,
      -1,    -1,    -1,    88,    89,    -1,    91,    -1,    -1,    94,
      95,    -1,    -1,    -1,    -1,   100,   101,    -1,   103,   104,
       9,    -1,    11,    -1,    13,    14,    15,    16,    17,    -1,
      -1,    20,    21,    22,    23,    24,    25,    26,    27,    28,
      29,    30,    31,    -1,    -1,    -1,    -1,    36,    -1,    -1,
      -1,    -1,    -1,    -1,    58,    59,    60,    61,    -1,    -1,
      -1,    50,    -1,    52,    53,    54,    55,    56,    57,    -1,
      -1,    -1,    -1,    62,    63,    64,    65,    66,    67,    68,
      -1,    -1,    86,    87,    -1,    -1,    -1,    76,    92,    93,
      -1,    -1,    96,    97,    98,    99,    -1,    -1,    -1,    88,
      89,    -1,    91,    -1,    -1,    94,    95,    -1,    -1,    -1,
      -1,    -1,   101,    -1,   103,   104,     9,    -1,    11,    -1,
      13,    14,    15,    16,    17,    -1,    -1,    20,    21,    22,
      23,    24,    -1,    26,    27,    28,    29,    30,    31,    -1,
      -1,    -1,    -1,    36,    -1,    -1,    -1,    -1,    -1,    -1,
      58,    -1,    60,    61,    -1,    -1,    -1,    50,    -1,    52,
      53,    54,    55,    56,    57,    -1,    -1,    -1,    -1,    62,
      63,    64,    65,    66,    67,    68,    -1,    -1,    86,    87,
      -1,    -1,    -1,    76,    92,    93,    -1,    -1,    96,    97,
      98,    99,    -1,    -1,    -1,    88,    89,    -1,    91,    -1,
      -1,    94,    95,    -1,    -1,    -1,    -1,    -1,   101,    -1,
     103,   104,    11,    12,    13,    14,    15,    16,    17,    -1,
      -1,    20,    21,    22,    23,    24,    -1,    26,    27,    28,
      29,    30,    31,    -1,    -1,    -1,    -1,    36,    -1,    -1,
      -1,    -1,    -1,    -1,    -1,    -1,    60,    61,    -1,    -1,
      -1,    50,    -1,    52,    53,    54,    55,    56,    57,    -1,
      -1,    -1,    -1,    62,    63,    64,    65,    66,    67,    68,
      -1,    -1,    86,    87,    -1,    -1,    -1,    76,    92,    93,
      -1,    -1,    96,    97,    98,    99,    -1,    -1,    -1,    88,
      89,    -1,    91,    -1,    -1,    94,    95,    -1,    -1,    -1,
      -1,    -1,   101,    -1,   103,   104,    11,    -1,    13,    14,
      15,    16,    17,    -1,    -1,    20,    21,    22,    23,    24,
      -1,    26,    27,    28,    29,    30,    31,    -1,    -1,    -1,
      -1,    36,    -1,    -1,    -1,    -1,    -1,    -1,    -1,    -1,
      -1,    -1,    -1,    -1,    -1,    50,    -1,    52,    53,    54,
      55,    56,    57,    -1,    -1,    -1,    -1,    62,    63,    64,
      65,    66,    67,    68,    -1,    -1,    -1,    -1,    -1,    -1,
      -1,    76,    -1,    -1,    -1,    -1,    -1,    -1,    -1,    -1,
      -1,    -1,    -1,    88,    89,    -1,    91,    -1,    -1,    94,
      95,    -1,    -1,    -1,    -1,    -1,   101,   102,   103,   104,
      11,    -1,    13,    14,    15,    16,    17,    -1,    -1,    20,
      21,    22,    23,    24,    -1,    26,    27,    28,    29,    30,
      31,    -1,    -1,    -1,    -1,    36,    -1,    -1,    -1,    -1,
      -1,    -1,    -1,    -1,    -1,    -1,    -1,    -1,    -1,    50,
      -1,    52,    53,    54,    55,    56,    57,    -1,    -1,    -1,
      -1,    62,    63,    64,    65,    66,    67,    68,    -1,    -1,
      -1,    -1,    -1,    -1,    -1,    76,    -1,    -1,    -1,    -1,
      -1,    -1,    -1,    -1,    -1,    -1,    -1,    88,    89,    -1,
      91,    -1,    -1,    94,    95,    -1,    -1,    -1,    -1,   100,
     101,    -1,   103,   104,    11,    -1,    13,    14,    15,    16,
      17,    -1,    -1,    20,    21,    22,    23,    24,    -1,    26,
      27,    28,    29,    30,    31,    -1,    -1,    -1,    -1,    36,
      -1,    -1,    -1,    -1,    -1,    -1,    -1,    -1,    -1,    -1,
      -1,    -1,    -1,    50,    -1,    52,    53,    54,    55,    56,
      57,    -1,    -1,    -1,    -1,    62,    63,    64,    65,    66,
      67,    68,    -1,    -1,    -1,    -1,    -1,    -1,    -1,    76,
      -1,    -1,    -1,    -1,    -1,    -1,    -1,    -1,    -1,    -1,
      -1,    88,    89,    -1,    91,    -1,    -1,    94,    95,    -1,
      -1,    -1,    -1,   100,   101,    -1,   103,   104,    11,    -1,
      13,    14,    15,    16,    17,    -1,    -1,    20,    21,    22,
      23,    24,    -1,    26,    27,    28,    29,    30,    31,    -1,
      -1,    -1,    -1,    36,    -1,    -1,    -1,    -1,    -1,    -1,
      -1,    -1,    -1,    -1,    -1,    -1,    -1,    50,    -1,    52,
      53,    54,    55,    56,    57,    -1,    -1,    -1,    -1,    62,
      63,    64,    65,    66,    67,    68,    -1,    -1,    -1,    -1,
      -1,    -1,    -1,    76,    -1,    -1,    -1,    -1,    -1,    -1,
      -1,    -1,    -1,    -1,    -1,    88,    89,    -1,    91,    -1,
      -1,    94,    95,    -1,    -1,    -1,    -1,   100,   101,    -1,
     103,   104,    11,    -1,    13,    14,    15,    16,    17,    -1,
      -1,    20,    21,    22,    23,    24,    -1,    26,    27,    28,
      29,    30,    31,    -1,    -1,    -1,    -1,    36,    -1,    -1,
      -1,    -1,    -1,    -1,    -1,    -1,    -1,    -1,    -1,    -1,
      -1,    50,    -1,    52,    53,    54,    55,    56,    57,    -1,
      -1,    -1,    -1,    62,    63,    64,    65,    66,    67,    68,
      -1,    -1,    -1,    -1,    -1,    -1,    -1,    76,    -1,    -1,
      -1,    -1,    -1,    -1,    -1,    -1,    -1,    -1,    -1,    88,
      89,    -1,    91,    -1,    -1,    94,    95,    -1,    -1,    -1,
      -1,   100,   101,    -1,   103,   104,    11,    -1,    13,    14,
      15,    16,    17,    -1,    -1,    20,    21,    22,    23,    24,
      -1,    26,    27,    28,    29,    30,    31,    -1,    -1,    -1,
      -1,    36,    -1,    -1,    -1,    -1,    -1,    -1,    -1,    -1,
      -1,    -1,    -1,    -1,    -1,    50,    -1,    52,    53,    54,
      55,    56,    57,    -1,    -1,    -1,    -1,    62,    63,    64,
      65,    66,    67,    68,    -1,    -1,    -1,    -1,    -1,    -1,
      -1,    76,    -1,    -1,    -1,    -1,    -1,    -1,    -1,    -1,
      -1,    -1,    -1,    88,    89,    -1,    91,    -1,    -1,    94,
      95,    -1,    -1,    -1,    -1,   100,   101,    -1,   103,   104,
      11,    -1,    13,    14,    15,    16,    17,    -1,    -1,    20,
      21,    22,    23,    24,    -1,    26,    27,    28,    29,    30,
      31,    -1,    -1,    -1,    -1,    36,    -1,    -1,    -1,    -1,
      -1,    -1,    -1,    -1,    -1,    -1,    -1,    -1,    -1,    50,
      -1,    52,    53,    54,    55,    56,    57,    -1,    -1,    -1,
      -1,    62,    63,    64,    65,    66,    67,    68,    -1,    -1,
      -1,    -1,    -1,    -1,    -1,    76,    -1,    -1,    -1,    -1,
      -1,    -1,    -1,    -1,    -1,    -1,    -1,    88,    89,    -1,
      91,    -1,    -1,    94,    95,    -1,    -1,    -1,    -1,   100,
     101,    -1,   103,   104,    11,    -1,    13,    14,    15,    16,
      17,    -1,    -1,    20,    21,    22,    23,    24,    -1,    26,
      27,    28,    29,    30,    31,    -1,    -1,    -1,    -1,    36,
      -1,    -1,    -1,    -1,    -1,    -1,    -1,    -1,    -1,    -1,
      -1,    -1,    -1,    50,    -1,    52,    53,    54,    55,    56,
      57,    -1,    -1,    -1,    -1,    62,    63,    64,    65,    66,
      67,    68,    -1,    -1,    -1,    -1,    -1,    -1,    -1,    76,
      -1,    -1,    -1,    -1,    -1,    -1,    -1,    -1,    -1,    -1,
      -1,    88,    89,    -1,    91,    -1,    -1,    94,    95,    -1,
      -1,    -1,    -1,   100,   101,    -1,   103,   104,    11,    -1,
      13,    14,    15,    16,    17,    -1,    -1,    20,    21,    22,
      23,    24,    -1,    26,    27,    28,    29,    30,    31,    -1,
      -1,    -1,    -1,    36,    -1,    -1,    -1,    -1,    -1,    -1,
      -1,    -1,    -1,    -1,    -1,    -1,    -1,    50,    -1,    52,
      53,    54,    55,    56,    57,    -1,    -1,    -1,    -1,    62,
      63,    64,    65,    66,    67,    68,    -1,    -1,    -1,    -1,
      -1,    -1,    -1,    76,    -1,    -1,    -1,    -1,    -1,    -1,
      -1,    -1,    -1,    -1,    -1,    88,    89,    -1,    91,    -1,
      -1,    94,    95,    -1,    -1,    -1,    -1,    -1,   101,    -1,
     103,   104,    11,    -1,    13,    14,    15,    16,    17,    -1,
      -1,    20,    21,    22,    23,    24,    -1,    26,    27,    28,
      29,    30,    31,    -1,    -1,    -1,    -1,    36,    -1,    -1,
      -1,    -1,    -1,    -1,    -1,    -1,    -1,    -1,    -1,    -1,
      -1,    50,    -1,    52,    53,    54,    55,    56,    57,    -1,
      -1,    -1,    -1,    62,    63,    64,    65,    66,    67,    68,
      -1,    -1,    -1,    -1,    -1,    -1,    -1,    76,    -1,    -1,
      -1,    -1,    -1,    -1,    -1,    -1,    -1,    -1,    -1,    88,
      89,    51,    91,    -1,    -1,    94,    95,    -1,    58,    59,
      60,    61,   101,    -1,   103,   104,    -1,    -1,    -1,    -1,
      -1,    -1,    -1,    -1,    -1,    -1,    -1,    -1,    78,    79,
      80,    81,    82,    83,    84,    85,    86,    87,    -1,    -1,
      -1,    -1,    92,    93,    51,    -1,    96,    97,    98,    99,
      -1,    58,    59,    60,    61,    -1,    -1,    -1,    -1,    -1,
      -1,    -1,    -1,    -1,    -1,    -1,    -1,    -1,    -1,    -1,
      -1,    78,    79,    -1,    81,    82,    83,    84,    85,    86,
      87,    -1,    -1,    -1,    -1,    92,    93,    51,    -1,    96,
      97,    98,    99,    -1,    58,    59,    60,    61,    -1,    -1,
      -1,    -1,    -1,    -1,    -1,    -1,    -1,    -1,    -1,    -1,
      -1,    -1,    -1,    -1,    -1,    79,    -1,    81,    82,    83,
      84,    85,    86,    87,    -1,    -1,    -1,    -1,    92,    93,
      -1,    -1,    96,    97,    98,    99
};

  /* YYSTOS[STATE-NUM] -- The (internal number of the) accessing
     symbol of state STATE-NUM.  */
static const yytype_uint8 yystos[] =
{
       0,     3,     4,     5,     6,     7,     8,   107,   108,   109,
     110,   111,   112,   113,     0,   116,    11,    13,    14,    15,
      16,    17,    20,    21,    22,    23,    24,    26,    27,    28,
      29,    30,    31,    36,    50,    52,    53,    54,    55,    56,
      57,    62,    63,    64,    65,    66,    67,    68,    76,    88,
      89,    91,    94,    95,   101,   103,   104,   153,   154,   155,
     158,   159,   160,   161,   162,   163,   165,   168,   176,   177,
     178,   181,   182,   183,   184,   185,   186,     9,   114,     1,
      32,    34,    35,    37,    38,    39,    40,    41,    42,    46,
      47,    48,    49,   102,   114,   123,   133,   153,    33,   121,
     122,   123,   119,   119,    12,   153,   163,   163,    20,    25,
     114,   177,   187,   187,   187,   187,   187,   164,    11,   101,
     163,   144,   144,   163,   101,   101,   101,   114,   163,    20,
     154,   167,   177,   187,   187,   114,   163,   102,   153,    20,
      25,   146,   163,    15,    91,   101,   166,   177,   178,   179,
     180,   181,   163,   154,   163,   163,   163,   163,   163,   100,
     153,   187,   187,    73,    74,    75,    77,     9,    11,   101,
      51,    58,    59,    60,    61,    78,    79,    81,    82,    83,
      84,    85,    86,    87,    92,    93,    96,    97,    98,    99,
     101,     9,    11,     9,    11,     9,    11,     9,   116,   145,
     146,    20,   143,   101,   101,   101,   101,    67,    91,   101,
     116,   175,   177,   101,   101,   114,    45,   135,   102,    39,
      40,    41,    42,    46,    48,   122,   123,   121,    12,   167,
     101,   101,   153,   100,   114,    23,   116,   147,   100,   100,
     153,   168,   187,   154,    10,   102,   167,    25,    15,   101,
     163,   166,   177,   178,   181,   100,   153,    69,   149,    78,
     149,    11,   100,   153,   153,   153,   163,   153,   153,   100,
     153,   163,   163,   163,   163,   163,   163,   163,   163,   163,
     163,   163,   163,   163,   163,   163,     9,    11,    15,    16,
      17,    21,    62,   101,   103,   104,   157,   177,   100,   153,
     153,   153,   153,   153,   153,   153,   153,   119,    20,   142,
     143,    20,   126,   116,   116,   116,   116,    91,   116,    67,
     173,   174,   176,   177,   178,   181,   116,    26,   116,    26,
     101,   170,   116,   116,   114,   153,   139,   153,   153,   153,
     153,   153,   168,   154,    12,   156,   101,   150,    69,   148,
     100,   100,   153,    10,    11,    25,   100,   153,   149,   100,
      23,   101,    78,   153,    11,   102,    12,   100,    80,   153,
     153,   104,   104,   104,   104,   100,   153,   104,   104,   101,
     100,   102,    12,   102,    12,   102,    12,   102,    10,    18,
     115,   124,   125,     9,   102,    20,   138,   153,   139,   140,
     153,   140,   172,   177,   101,   133,   137,   140,   141,   153,
       9,   117,   173,   171,   116,   140,   140,   100,   105,   169,
     167,   151,   148,    23,   114,   100,    12,    23,    11,   100,
     154,   101,    12,   153,    10,   163,   102,    12,   100,   168,
      10,    10,    10,    10,   116,   147,   116,   116,    20,   100,
     100,   100,   100,   170,   116,   100,   102,   118,   135,   129,
     101,   140,   100,   100,   153,   100,   100,     9,    12,   100,
     154,    12,    10,   100,   102,   148,   150,   130,   167,   136,
     136,   117,   117,   140,   140,   117,   127,   119,   101,   100,
     117,   117,   119,   100,    71,   102,   114,   152,   148,   119,
     102,   117,   117,    43,    44,   134,   134,   100,   100,   135,
     138,    10,   140,   117,    10,   120,     9,    10,   135,   135,
     117,   101,   117,   117,   102,   100,   135,    23,   102,   131,
     119,   140,   135,   135,   128,   117,    70,   132,    19,    10,
     100,   136,   135,   119,   117,   141,    71,   134,   100,   117
};

  /* YYR1[YYN] -- Symbol number of symbol that rule YYN derives.  */
static const yytype_uint8 yyr1[] =
{
       0,   106,   108,   107,   109,   107,   110,   107,   111,   107,
     112,   107,   113,   107,   114,   115,   116,   117,   118,   119,
     119,   120,   120,   121,   121,   122,   122,   123,   123,   124,
     123,   125,   123,   123,   126,   123,   123,   123,   123,   123,
     123,   123,   123,   127,   128,   123,   123,   123,   129,   123,
     123,   123,   123,   123,   130,   123,   123,   123,   131,   132,
     132,   133,   133,   133,   133,   133,   133,   133,   133,   134,
     134,   134,   135,   135,   136,   137,   137,   138,   138,   139,
     140,   141,   142,   142,   143,   144,   145,   146,   146,   147,
     147,   148,   148,   148,   149,   149,   151,   150,   152,   152,
     153,   153,   153,   153,   154,   154,   154,   155,   155,   155,
     155,   155,   155,   155,   155,   156,   155,   157,   157,   158,
     158,   158,   158,   158,   158,   158,   158,   158,   158,   158,
     158,   158,   158,   159,   159,   159,   159,   159,   159,   159,
     159,   159,   159,   159,   159,   159,   159,   160,   160,   160,
     160,   160,   160,   160,   160,   160,   160,   161,   161,   161,
     161,   161,   161,   162,   162,   163,   163,   163,   163,   163,
     163,   163,   163,   163,   163,   163,   163,   163,   163,   163,
     163,   163,   163,   163,   163,   163,   163,   163,   163,   163,
     163,   163,   163,   163,   163,   163,   163,   163,   163,   163,
     163,   163,   163,   163,   163,   163,   163,   163,   163,   163,
     163,   163,   163,   163,   164,   163,   163,   163,   163,   163,
     165,   165,   165,   165,   165,   166,   166,   166,   166,   166,
     166,   167,   167,   168,   168,   169,   169,   170,   171,   170,
     172,   173,   173,   173,   174,   174,   175,   175,   176,   177,
     178,   179,   180,   181,   182,   182,   183,   184,   184,   185,
     185,   186,   186,   187,   187,   187,   187
};

  /* YYR2[YYN] -- Number of symbols on the right hand side of rule YYN.  */
static const yytype_uint8 yyr2[] =
{
       0,     2,     0,     4,     0,     3,     0,     3,     0,     3,
       0,     3,     0,     3,     4,     7,     0,     4,     0,     0,
       2,     0,     2,     1,     1,     2,     2,     1,     4,     0,
       7,     0,    10,     4,     0,     7,     7,     7,     6,     6,
       2,     8,     8,     0,     0,    13,     9,     8,     0,    10,
       9,     7,     5,     2,     0,     8,     2,     1,     2,     0,
       3,     1,     1,     3,     3,     3,     3,     3,     3,     0,
       2,     6,     0,     2,     0,     0,     1,     0,     1,     1,
       1,     1,     1,     0,     0,     0,     0,     1,     1,     0,
       1,     0,     2,     1,     2,     1,     0,     3,     1,     1,
       3,     3,     3,     1,     2,     3,     1,     3,     5,     6,
       3,     3,     5,     2,     4,     0,     5,     1,     1,     5,
       4,     5,     4,     5,     6,     5,     4,     5,     4,     3,
       6,     4,     5,     3,     3,     3,     3,     3,     3,     3,
       3,     3,     3,     3,     3,     3,     3,     2,     2,     2,
       2,     2,     2,     2,     2,     2,     2,     3,     2,     4,
       3,     5,     8,     2,     2,     1,     1,     1,     1,     5,
       2,     3,     1,     2,     3,     1,     2,     1,     1,     1,
       1,     1,     1,     4,     4,     5,     5,     1,     1,     3,
       4,     3,     4,     4,     4,     4,     4,     1,     2,     2,
       1,     2,     2,     1,     2,     1,     2,     1,     3,     1,
       3,     1,     3,     4,     0,     6,     1,     1,     1,     1,
       3,     2,     4,     7,     6,     3,     2,     1,     1,     1,
       1,     0,     1,     0,     1,     0,     2,     1,     0,     3,
       1,     1,     1,     1,     1,     1,     2,     2,     2,     2,
       2,     5,     4,     2,     2,     4,     2,     1,     3,     1,
       3,     1,     3,     1,     1,     1,     1
};

typedef enum {
	toketype_ival, toketype_opval, toketype_pval
} toketypes;

/* type of each token/terminal */
static const toketypes yy_type_tab[] =
{
  toketype_ival, toketype_ival, toketype_ival, toketype_ival, toketype_ival, toketype_ival,
  toketype_ival, toketype_ival, toketype_ival, toketype_ival, toketype_ival, toketype_ival,
  toketype_ival, toketype_ival, toketype_ival, toketype_ival, toketype_ival, toketype_ival, toketype_ival, toketype_ival, toketype_opval,
  toketype_opval, toketype_opval, toketype_opval, toketype_opval, toketype_opval, toketype_opval,
  toketype_opval, toketype_opval, toketype_opval, toketype_opval, toketype_opval, toketype_opval,
  toketype_pval, toketype_ival, toketype_ival, toketype_ival, toketype_ival, toketype_ival, toketype_ival, toketype_ival,
  toketype_ival, toketype_ival, toketype_ival, toketype_ival, toketype_ival, toketype_ival, toketype_ival, toketype_ival,
  toketype_ival, toketype_ival, toketype_ival, toketype_ival, toketype_ival, toketype_ival, toketype_ival,
  toketype_ival, toketype_ival, toketype_ival, toketype_ival, toketype_ival, toketype_ival, toketype_ival, toketype_ival,
  toketype_ival, toketype_ival, toketype_ival, toketype_ival, toketype_ival, toketype_ival,
  toketype_ival, toketype_ival, toketype_ival, toketype_ival, toketype_ival, toketype_ival,
  toketype_ival, toketype_ival, toketype_ival, toketype_ival, toketype_ival, toketype_ival, toketype_ival, toketype_ival,
  toketype_ival, toketype_ival, toketype_ival, toketype_ival, toketype_ival, toketype_ival, toketype_ival,
  toketype_ival, toketype_ival, toketype_ival, toketype_ival, toketype_ival, toketype_ival, toketype_ival,
  toketype_ival, toketype_ival, toketype_ival, toketype_ival, toketype_ival, toketype_ival, toketype_ival, toketype_ival, toketype_ival,
  toketype_ival, toketype_ival, toketype_ival, toketype_ival, toketype_ival, toketype_ival, toketype_ival, toketype_opval,
  toketype_opval, toketype_ival, toketype_opval, toketype_ival, toketype_opval, toketype_opval,
  toketype_opval, toketype_opval, toketype_opval, toketype_ival, toketype_ival, toketype_ival, toketype_ival,
  toketype_ival, toketype_ival, toketype_ival, toketype_opval, toketype_opval, toketype_opval, toketype_opval, toketype_opval,
  toketype_ival, toketype_opval, toketype_opval, toketype_opval, toketype_opval, toketype_opval, toketype_opval,
  toketype_ival, toketype_ival, toketype_ival, toketype_opval, toketype_opval,
  toketype_opval, toketype_opval, toketype_opval, toketype_ival, toketype_opval, toketype_opval,
  toketype_opval, toketype_opval, toketype_ival, toketype_opval, toketype_opval, toketype_opval,
  toketype_opval, toketype_opval, toketype_opval, toketype_opval, toketype_ival, toketype_opval, toketype_opval,
  toketype_opval, toketype_opval, toketype_opval, toketype_ival, toketype_ival, toketype_opval,
  toketype_opval, toketype_opval, toketype_ival, toketype_opval, toketype_opval, toketype_opval,
  toketype_opval, toketype_opval, toketype_opval, toketype_opval, toketype_opval, toketype_opval,
  toketype_opval, toketype_opval, toketype_opval
};

/* Generated from:
 * 05a0ab83d8a15ecbd76cc950ab26811de2b89135544042592bdb74f2fb20720b perly.y
 * d75acf04e5e050e9d0de13999b5b46a13f176dcf9f75c07acf51e913fc41db9a regen_perly.pl
 * ex: set ro: */
