/* ex: set ro ft=c: -*- mode: c; buffer-read-only: t -*-
   !!!!!!!   DO NOT EDIT THIS FILE   !!!!!!!
   This file is built by regen_perly.pl from perly.y.
   Any changes made here will be lost!
 */

#define YYFINAL  14
/* YYLAST -- Last index in YYTABLE.  */
#define YYLAST   3538

/* YYNTOKENS -- Number of terminals.  */
#define YYNTOKENS  112
/* YYNNTS -- Number of nonterminals.  */
#define YYNNTS  88
/* YYNRULES -- Number of rules.  */
#define YYNRULES  280
/* YYNSTATES -- Number of states.  */
#define YYNSTATES  564

/* YYTRANSLATE[YYX] -- Symbol number corresponding to YYX as returned
   by yylex, with out-of-bounds checking.  */
#define YYUNDEFTOK  2
#define YYMAXUTOK   344

#define YYTRANSLATE(YYX)                                                \
  ((unsigned int) (YYX) <= YYMAXUTOK ? yytranslate[YYX] : YYUNDEFTOK)

/* YYTRANSLATE[TOKEN-NUM] -- Symbol number corresponding to TOKEN-NUM
   as returned by yylex, without out-of-bounds checking.  */
static const yytype_uint8 yytranslate[] =
{
       0,     2,     2,     2,     2,     2,     2,     2,     2,     2,
       2,     2,     2,     2,     2,     2,     2,     2,     2,     2,
       2,     2,     2,     2,     2,     2,     2,     2,     2,     2,
       2,     2,     2,    94,     2,     2,   109,    16,    17,     2,
     107,   106,   110,    14,    83,    13,    19,   111,     2,     2,
       2,     2,     2,     2,     2,     2,     2,     2,    86,   108,
       2,    18,     2,    85,    15,     2,     2,     2,     2,     2,
       2,     2,     2,     2,     2,     2,     2,     2,     2,     2,
       2,     2,     2,     2,     2,     2,     2,     2,     2,     2,
       2,    11,     2,    12,     2,     2,     2,     2,     2,     2,
       2,     2,     2,     2,     2,     2,     2,     2,     2,     2,
       2,     2,     2,     2,     2,     2,     2,     2,     2,     2,
       2,     2,     2,     9,     2,    10,    95,     2,     2,     2,
       2,     2,     2,     2,     2,     2,     2,     2,     2,     2,
       2,     2,     2,     2,     2,     2,     2,     2,     2,     2,
       2,     2,     2,     2,     2,     2,     2,     2,     2,     2,
       2,     2,     2,     2,     2,     2,     2,     2,     2,     2,
       2,     2,     2,     2,     2,     2,     2,     2,     2,     2,
       2,     2,     2,     2,     2,     2,     2,     2,     2,     2,
       2,     2,     2,     2,     2,     2,     2,     2,     2,     2,
       2,     2,     2,     2,     2,     2,     2,     2,     2,     2,
       2,     2,     2,     2,     2,     2,     2,     2,     2,     2,
       2,     2,     2,     2,     2,     2,     2,     2,     2,     2,
       2,     2,     2,     2,     2,     2,     2,     2,     2,     2,
       2,     2,     2,     2,     2,     2,     2,     2,     2,     2,
       2,     2,     2,     2,     2,     2,     1,     2,     3,     4,
       5,     6,     7,     8,    20,    21,    22,    23,    24,    25,
      26,    27,    28,    29,    30,    31,    32,    33,    34,    35,
      36,    37,    38,    39,    40,    41,    42,    43,    44,    45,
      46,    47,    48,    49,    50,    51,    52,    53,    54,    55,
      56,    57,    58,    59,    60,    61,    62,    63,    64,    65,
      66,    67,    68,    69,    70,    71,    72,    73,    74,    75,
      76,    77,    78,    79,    80,    81,    82,    84,    87,    88,
      89,    90,    91,    92,    93,    96,    97,    98,    99,   100,
     101,   102,   103,   104,   105
};

#if YYDEBUG
  /* YYRLINE[YYN] -- Source line where rule number YYN was defined.  */
static const yytype_uint16 yyrline[] =
{
       0,   118,   118,   117,   129,   128,   139,   138,   152,   151,
     165,   164,   178,   177,   190,   198,   206,   210,   218,   224,
     225,   235,   236,   245,   249,   253,   257,   264,   266,   277,
     276,   311,   310,   355,   354,   379,   387,   386,   396,   402,
     408,   419,   421,   423,   430,   438,   440,   437,   458,   457,
     465,   464,   473,   472,   482,   490,   497,   496,   504,   511,
     510,   526,   525,   536,   540,   548,   566,   567,   572,   574,
     576,   578,   580,   582,   584,   587,   593,   594,   599,   610,
     611,   617,   623,   624,   629,   632,   636,   641,   645,   649,
     650,   653,   654,   655,   659,   664,   669,   674,   675,   680,
     681,   686,   687,   689,   694,   696,   703,   702,   725,   726,
     730,   732,   734,   736,   740,   742,   747,   751,   755,   759,
     765,   770,   776,   782,   784,   787,   786,   797,   798,   802,
     806,   809,   814,   819,   822,   826,   830,   833,   838,   842,
     845,   847,   849,   854,   856,   858,   863,   868,   870,   872,
     874,   876,   878,   880,   882,   884,   886,   888,   893,   895,
     898,   900,   902,   905,   908,   919,   922,   925,   932,   934,
     936,   938,   940,   943,   962,   964,   968,   969,   970,   971,
     972,   974,   976,   978,   980,   982,   984,   986,   988,   990,
     992,   994,   996,   998,  1000,  1010,  1020,  1030,  1040,  1042,
    1044,  1047,  1052,  1056,  1058,  1060,  1062,  1065,  1067,  1070,
    1072,  1074,  1076,  1078,  1080,  1082,  1084,  1086,  1089,  1091,
    1093,  1095,  1097,  1099,  1103,  1106,  1105,  1119,  1120,  1121,
    1126,  1130,  1132,  1134,  1136,  1138,  1143,  1145,  1148,  1150,
    1152,  1154,  1160,  1162,  1164,  1166,  1171,  1173,  1178,  1179,
    1184,  1185,  1189,  1192,  1191,  1199,  1203,  1204,  1205,  1208,
    1209,  1212,  1213,  1216,  1220,  1224,  1230,  1259,  1265,  1267,
    1271,  1275,  1276,  1280,  1281,  1285,  1286,  1291,  1293,  1295,
    1298
};
#endif

#if YYDEBUG || YYERROR_VERBOSE || 0
/* YYTNAME[SYMBOL-NUM] -- String name of the symbol SYMBOL-NUM.
   First, the terminals, then, starting at YYNTOKENS, nonterminals.  */
static const char *const yytname[] =
{
  "$end", "error", "$undefined", "GRAMPROG", "GRAMEXPR", "GRAMBLOCK",
  "GRAMBARESTMT", "GRAMFULLSTMT", "GRAMSTMTSEQ", "'{'", "'}'", "'['",
  "']'", "'-'", "'+'", "'@'", "'%'", "'&'", "'='", "'.'", "BAREWORD",
  "METHOD", "FUNCMETH", "THING", "PMFUNC", "PRIVATEREF", "QWLIST",
  "FUNC0OP", "FUNC0SUB", "UNIOPSUB", "LSTOPSUB", "PLUGEXPR", "PLUGSTMT",
  "CLASSDECL", "LABEL", "FORMAT", "SUB", "METHDECL", "MULTIDECL",
  "ANONSUB", "EXTERNSUB", "PACKAGE", "USE", "WHILE", "UNTIL", "IF",
  "UNLESS", "ELSE", "ELSIF", "CONTINUE", "FOR", "GIVEN", "WHEN", "DEFAULT",
  "LOOPEX", "DOTDOT", "YADAYADA", "FUNC0", "FUNC1", "FUNC", "UNIOP",
  "LSTOP", "RELOP", "EQOP", "MULOP", "UNIMULOP", "ADDOP", "DOLSHARP", "DO",
  "HASHBRACK", "NOAMP", "LOCAL", "MY", "HAS", "REQUIRE", "COLONATTR",
  "FORMLBRACK", "FORMRBRACK", "PREC_LOW", "OROP", "DOROP", "ANDOP",
  "NOTOP", "','", "ASSIGNOP", "'?'", "':'", "OROR", "DORDOR", "ANDAND",
  "BITOROP", "BITANDOP", "SHIFTOP", "MATCHOP", "'!'", "'~'", "UMINUS",
  "REFGEN", "POWOP", "POWCOP", "PREINC", "PREDEC", "POSTINC", "POSTDEC",
  "POSTJOIN", "ARROW", "')'", "'('", "';'", "'$'", "'*'", "'/'", "$accept",
  "grammar", "@1", "@2", "@3", "@4", "@5", "@6", "block", "formblock",
  "remember", "mblock", "mremember", "stmtseq", "formstmtseq", "fullstmt",
  "labfullstmt", "barestmt", "$@7", "$@8", "$@9", "$@10", "$@11", "$@12",
  "$@13", "$@14", "@15", "$@16", "$@17", "$@18", "formline", "formarg",
  "sideff", "else", "cont", "mintro", "nexpr", "texpr", "iexpr", "mexpr",
  "mnexpr", "formname", "subdecl", "startsub", "startanonsub",
  "startformsub", "subname", "proto", "subattrlist", "myattrlist",
  "subsignature", "@19", "optsubbody", "expr", "listexpr", "listop", "@20",
  "method", "subscripted", "termbinop", "termunop", "anonymous", "termdo",
  "term", "@21", "myattrterm", "myterm", "hasterm", "optlistexpr",
  "optexpr", "optrepl", "lpar_or_qw", "$@22", "my_scalar", "my_var",
  "refgen_topic", "my_refgen", "amper", "scalar", "ary", "sizearydecl",
  "hsh", "arylen", "star", "sliceme", "kvslice", "gelem", "indirob", YY_NULLPTR
};
#endif

# ifdef YYPRINT
/* YYTOKNUM[NUM] -- (External) token number corresponding to the
   (internal) symbol number NUM (which must be that of a token).  */
static const yytype_uint16 yytoknum[] =
{
       0,   256,   257,   258,   259,   260,   261,   262,   263,   123,
     125,    91,    93,    45,    43,    64,    37,    38,    61,    46,
     264,   265,   266,   267,   268,   269,   270,   271,   272,   273,
     274,   275,   276,   277,   278,   279,   280,   281,   282,   283,
     284,   285,   286,   287,   288,   289,   290,   291,   292,   293,
     294,   295,   296,   297,   298,   299,   300,   301,   302,   303,
     304,   305,   306,   307,   308,   309,   310,   311,   312,   313,
     314,   315,   316,   317,   318,   319,   320,   321,   322,   323,
     324,   325,   326,    44,   327,    63,    58,   328,   329,   330,
     331,   332,   333,   334,    33,   126,   335,   336,   337,   338,
     339,   340,   341,   342,   343,   344,    41,    40,    59,    36,
      42,    47
};
# endif

#define YYPACT_NINF -456

#define yypact_value_is_default(Yystate) \
  (!!((Yystate) == (-456)))

#define YYTABLE_NINF -276

#define yytable_value_is_error(Yytable_value) \
  (!!((Yytable_value) == (-276)))

  /* YYPACT[STATE-NUM] -- Index in YYTABLE of the portion describing
     STATE-NUM.  */
static const yytype_int16 yypact[] =
{
     709,  -456,  -456,  -456,  -456,  -456,  -456,    21,  -456,  3194,
      39,  1730,  1628,  -456,  -456,  -456,  2294,  3194,  3194,    49,
      49,    49,  -456,    49,    49,  -456,  -456,    53,   -75,  -456,
    3194,  -456,  -456,  -456,  3194,  -456,   -39,   -26,    -3,  2194,
    2092,    49,  2194,  2394,    30,  3194,    55,    26,  3194,  3194,
    3194,  3194,  3194,  3194,  3194,  2494,    49,    49,   215,   -10,
    -456,    20,  -456,  -456,  -456,  -456,  3343,  -456,  -456,     1,
      75,   119,   182,  -456,    67,   200,   233,   115,  -456,  -456,
    -456,  -456,   120,  -456,  -456,  -456,  -456,    30,   114,  -456,
      56,    59,    72,    77,   207,   118,   128,    39,  -456,   106,
    -456,   108,    30,   536,  1628,  -456,  -456,  -456,   710,   812,
    -456,   109,   276,   276,  -456,  -456,  -456,  -456,  -456,  -456,
    -456,  3194,   132,   140,  3194,    70,   394,    39,     7,  3343,
     116,  2594,  2092,  -456,   394,   547,   -10,  -456,   465,  3194,
    -456,  -456,   394,   240,   133,  -456,  -456,  3194,   394,    69,
    3294,  2694,   187,  -456,  -456,  -456,  -456,   187,  -456,  -456,
    -456,  -456,   394,   -10,   276,   276,   276,   242,   242,   253,
      80,  -456,  -456,  3194,  3194,  3194,  3194,  3194,  3194,  2794,
    3194,  3194,  3194,  3194,  3194,  3194,  3194,  3194,  3194,  3194,
    3194,  3194,  3194,  3194,  3194,  3194,  -456,  -456,  -456,  -456,
     166,  2894,  3194,  3194,  3194,  3194,  3194,  3194,  3194,  -456,
    -456,   254,  -456,   258,  -456,  -456,  -456,  -456,  -456,   172,
      23,  -456,   259,  -456,    10,  -456,  -456,  -456,    39,  -456,
    -456,  -456,  3194,  3194,  3194,  3194,  3194,  3194,  -456,  -456,
    -456,  -456,  -456,  3194,  3194,   125,  -456,  -456,  -456,   179,
     212,  -456,  -456,   372,   185,  3194,   -10,  -456,   287,  -456,
     289,  2994,   276,   187,    48,    68,    79,  -456,   459,   275,
    -456,  -456,  3194,   297,   230,   230,  -456,  3343,   323,   139,
    -456,   515,  3433,  2379,  2179,   261,  -456,  1770,  3343,   599,
    1817,  1817,  1983,  2077,  2279,   577,   276,   276,  3194,  3194,
     202,   221,   224,  -456,   232,  3094,    47,   239,   210,  -456,
    -456,   588,   356,   191,   359,   203,   392,   209,   404,   914,
    -456,  -456,   301,  -456,    -2,   312,  3194,  3194,  3194,  3194,
    -456,   241,  -456,  -456,   245,  -456,  -456,  -456,  -456,  1831,
    -456,    38,  -456,  -456,  -456,  3194,  3194,  -456,   246,   215,
    -456,   215,   215,   215,   215,   215,   251,   -31,  -456,  3194,
    -456,   212,   332,    39,  -456,  -456,   593,  -456,   335,    22,
     693,  -456,  -456,  -456,   222,  3194,   351,  -456,  -456,  3194,
     481,   249,  -456,  -456,  -456,  -456,  -456,   708,  -456,  -456,
    3194,  -456,   352,  -456,   358,  -456,   360,  -456,   361,  -456,
    -456,  -456,  -456,   179,  -456,  -456,   353,   266,   215,   270,
     271,   215,   277,    10,  -456,  -456,  -456,  -456,   299,   308,
     369,   400,  -456,   310,  3194,   314,   317,   402,  -456,  -456,
    3194,   320,  -456,   324,   420,  -456,  -456,  -456,   429,    36,
    -456,   256,  -456,  3388,   422,  -456,  -456,   336,  -456,  -456,
    -456,  -456,  1016,   337,   212,  -456,  3194,  -456,  -456,   400,
     400,  3194,  3194,   400,  -456,  -456,   106,   339,  -456,   341,
     400,   400,   212,   179,   215,  -456,  -456,  -456,  -456,  -456,
    -456,  -456,  -456,   377,   349,  -456,   355,   400,   400,   205,
     205,   362,   363,   106,  3194,  -456,  -456,  3194,  -456,  -456,
    -456,    11,   212,  1118,  -456,  -456,  1220,  -456,   106,   106,
     400,   354,  -456,  -456,  -456,   400,  -456,   371,  1322,   376,
     400,  -456,  -456,  -456,   457,  -456,    -1,  -456,  -456,  -456,
    -456,  3194,   400,   106,  -456,  -456,   400,   106,  -456,   413,
     471,  -456,   388,   106,  -456,  -456,   106,  -456,  1424,  -456,
    -456,  -456,   400,  -456,  1932,  -456,  -456,  1526,   205,   389,
    -456,  -456,   400,  -456
};

  /* YYDEFACT[STATE-NUM] -- Default reduction number in state STATE-NUM.
     Performed when YYTABLE does not specify something else to do.  Zero
     means the default is an error.  */
static const yytype_uint16 yydefact[] =
{
       0,     2,     4,     6,     8,    10,    12,     0,    16,   248,
       0,     0,     0,    19,     1,    19,     0,     0,     0,     0,
       0,     0,   227,     0,     0,   198,   225,   186,   220,   222,
     216,    95,   230,    95,   208,   229,   218,     0,     0,   211,
     246,     0,     0,     0,     0,     0,     0,     0,   214,     0,
       0,     0,     0,     0,     0,     0,     0,     0,   249,   113,
     228,   193,   176,   177,   178,   179,   116,   183,     5,   199,
     188,   191,   190,   192,   189,     0,     0,     0,    16,     7,
      68,    27,     0,    96,    91,    92,    93,     0,     0,    94,
       0,     0,     0,     0,    16,     0,     0,     0,    64,    79,
       9,     0,     0,    69,     0,    11,    24,    23,     0,     0,
     169,     0,   158,   159,   277,   280,   279,   278,   265,   267,
     263,   246,     0,     0,     0,     0,   217,     0,    99,   209,
       0,     0,   248,   212,   213,   277,   247,   123,   278,     0,
     268,   175,   174,     0,     0,    97,    98,   246,   184,     0,
       0,     0,   232,   238,   241,   240,   239,   234,   242,   245,
     244,   243,   215,   210,   160,   161,   181,   166,   167,   187,
       0,   264,   270,     0,     0,     0,   114,     0,     0,     0,
       0,     0,     0,     0,     0,     0,     0,     0,     0,     0,
       0,     0,     0,     0,     0,     0,   165,   162,   163,   164,
       0,     0,     0,     0,     0,     0,     0,     0,     0,    19,
      16,    90,    94,     0,    36,    16,    16,    16,    16,    16,
       0,    16,     0,    16,     0,    16,    16,    42,     0,    58,
      63,    94,     0,     0,     0,     0,     0,     0,    26,    25,
      20,   168,   121,   248,     0,     0,   221,   125,   100,     0,
     101,   219,   223,     0,     0,     0,   117,   171,     0,   202,
     280,     0,   182,     0,   188,   191,   190,   237,     0,   105,
     231,   233,     0,   185,   111,   112,   110,   115,     0,     0,
     139,     0,   153,   149,   150,   145,   146,   147,   143,     0,
     155,   156,   154,   152,   151,   148,   157,   144,     0,     0,
     272,   274,     0,   127,     0,     0,     0,   276,   120,   128,
     200,     0,     0,     0,     0,     0,     0,     0,     0,     0,
      61,    89,     0,    33,     0,     0,    84,     0,     0,     0,
     261,     0,   262,   259,     0,   260,   256,   257,   258,     0,
      56,     0,   253,   252,    16,     0,     0,    80,    29,    72,
      73,    86,    70,    71,    74,    75,     0,   250,   141,   246,
     106,   101,   103,     0,   224,   124,     0,   170,     0,   187,
       0,   235,   236,   104,     0,     0,     0,   132,   138,     0,
       0,     0,   204,   205,   206,   269,   136,     0,   203,   207,
     248,   201,     0,   130,     0,   194,     0,   195,     0,    14,
      19,    16,    28,     0,    16,    35,     0,     0,    85,     0,
       0,    87,     0,     0,   255,    16,    83,    88,     0,     0,
      69,     0,    52,     0,     0,     0,     0,    99,    16,   122,
       0,     0,   126,     0,     0,   102,   172,   118,     0,   185,
     142,     0,   135,   180,     0,   131,   137,     0,   133,   196,
     197,   129,     0,     0,   101,    59,   246,    81,    81,     0,
       0,     0,     0,     0,    45,    18,    79,     0,   254,     0,
       0,     0,   101,     0,   251,   226,   107,    19,   266,   140,
     134,   119,    62,     0,     0,    19,     0,     0,     0,    76,
      76,     0,     0,    79,    84,    19,    57,     0,    50,    40,
      41,     0,   101,     0,    21,    34,     0,    37,    79,    79,
       0,     0,    38,    39,    48,     0,    55,     0,     0,     0,
       0,   109,   108,    30,     0,   173,     0,    60,    43,    44,
      77,     0,     0,    79,    46,    17,     0,    79,    19,    66,
       0,    22,     0,    79,    54,    81,    79,    51,     0,    19,
      65,    15,     0,    49,     0,    53,    32,     0,    76,     0,
      67,    78,     0,    47
};

  /* YYPGOTO[NTERM-NUM].  */
static const yytype_int16 yypgoto[] =
{
    -456,  -456,  -456,  -456,  -456,  -456,  -456,  -456,     4,  -456,
     -77,  1548,  -456,   -15,  -456,   489,   398,     5,  -456,  -456,
    -456,  -456,  -456,  -456,  -456,  -456,  -456,  -456,  -456,  -456,
    -456,  -456,  -337,  -455,  -228,  -445,  -456,     9,   177,  -254,
     -48,  -456,  -456,  -119,   474,  -456,    78,    86,  -352,  -153,
    -377,  -456,  -456,    -6,   -34,  -456,  -456,  -456,  -456,  -456,
    -456,  -456,  -456,   206,  -456,  -456,   364,  -456,  -113,  -127,
    -456,   103,  -456,  -456,   180,  -456,  -456,   298,   387,   -35,
     475,   -28,  -456,  -456,  -456,  -456,  -456,    42
};

  /* YYDEFGOTO[NTERM-NUM].  */
static const yytype_int16 yydefgoto[] =
{
      -1,     7,     8,     9,    10,    11,    12,    13,    99,   402,
      15,   466,   495,   108,   526,   240,   106,   107,   427,   428,
     403,   325,   494,   545,   532,   520,   467,   421,   485,   400,
     541,   550,   101,   512,   229,   487,   417,   407,   350,   410,
     419,   322,   102,   214,   127,   211,   147,   250,   363,   270,
     361,   433,   523,   103,    59,    60,   359,   308,    61,    62,
      63,    64,    65,    66,   123,    67,   152,   157,   137,    68,
     431,   344,   423,   413,   333,   334,   223,    69,    70,    71,
     155,    72,    73,    74,    75,    76,    77,   118
};

  /* YYTABLE[YYPACT[STATE-NUM]] -- What to do in state STATE-NUM.  If
     positive, shift that token.  If negative, reduce the rule whose
     number is the opposite.  If YYTABLE_NINF, syntax error.  */
static const yytype_int16 yytable[] =
{
     109,   209,   416,    58,   271,   254,   136,   404,   242,   434,
     111,   154,   159,   488,    79,   163,   100,   222,   156,   161,
      78,    14,   539,   116,   116,   116,   454,   116,   116,   177,
     248,   178,   125,   272,   259,   513,   342,   144,    19,    20,
      21,   149,    20,   133,   116,   116,   141,   375,    78,   170,
     145,   249,   176,    19,    20,   146,    78,   202,    78,   203,
     116,   116,   119,   120,   124,   121,   122,   114,   130,   114,
     149,    20,   115,   176,   115,   412,  -275,  -271,    78,  -271,
     430,   131,   139,   140,   202,   418,   203,   136,  -273,   114,
    -273,   425,   426,   323,   260,   332,   502,  -237,   171,   172,
     554,   227,   484,   561,   132,   256,   405,   540,   201,   239,
     371,  -236,   348,   136,   -16,   265,   356,   343,   245,   521,
     501,   241,   266,  -238,   208,   253,    58,   179,  -271,   210,
    -271,   247,    56,   320,   213,    56,   116,   358,   326,   327,
     328,   329,   331,  -241,   339,   268,   341,    56,   345,   346,
     524,   377,   150,   116,  -239,   228,    56,   388,    56,   173,
     174,   175,   151,   215,    56,   212,   216,   274,   275,   276,
     469,   278,   279,   281,   255,   298,   246,   299,    56,   217,
     231,   300,   301,   302,   218,   337,   273,   303,   173,   174,
     175,  -273,   338,  -273,   319,   311,   312,   313,   314,   315,
     316,   317,   318,   393,   173,   174,   175,   491,   492,   204,
     357,   205,   173,   174,   175,   395,   230,   416,   173,   174,
     175,   397,   251,   112,   113,   225,   349,   351,   352,   353,
     354,   355,   347,   304,   440,   226,   126,    58,   496,   243,
     129,   258,   206,   519,   207,   134,   432,   244,   142,   366,
     257,   148,   510,   511,   162,   370,   164,   165,   166,   167,
     168,   445,   269,   447,   272,   516,   374,   424,   479,   330,
     173,   174,   175,   305,   321,   306,   307,   542,   324,   219,
     528,   529,   173,   174,   175,   340,   360,   362,   173,   174,
     175,   365,   380,   381,   173,   174,   175,   367,   373,   387,
     368,   173,   174,   175,   220,   544,   337,   184,   375,   547,
     116,   175,   382,   338,   221,   553,    56,   390,   555,   401,
     408,   351,   411,   411,   453,   136,   184,   455,   173,   174,
     175,   383,   406,   420,   384,   173,   174,   175,   462,   411,
     411,   184,   385,   486,  -276,  -276,  -276,   200,   171,   389,
      56,   473,   415,   -31,   194,   435,   262,   429,   438,   195,
     196,   442,   448,   197,   198,   199,   200,   436,   449,   441,
     450,   451,   457,   456,   195,   196,   458,   459,   197,   198,
     199,   200,   277,   460,    58,   452,   282,   283,   284,   285,
     286,   287,   288,   289,   290,   291,   292,   293,   294,   295,
     296,   297,   173,   174,   175,   463,   117,   117,   117,   465,
     117,   117,   232,   233,   234,   235,   464,   468,   411,   236,
     470,   237,   136,   471,   474,   248,   475,   138,   117,   477,
     476,   376,   480,   153,   158,   173,   174,   175,   173,   174,
     175,   478,   481,   117,   117,   483,   497,   498,   173,   174,
     175,   173,   174,   175,   504,   411,   411,   505,   183,   184,
     185,   531,   503,   507,   392,  -188,   538,   394,   514,   515,
     506,   173,   174,   175,   202,   -87,   203,  -188,   364,   534,
     518,   224,   536,   173,   174,   175,   193,   194,   408,   549,
     551,   411,   195,   196,   552,   562,   197,   198,   199,   200,
     396,   105,   238,   517,   409,   522,   559,   128,  -188,  -188,
    -188,  -188,   398,   472,   263,  -188,   461,  -188,   335,   138,
    -188,   422,   160,   548,     0,   411,     0,  -188,  -188,  -188,
    -188,  -188,     0,     0,   557,     0,   117,   264,   173,   174,
     175,     0,     0,     0,  -188,  -188,  -188,  -227,  -188,  -188,
    -188,  -188,  -188,  -188,  -188,  -188,  -188,  -188,  -188,  -227,
     173,   174,   175,  -188,  -188,   372,     0,  -188,  -188,  -188,
    -188,  -188,     0,  -188,     0,     0,  -188,     0,     0,   232,
     233,   234,   235,     0,     0,   443,   236,   309,   237,   444,
    -227,  -227,  -227,  -227,   173,   174,   175,  -227,     0,  -227,
       0,     0,  -227,     0,     0,     0,     0,   336,     0,  -227,
    -227,  -227,  -227,  -227,     0,   173,   174,   175,     0,     0,
       0,   378,     0,     0,     0,     0,  -227,  -227,  -227,     0,
    -227,  -227,  -227,  -227,  -227,  -227,  -227,  -227,  -227,  -227,
    -227,   183,   184,   185,     0,  -227,  -227,     0,     0,  -227,
    -227,  -227,  -227,  -227,   180,  -227,     0,     0,  -227,     0,
       0,   181,   182,   183,   184,   185,     0,   173,   174,   175,
     194,     0,   173,   174,   175,   195,   196,     0,     0,   197,
     198,   199,   200,   186,   187,   379,   188,   189,   190,   191,
     192,   193,   194,   117,   391,     0,     0,   195,   196,   437,
       0,   197,   198,   199,   200,     0,     0,     0,     0,     0,
     -13,    80,     1,     2,     3,     4,     5,     6,   414,    78,
       0,    16,     0,    17,    18,    19,    20,    21,   336,     0,
      22,    23,    24,    25,    26,     0,    27,    28,    29,    30,
      31,    32,    81,    82,   104,    83,    84,    85,    86,    33,
      87,    88,    89,    90,    91,    92,    93,     0,     0,     0,
      94,    95,    96,    97,    34,     0,    35,    36,    37,    38,
      39,    40,   173,   174,   175,     0,     0,    41,    42,    43,
      44,    45,    46,    47,    48,     0,     0,   173,   174,   175,
       0,     0,    49,     0,     0,     0,     0,     0,     0,   439,
       0,     0,     0,     0,    50,    51,     0,    52,     0,     0,
      53,    54,    -3,    80,   446,     0,     0,    55,    98,    56,
      57,    78,     0,    16,     0,    17,    18,    19,    20,    21,
       0,     0,    22,    23,    24,    25,    26,     0,    27,    28,
      29,    30,    31,    32,    81,    82,   104,    83,    84,    85,
      86,    33,    87,    88,    89,    90,    91,    92,    93,     0,
       0,     0,    94,    95,    96,    97,    34,     0,    35,    36,
      37,    38,    39,    40,     0,     0,     0,     0,     0,    41,
      42,    43,    44,    45,    46,    47,    48,     0,     0,     0,
       0,     0,     0,     0,    49,     0,     0,     0,     0,     0,
       0,     0,     0,     0,     0,     0,    50,    51,     0,    52,
       0,     0,    53,    54,     0,    80,     0,     0,     0,    55,
      98,    56,    57,    78,   399,    16,     0,    17,    18,    19,
      20,    21,     0,     0,    22,    23,    24,    25,    26,     0,
      27,    28,    29,    30,    31,    32,    81,    82,   104,    83,
      84,    85,    86,    33,    87,    88,    89,    90,    91,    92,
      93,     0,     0,     0,    94,    95,    96,    97,    34,     0,
      35,    36,    37,    38,    39,    40,     0,     0,     0,     0,
       0,    41,    42,    43,    44,    45,    46,    47,    48,     0,
       0,     0,     0,     0,     0,     0,    49,     0,     0,     0,
       0,     0,     0,     0,     0,     0,     0,     0,    50,    51,
       0,    52,     0,     0,    53,    54,     0,    80,     0,     0,
       0,    55,    98,    56,    57,    78,   482,    16,     0,    17,
      18,    19,    20,    21,     0,     0,    22,    23,    24,    25,
      26,     0,    27,    28,    29,    30,    31,    32,    81,    82,
     104,    83,    84,    85,    86,    33,    87,    88,    89,    90,
      91,    92,    93,     0,     0,     0,    94,    95,    96,    97,
      34,     0,    35,    36,    37,    38,    39,    40,     0,     0,
       0,     0,     0,    41,    42,    43,    44,    45,    46,    47,
      48,     0,     0,     0,     0,     0,     0,     0,    49,     0,
       0,     0,     0,     0,     0,     0,     0,     0,     0,     0,
      50,    51,     0,    52,     0,     0,    53,    54,     0,    80,
       0,     0,     0,    55,    98,    56,    57,    78,   525,    16,
       0,    17,    18,    19,    20,    21,     0,     0,    22,    23,
      24,    25,    26,     0,    27,    28,    29,    30,    31,    32,
      81,    82,   104,    83,    84,    85,    86,    33,    87,    88,
      89,    90,    91,    92,    93,     0,     0,     0,    94,    95,
      96,    97,    34,     0,    35,    36,    37,    38,    39,    40,
       0,     0,     0,     0,     0,    41,    42,    43,    44,    45,
      46,    47,    48,     0,     0,     0,     0,     0,     0,     0,
      49,     0,     0,     0,     0,     0,     0,     0,     0,     0,
       0,     0,    50,    51,     0,    52,     0,     0,    53,    54,
       0,    80,     0,     0,     0,    55,    98,    56,    57,    78,
     527,    16,     0,    17,    18,    19,    20,    21,     0,     0,
      22,    23,    24,    25,    26,     0,    27,    28,    29,    30,
      31,    32,    81,    82,   104,    83,    84,    85,    86,    33,
      87,    88,    89,    90,    91,    92,    93,     0,     0,     0,
      94,    95,    96,    97,    34,     0,    35,    36,    37,    38,
      39,    40,     0,     0,     0,     0,     0,    41,    42,    43,
      44,    45,    46,    47,    48,     0,     0,     0,     0,     0,
       0,     0,    49,     0,     0,     0,     0,     0,     0,     0,
       0,     0,     0,     0,    50,    51,     0,    52,     0,     0,
      53,    54,     0,    80,     0,     0,     0,    55,    98,    56,
      57,    78,   535,    16,     0,    17,    18,    19,    20,    21,
       0,     0,    22,    23,    24,    25,    26,     0,    27,    28,
      29,    30,    31,    32,    81,    82,   104,    83,    84,    85,
      86,    33,    87,    88,    89,    90,    91,    92,    93,     0,
       0,     0,    94,    95,    96,    97,    34,     0,    35,    36,
      37,    38,    39,    40,     0,     0,     0,     0,     0,    41,
      42,    43,    44,    45,    46,    47,    48,     0,     0,     0,
       0,     0,     0,     0,    49,     0,     0,     0,     0,     0,
       0,     0,     0,     0,     0,     0,    50,    51,     0,    52,
       0,     0,    53,    54,     0,    80,     0,     0,     0,    55,
      98,    56,    57,    78,   556,    16,     0,    17,    18,    19,
      20,    21,     0,     0,    22,    23,    24,    25,    26,     0,
      27,    28,    29,    30,    31,    32,    81,    82,   104,    83,
      84,    85,    86,    33,    87,    88,    89,    90,    91,    92,
      93,     0,     0,     0,    94,    95,    96,    97,    34,     0,
      35,    36,    37,    38,    39,    40,     0,     0,     0,     0,
       0,    41,    42,    43,    44,    45,    46,    47,    48,     0,
       0,     0,     0,     0,     0,     0,    49,     0,     0,     0,
       0,     0,     0,     0,     0,     0,     0,     0,    50,    51,
       0,    52,     0,     0,    53,    54,     0,    80,     0,     0,
       0,    55,    98,    56,    57,    78,     0,    16,     0,    17,
      18,    19,    20,    21,     0,     0,    22,    23,    24,    25,
      26,     0,    27,    28,    29,    30,    31,    32,    81,    82,
     104,    83,    84,    85,    86,    33,    87,    88,    89,    90,
      91,    92,    93,     0,     0,     0,    94,    95,    96,    97,
      34,     0,    35,    36,    37,    38,    39,    40,     0,     0,
       0,     0,     0,    41,    42,    43,    44,    45,    46,    47,
      48,     0,     0,   560,     0,     0,     0,     0,    49,     0,
       0,     0,     0,     0,     0,     0,     0,     0,     0,     0,
      50,    51,     0,    52,     0,     0,    53,    54,     0,    80,
       0,     0,     0,    55,    98,    56,    57,    78,     0,    16,
       0,    17,    18,    19,    20,    21,     0,     0,    22,    23,
      24,    25,    26,     0,    27,    28,    29,    30,    31,    32,
      81,    82,   104,    83,    84,    85,    86,    33,    87,    88,
      89,    90,    91,    92,    93,     0,     0,     0,    94,    95,
      96,    97,    34,     0,    35,    36,    37,    38,    39,    40,
       0,     0,     0,     0,     0,    41,    42,    43,    44,    45,
      46,    47,    48,     0,     0,     0,     0,     0,     0,     0,
      49,     0,     0,     0,     0,     0,     0,     0,     0,     0,
       0,     0,    50,    51,     0,    52,     0,     0,    53,    54,
       0,    80,     0,     0,     0,    55,    98,    56,    57,    78,
       0,    16,     0,    17,    18,    19,    20,    21,     0,     0,
      22,    23,    24,    25,    26,     0,    27,    28,    29,    30,
      31,    32,    81,    82,     0,    83,    84,    85,    86,    33,
      87,    88,    89,    90,    91,    92,    93,     0,     0,     0,
      94,    95,    96,    97,    34,     0,    35,    36,    37,    38,
      39,    40,     0,     0,     0,     0,     0,    41,    42,    43,
      44,    45,    46,    47,    48,     0,     0,     0,     0,     0,
       0,     0,    49,     0,     0,     0,     0,     0,     0,     0,
       0,     0,     0,     0,    50,    51,     0,    52,     0,     0,
      53,    54,    80,     0,   183,   184,     0,    55,    98,    56,
      57,     0,    16,     0,    17,    18,    19,    20,    21,     0,
       0,    22,    23,    24,    25,    26,     0,    27,    28,    29,
      30,    31,    32,   194,     0,     0,     0,     0,   195,   196,
      33,     0,   197,   198,   199,   200,     0,     0,     0,   181,
     182,   183,   184,   185,     0,    34,     0,    35,    36,    37,
      38,    39,    40,     0,     0,     0,     0,     0,    41,    42,
      43,    44,    45,    46,    47,    48,   190,   191,   192,   193,
     194,     0,     0,    49,     0,   195,   196,     0,     0,   197,
     198,   199,   200,     0,     0,    50,    51,     0,    52,     0,
       0,    53,    54,    80,     0,     0,     0,     0,    55,   -82,
      56,    57,     0,    16,     0,    17,    18,    19,    20,    21,
       0,     0,    22,    23,    24,    25,    26,     0,    27,    28,
      29,    30,    31,    32,     0,     0,     0,     0,     0,     0,
       0,    33,     0,     0,     0,     0,     0,     0,     0,     0,
       0,     0,     0,     0,     0,     0,    34,     0,    35,    36,
      37,    38,    39,    40,     0,     0,     0,     0,     0,    41,
      42,    43,    44,    45,    46,    47,    48,   489,   490,     0,
       0,   493,     0,     0,    49,     0,     0,     0,   499,   500,
       0,     0,     0,     0,     0,     0,    50,    51,     0,    52,
       0,     0,    53,    54,     0,   508,   509,     0,   -82,    55,
       0,    56,    57,     0,     0,   181,   182,   183,   184,   185,
       0,     0,     0,     0,     0,     0,     0,     0,   530,     0,
       0,     0,     0,   533,     0,     0,     0,     0,   537,     0,
       0,     0,     0,   191,   192,   193,   194,     0,     0,     0,
     543,   195,   196,     0,   546,   197,   198,   199,   200,     0,
       0,     0,     0,     0,     0,     0,     0,     0,     0,     0,
     558,    78,     0,    16,     0,    17,    18,    19,    20,    21,
     563,     0,   135,    23,    24,    25,    26,   115,    27,    28,
      29,    30,    31,    32,     0,     0,     0,     0,     0,     0,
       0,    33,     0,     0,     0,     0,     0,     0,     0,   181,
     182,   183,   184,   185,     0,     0,    34,     0,    35,    36,
      37,    38,    39,    40,     0,     0,     0,     0,     0,    41,
      42,    43,    44,    45,    46,    47,    48,     0,   192,   193,
     194,     0,     0,     0,    49,   195,   196,     0,     0,   197,
     198,   199,   200,     0,     0,     0,    50,    51,     0,    52,
       0,     0,    53,    54,     0,     0,     0,     0,     0,    55,
       0,    56,    57,    78,     0,    16,     0,    17,    18,    19,
      20,    21,     0,     0,    22,    23,    24,    25,    26,     0,
      27,    28,    29,    30,    31,    32,     0,     0,     0,     0,
       0,     0,     0,    33,     0,     0,     0,     0,     0,     0,
       0,   181,  -276,   183,   184,   185,     0,     0,    34,     0,
      35,    36,    37,    38,    39,    40,     0,     0,     0,     0,
       0,    41,    42,    43,    44,    45,    46,    47,    48,     0,
       0,   193,   194,     0,     0,     0,    49,   195,   196,     0,
       0,   197,   198,   199,   200,     0,     0,     0,    50,    51,
       0,    52,     0,     0,    53,    54,     0,     0,     0,     0,
       0,    55,     0,    56,    57,    16,   110,    17,    18,    19,
      20,    21,     0,     0,    22,    23,    24,    25,    26,     0,
      27,    28,    29,    30,    31,    32,     0,     0,     0,     0,
       0,     0,     0,    33,     0,     0,     0,     0,     0,     0,
       0,   181,   182,   183,   184,   185,     0,     0,    34,     0,
      35,    36,    37,    38,    39,    40,     0,     0,     0,     0,
       0,    41,    42,    43,    44,    45,    46,    47,    48,     0,
       0,   193,   194,     0,     0,     0,    49,   195,   196,     0,
       0,   197,   198,   199,   200,     0,     0,     0,    50,    51,
       0,    52,     0,     0,    53,    54,     0,     0,     0,     0,
       0,    55,     0,    56,    57,    16,     0,    17,    18,    19,
      20,    21,     0,     0,    22,    23,    24,    25,    26,     0,
      27,    28,    29,    30,    31,    32,     0,     0,     0,     0,
       0,     0,     0,    33,     0,     0,     0,     0,     0,     0,
       0,  -276,     0,   183,   184,   185,     0,     0,    34,     0,
      35,    36,    37,    38,    39,    40,     0,     0,     0,     0,
       0,    41,    42,    43,    44,    45,    46,    47,    48,     0,
       0,   193,   194,     0,     0,     0,    49,   195,   196,     0,
       0,   197,   198,   199,   200,     0,     0,     0,    50,    51,
       0,    52,     0,     0,    53,    54,     0,     0,     0,     0,
       0,    55,   143,    56,    57,    16,     0,    17,    18,    19,
      20,    21,     0,     0,    22,    23,    24,    25,    26,     0,
      27,    28,    29,    30,    31,    32,     0,     0,     0,     0,
       0,     0,     0,    33,     0,     0,     0,     0,     0,     0,
       0,     0,     0,     0,     0,     0,     0,     0,    34,     0,
      35,    36,    37,    38,    39,    40,     0,     0,     0,     0,
       0,    41,    42,    43,    44,    45,    46,    47,    48,     0,
       0,     0,     0,     0,     0,     0,    49,     0,     0,     0,
       0,     0,     0,     0,     0,     0,     0,     0,    50,    51,
       0,    52,     0,     0,    53,    54,     0,     0,     0,     0,
     169,    55,     0,    56,    57,    16,     0,    17,    18,    19,
      20,    21,     0,     0,    22,    23,    24,    25,    26,     0,
      27,    28,    29,    30,    31,    32,     0,     0,     0,     0,
       0,     0,     0,    33,     0,     0,     0,     0,     0,     0,
       0,     0,     0,     0,     0,     0,     0,     0,    34,     0,
      35,    36,    37,    38,    39,    40,     0,     0,     0,     0,
       0,    41,    42,    43,    44,    45,    46,    47,    48,     0,
       0,     0,     0,     0,     0,     0,    49,     0,     0,     0,
       0,     0,     0,     0,     0,     0,     0,     0,    50,    51,
       0,    52,     0,     0,    53,    54,     0,     0,     0,     0,
     252,    55,     0,    56,    57,    16,     0,    17,    18,    19,
      20,    21,     0,     0,    22,    23,    24,    25,    26,     0,
      27,    28,    29,    30,    31,    32,     0,     0,     0,     0,
       0,     0,     0,    33,     0,     0,     0,     0,     0,     0,
       0,     0,     0,     0,     0,     0,     0,     0,    34,     0,
      35,    36,    37,    38,    39,    40,     0,     0,     0,     0,
       0,    41,    42,    43,    44,    45,    46,    47,    48,     0,
       0,     0,     0,     0,     0,     0,    49,     0,     0,     0,
       0,     0,     0,     0,     0,     0,     0,     0,    50,    51,
       0,    52,     0,     0,    53,    54,     0,     0,     0,     0,
     267,    55,     0,    56,    57,    16,     0,    17,    18,    19,
      20,    21,     0,     0,    22,    23,    24,    25,    26,     0,
      27,    28,    29,    30,    31,    32,     0,     0,     0,     0,
       0,     0,     0,    33,     0,     0,     0,     0,     0,     0,
       0,     0,     0,     0,     0,     0,     0,     0,    34,     0,
      35,    36,    37,    38,    39,    40,     0,     0,     0,     0,
       0,    41,    42,    43,    44,    45,    46,    47,    48,     0,
       0,     0,     0,     0,     0,     0,    49,     0,     0,     0,
       0,     0,     0,     0,     0,     0,     0,     0,    50,    51,
       0,    52,     0,     0,    53,    54,     0,     0,     0,     0,
     280,    55,     0,    56,    57,    16,     0,    17,    18,    19,
      20,    21,     0,     0,    22,    23,    24,    25,    26,     0,
      27,    28,    29,    30,    31,    32,     0,     0,     0,     0,
       0,     0,     0,    33,     0,     0,     0,     0,     0,     0,
       0,     0,     0,     0,     0,     0,     0,     0,    34,     0,
      35,    36,    37,    38,    39,    40,     0,     0,     0,     0,
       0,    41,    42,    43,    44,    45,    46,    47,    48,     0,
       0,     0,     0,     0,     0,     0,    49,     0,     0,     0,
       0,     0,     0,     0,     0,     0,     0,     0,    50,    51,
       0,    52,     0,     0,    53,    54,     0,     0,     0,     0,
     310,    55,     0,    56,    57,    16,     0,    17,    18,    19,
      20,    21,     0,     0,    22,    23,    24,    25,    26,     0,
      27,    28,    29,    30,    31,    32,     0,     0,     0,     0,
       0,     0,     0,    33,     0,     0,     0,     0,     0,     0,
       0,     0,     0,     0,     0,     0,     0,     0,    34,     0,
      35,    36,    37,    38,    39,    40,     0,     0,     0,     0,
       0,    41,    42,    43,    44,    45,    46,    47,    48,     0,
       0,     0,     0,     0,     0,     0,    49,     0,     0,     0,
       0,     0,     0,     0,     0,     0,     0,     0,    50,    51,
       0,    52,     0,     0,    53,    54,     0,     0,     0,     0,
     369,    55,     0,    56,    57,    16,     0,    17,    18,    19,
      20,    21,     0,     0,    22,    23,    24,    25,    26,     0,
      27,    28,    29,    30,    31,    32,     0,     0,     0,     0,
       0,     0,     0,    33,     0,     0,     0,     0,     0,     0,
       0,     0,     0,     0,     0,     0,     0,     0,    34,     0,
      35,    36,    37,    38,    39,    40,     0,     0,     0,     0,
       0,    41,    42,    43,    44,    45,    46,    47,    48,     0,
       0,     0,     0,     0,     0,     0,    49,     0,     0,     0,
       0,     0,     0,     0,     0,     0,     0,     0,    50,    51,
       0,    52,     0,     0,    53,    54,     0,     0,     0,     0,
     386,    55,     0,    56,    57,    16,     0,    17,    18,    19,
      20,    21,     0,     0,    22,    23,    24,    25,    26,     0,
      27,    28,    29,    30,    31,    32,     0,     0,     0,     0,
       0,     0,     0,    33,     0,     0,     0,     0,     0,     0,
       0,     0,     0,     0,     0,     0,     0,     0,    34,     0,
      35,    36,    37,    38,    39,    40,     0,     0,     0,     0,
       0,    41,    42,    43,    44,    45,    46,    47,    48,     0,
       0,     0,     0,     0,     0,     0,    49,     0,     0,     0,
       0,     0,     0,     0,     0,     0,     0,     0,    50,    51,
       0,    52,     0,     0,    53,    54,     0,     0,     0,     0,
       0,    55,     0,    56,    57,    16,     0,    17,    18,   149,
      20,    21,     0,     0,    22,    23,    24,    25,    26,     0,
      27,    28,    29,    30,    31,    32,     0,     0,     0,     0,
       0,     0,     0,    33,     0,     0,     0,     0,     0,     0,
       0,     0,     0,     0,     0,     0,     0,     0,    34,     0,
      35,    36,    37,    38,    39,    40,     0,     0,     0,     0,
       0,    41,    42,    43,    44,    45,    46,    47,    48,     0,
       0,     0,     0,     0,     0,     0,    49,     0,     0,     0,
       0,     0,     0,     0,     0,     0,     0,     0,    50,    51,
       0,    52,     0,     0,    53,    54,     0,     0,   180,     0,
       0,   261,     0,    56,    57,   181,   182,   183,   184,   185,
       0,     0,     0,     0,     0,     0,     0,     0,     0,     0,
       0,     0,     0,     0,     0,     0,     0,   186,   187,     0,
     188,   189,   190,   191,   192,   193,   194,     0,     0,     0,
       0,   195,   196,   180,     0,   197,   198,   199,   200,     0,
     181,   182,   183,   184,   185,     0,     0,     0,     0,     0,
       0,     0,     0,     0,     0,     0,     0,     0,     0,     0,
       0,     0,     0,   187,     0,   188,   189,   190,   191,   192,
     193,   194,     0,     0,     0,     0,   195,   196,  -276,     0,
     197,   198,   199,   200,     0,   181,   182,   183,   184,   185,
       0,     0,     0,     0,     0,     0,     0,     0,     0,     0,
       0,     0,     0,     0,     0,     0,     0,     0,     0,     0,
     188,   189,   190,   191,   192,   193,   194,     0,     0,     0,
       0,   195,   196,     0,     0,   197,   198,   199,   200
};

static const yytype_int16 yycheck[] =
{
      15,    78,   339,     9,   157,   132,    40,     9,   121,   361,
      16,    46,    47,   458,    10,    49,    11,    94,    46,    47,
       9,     0,    23,    19,    20,    21,   403,    23,    24,     9,
      23,    11,   107,    11,   147,   490,    26,    43,    15,    16,
      17,    15,    16,    39,    40,    41,    42,    11,     9,    55,
      20,   128,    83,    15,    16,    25,     9,     9,     9,    11,
      56,    57,    20,    21,    11,    23,    24,    20,   107,    20,
      15,    16,    25,    83,    25,   329,     9,     9,     9,    11,
     111,   107,    40,    41,     9,   339,    11,   121,     9,    20,
      11,   345,   346,   212,    25,    72,   473,    75,    56,    57,
     545,    97,   454,   558,   107,   139,   108,   108,   107,   104,
     263,    75,   231,   147,   107,   150,   243,   107,   124,   108,
     472,    12,   150,    75,     9,   131,   132,   107,     9,     9,
      11,   127,   109,   210,    20,   109,   132,    12,   215,   216,
     217,   218,   219,    75,   221,   151,   223,   109,   225,   226,
     502,    12,    97,   149,    75,    49,   109,   110,   109,    79,
      80,    81,   107,   107,   109,    87,   107,   173,   174,   175,
     424,   177,   178,   179,   132,     9,   106,    11,   109,   107,
     102,    15,    16,    17,   107,   220,   106,    21,    79,    80,
      81,     9,   220,    11,   209,   201,   202,   203,   204,   205,
     206,   207,   208,    12,    79,    80,    81,   461,   462,     9,
     244,    11,    79,    80,    81,    12,   108,   554,    79,    80,
      81,    12,   106,    17,    18,   107,   232,   233,   234,   235,
     236,   237,   228,    67,    12,   107,    30,   243,   466,   107,
      34,   108,     9,   497,    11,    39,   359,   107,    42,   255,
      10,    45,    47,    48,    48,   261,    50,    51,    52,    53,
      54,    12,    75,   390,    11,   493,   272,   344,    12,    97,
      79,    80,    81,   107,    20,   109,   110,   531,    20,    72,
     508,   509,    79,    80,    81,    26,   107,    75,    79,    80,
      81,   106,   298,   299,    79,    80,    81,    10,    23,   305,
      11,    79,    80,    81,    97,   533,   341,    65,    11,   537,
     306,    81,   110,   341,   107,   543,   109,   107,   546,    18,
     326,   327,   328,   329,   401,   359,    65,   404,    79,    80,
      81,   110,    20,   339,   110,    79,    80,    81,   415,   345,
     346,    65,   110,   456,   102,   103,   104,   105,   306,   110,
     109,   428,   107,   107,    93,    23,   150,   106,    23,    98,
      99,    10,    10,   102,   103,   104,   105,   363,    10,   375,
      10,    10,   106,    20,    98,    99,   106,   106,   102,   103,
     104,   105,   176,   106,   390,   400,   180,   181,   182,   183,
     184,   185,   186,   187,   188,   189,   190,   191,   192,   193,
     194,   195,    79,    80,    81,   106,    19,    20,    21,     9,
      23,    24,    43,    44,    45,    46,   108,   107,   424,    50,
     106,    52,   456,   106,   430,    23,   106,    40,    41,     9,
     106,   108,    10,    46,    47,    79,    80,    81,    79,    80,
      81,    12,   106,    56,    57,   108,   107,   106,    79,    80,
      81,    79,    80,    81,    77,   461,   462,   108,    64,    65,
      66,   107,   477,   108,   108,     0,     9,   108,   106,   106,
     485,    79,    80,    81,     9,   106,    11,    12,   106,   108,
     495,    94,   106,    79,    80,    81,    92,    93,   494,    76,
      19,   497,    98,    99,   106,   106,   102,   103,   104,   105,
     108,    12,   104,   494,   327,   501,   554,    33,    43,    44,
      45,    46,   108,   427,   150,    50,   413,    52,   220,   132,
      55,   341,    47,   538,    -1,   531,    -1,    62,    63,    64,
      65,    66,    -1,    -1,   549,    -1,   149,   150,    79,    80,
      81,    -1,    -1,    -1,    79,    80,    81,     0,    83,    84,
      85,    86,    87,    88,    89,    90,    91,    92,    93,    12,
      79,    80,    81,    98,    99,   106,    -1,   102,   103,   104,
     105,   106,    -1,   108,    -1,    -1,   111,    -1,    -1,    43,
      44,    45,    46,    -1,    -1,   379,    50,   200,    52,   108,
      43,    44,    45,    46,    79,    80,    81,    50,    -1,    52,
      -1,    -1,    55,    -1,    -1,    -1,    -1,   220,    -1,    62,
      63,    64,    65,    66,    -1,    79,    80,    81,    -1,    -1,
      -1,   106,    -1,    -1,    -1,    -1,    79,    80,    81,    -1,
      83,    84,    85,    86,    87,    88,    89,    90,    91,    92,
      93,    64,    65,    66,    -1,    98,    99,    -1,    -1,   102,
     103,   104,   105,   106,    55,   108,    -1,    -1,   111,    -1,
      -1,    62,    63,    64,    65,    66,    -1,    79,    80,    81,
      93,    -1,    79,    80,    81,    98,    99,    -1,    -1,   102,
     103,   104,   105,    84,    85,    86,    87,    88,    89,    90,
      91,    92,    93,   306,   106,    -1,    -1,    98,    99,   106,
      -1,   102,   103,   104,   105,    -1,    -1,    -1,    -1,    -1,
       0,     1,     3,     4,     5,     6,     7,     8,   331,     9,
      -1,    11,    -1,    13,    14,    15,    16,    17,   341,    -1,
      20,    21,    22,    23,    24,    -1,    26,    27,    28,    29,
      30,    31,    32,    33,    34,    35,    36,    37,    38,    39,
      40,    41,    42,    43,    44,    45,    46,    -1,    -1,    -1,
      50,    51,    52,    53,    54,    -1,    56,    57,    58,    59,
      60,    61,    79,    80,    81,    -1,    -1,    67,    68,    69,
      70,    71,    72,    73,    74,    -1,    -1,    79,    80,    81,
      -1,    -1,    82,    -1,    -1,    -1,    -1,    -1,    -1,   106,
      -1,    -1,    -1,    -1,    94,    95,    -1,    97,    -1,    -1,
     100,   101,     0,     1,   106,    -1,    -1,   107,   108,   109,
     110,     9,    -1,    11,    -1,    13,    14,    15,    16,    17,
      -1,    -1,    20,    21,    22,    23,    24,    -1,    26,    27,
      28,    29,    30,    31,    32,    33,    34,    35,    36,    37,
      38,    39,    40,    41,    42,    43,    44,    45,    46,    -1,
      -1,    -1,    50,    51,    52,    53,    54,    -1,    56,    57,
      58,    59,    60,    61,    -1,    -1,    -1,    -1,    -1,    67,
      68,    69,    70,    71,    72,    73,    74,    -1,    -1,    -1,
      -1,    -1,    -1,    -1,    82,    -1,    -1,    -1,    -1,    -1,
      -1,    -1,    -1,    -1,    -1,    -1,    94,    95,    -1,    97,
      -1,    -1,   100,   101,    -1,     1,    -1,    -1,    -1,   107,
     108,   109,   110,     9,    10,    11,    -1,    13,    14,    15,
      16,    17,    -1,    -1,    20,    21,    22,    23,    24,    -1,
      26,    27,    28,    29,    30,    31,    32,    33,    34,    35,
      36,    37,    38,    39,    40,    41,    42,    43,    44,    45,
      46,    -1,    -1,    -1,    50,    51,    52,    53,    54,    -1,
      56,    57,    58,    59,    60,    61,    -1,    -1,    -1,    -1,
      -1,    67,    68,    69,    70,    71,    72,    73,    74,    -1,
      -1,    -1,    -1,    -1,    -1,    -1,    82,    -1,    -1,    -1,
      -1,    -1,    -1,    -1,    -1,    -1,    -1,    -1,    94,    95,
      -1,    97,    -1,    -1,   100,   101,    -1,     1,    -1,    -1,
      -1,   107,   108,   109,   110,     9,    10,    11,    -1,    13,
      14,    15,    16,    17,    -1,    -1,    20,    21,    22,    23,
      24,    -1,    26,    27,    28,    29,    30,    31,    32,    33,
      34,    35,    36,    37,    38,    39,    40,    41,    42,    43,
      44,    45,    46,    -1,    -1,    -1,    50,    51,    52,    53,
      54,    -1,    56,    57,    58,    59,    60,    61,    -1,    -1,
      -1,    -1,    -1,    67,    68,    69,    70,    71,    72,    73,
      74,    -1,    -1,    -1,    -1,    -1,    -1,    -1,    82,    -1,
      -1,    -1,    -1,    -1,    -1,    -1,    -1,    -1,    -1,    -1,
      94,    95,    -1,    97,    -1,    -1,   100,   101,    -1,     1,
      -1,    -1,    -1,   107,   108,   109,   110,     9,    10,    11,
      -1,    13,    14,    15,    16,    17,    -1,    -1,    20,    21,
      22,    23,    24,    -1,    26,    27,    28,    29,    30,    31,
      32,    33,    34,    35,    36,    37,    38,    39,    40,    41,
      42,    43,    44,    45,    46,    -1,    -1,    -1,    50,    51,
      52,    53,    54,    -1,    56,    57,    58,    59,    60,    61,
      -1,    -1,    -1,    -1,    -1,    67,    68,    69,    70,    71,
      72,    73,    74,    -1,    -1,    -1,    -1,    -1,    -1,    -1,
      82,    -1,    -1,    -1,    -1,    -1,    -1,    -1,    -1,    -1,
      -1,    -1,    94,    95,    -1,    97,    -1,    -1,   100,   101,
      -1,     1,    -1,    -1,    -1,   107,   108,   109,   110,     9,
      10,    11,    -1,    13,    14,    15,    16,    17,    -1,    -1,
      20,    21,    22,    23,    24,    -1,    26,    27,    28,    29,
      30,    31,    32,    33,    34,    35,    36,    37,    38,    39,
      40,    41,    42,    43,    44,    45,    46,    -1,    -1,    -1,
      50,    51,    52,    53,    54,    -1,    56,    57,    58,    59,
      60,    61,    -1,    -1,    -1,    -1,    -1,    67,    68,    69,
      70,    71,    72,    73,    74,    -1,    -1,    -1,    -1,    -1,
      -1,    -1,    82,    -1,    -1,    -1,    -1,    -1,    -1,    -1,
      -1,    -1,    -1,    -1,    94,    95,    -1,    97,    -1,    -1,
     100,   101,    -1,     1,    -1,    -1,    -1,   107,   108,   109,
     110,     9,    10,    11,    -1,    13,    14,    15,    16,    17,
      -1,    -1,    20,    21,    22,    23,    24,    -1,    26,    27,
      28,    29,    30,    31,    32,    33,    34,    35,    36,    37,
      38,    39,    40,    41,    42,    43,    44,    45,    46,    -1,
      -1,    -1,    50,    51,    52,    53,    54,    -1,    56,    57,
      58,    59,    60,    61,    -1,    -1,    -1,    -1,    -1,    67,
      68,    69,    70,    71,    72,    73,    74,    -1,    -1,    -1,
      -1,    -1,    -1,    -1,    82,    -1,    -1,    -1,    -1,    -1,
      -1,    -1,    -1,    -1,    -1,    -1,    94,    95,    -1,    97,
      -1,    -1,   100,   101,    -1,     1,    -1,    -1,    -1,   107,
     108,   109,   110,     9,    10,    11,    -1,    13,    14,    15,
      16,    17,    -1,    -1,    20,    21,    22,    23,    24,    -1,
      26,    27,    28,    29,    30,    31,    32,    33,    34,    35,
      36,    37,    38,    39,    40,    41,    42,    43,    44,    45,
      46,    -1,    -1,    -1,    50,    51,    52,    53,    54,    -1,
      56,    57,    58,    59,    60,    61,    -1,    -1,    -1,    -1,
      -1,    67,    68,    69,    70,    71,    72,    73,    74,    -1,
      -1,    -1,    -1,    -1,    -1,    -1,    82,    -1,    -1,    -1,
      -1,    -1,    -1,    -1,    -1,    -1,    -1,    -1,    94,    95,
      -1,    97,    -1,    -1,   100,   101,    -1,     1,    -1,    -1,
      -1,   107,   108,   109,   110,     9,    -1,    11,    -1,    13,
      14,    15,    16,    17,    -1,    -1,    20,    21,    22,    23,
      24,    -1,    26,    27,    28,    29,    30,    31,    32,    33,
      34,    35,    36,    37,    38,    39,    40,    41,    42,    43,
      44,    45,    46,    -1,    -1,    -1,    50,    51,    52,    53,
      54,    -1,    56,    57,    58,    59,    60,    61,    -1,    -1,
      -1,    -1,    -1,    67,    68,    69,    70,    71,    72,    73,
      74,    -1,    -1,    77,    -1,    -1,    -1,    -1,    82,    -1,
      -1,    -1,    -1,    -1,    -1,    -1,    -1,    -1,    -1,    -1,
      94,    95,    -1,    97,    -1,    -1,   100,   101,    -1,     1,
      -1,    -1,    -1,   107,   108,   109,   110,     9,    -1,    11,
      -1,    13,    14,    15,    16,    17,    -1,    -1,    20,    21,
      22,    23,    24,    -1,    26,    27,    28,    29,    30,    31,
      32,    33,    34,    35,    36,    37,    38,    39,    40,    41,
      42,    43,    44,    45,    46,    -1,    -1,    -1,    50,    51,
      52,    53,    54,    -1,    56,    57,    58,    59,    60,    61,
      -1,    -1,    -1,    -1,    -1,    67,    68,    69,    70,    71,
      72,    73,    74,    -1,    -1,    -1,    -1,    -1,    -1,    -1,
      82,    -1,    -1,    -1,    -1,    -1,    -1,    -1,    -1,    -1,
      -1,    -1,    94,    95,    -1,    97,    -1,    -1,   100,   101,
      -1,     1,    -1,    -1,    -1,   107,   108,   109,   110,     9,
      -1,    11,    -1,    13,    14,    15,    16,    17,    -1,    -1,
      20,    21,    22,    23,    24,    -1,    26,    27,    28,    29,
      30,    31,    32,    33,    -1,    35,    36,    37,    38,    39,
      40,    41,    42,    43,    44,    45,    46,    -1,    -1,    -1,
      50,    51,    52,    53,    54,    -1,    56,    57,    58,    59,
      60,    61,    -1,    -1,    -1,    -1,    -1,    67,    68,    69,
      70,    71,    72,    73,    74,    -1,    -1,    -1,    -1,    -1,
      -1,    -1,    82,    -1,    -1,    -1,    -1,    -1,    -1,    -1,
      -1,    -1,    -1,    -1,    94,    95,    -1,    97,    -1,    -1,
     100,   101,     1,    -1,    64,    65,    -1,   107,   108,   109,
     110,    -1,    11,    -1,    13,    14,    15,    16,    17,    -1,
      -1,    20,    21,    22,    23,    24,    -1,    26,    27,    28,
      29,    30,    31,    93,    -1,    -1,    -1,    -1,    98,    99,
      39,    -1,   102,   103,   104,   105,    -1,    -1,    -1,    62,
      63,    64,    65,    66,    -1,    54,    -1,    56,    57,    58,
      59,    60,    61,    -1,    -1,    -1,    -1,    -1,    67,    68,
      69,    70,    71,    72,    73,    74,    89,    90,    91,    92,
      93,    -1,    -1,    82,    -1,    98,    99,    -1,    -1,   102,
     103,   104,   105,    -1,    -1,    94,    95,    -1,    97,    -1,
      -1,   100,   101,     1,    -1,    -1,    -1,    -1,   107,   108,
     109,   110,    -1,    11,    -1,    13,    14,    15,    16,    17,
      -1,    -1,    20,    21,    22,    23,    24,    -1,    26,    27,
      28,    29,    30,    31,    -1,    -1,    -1,    -1,    -1,    -1,
      -1,    39,    -1,    -1,    -1,    -1,    -1,    -1,    -1,    -1,
      -1,    -1,    -1,    -1,    -1,    -1,    54,    -1,    56,    57,
      58,    59,    60,    61,    -1,    -1,    -1,    -1,    -1,    67,
      68,    69,    70,    71,    72,    73,    74,   459,   460,    -1,
      -1,   463,    -1,    -1,    82,    -1,    -1,    -1,   470,   471,
      -1,    -1,    -1,    -1,    -1,    -1,    94,    95,    -1,    97,
      -1,    -1,   100,   101,    -1,   487,   488,    -1,   106,   107,
      -1,   109,   110,    -1,    -1,    62,    63,    64,    65,    66,
      -1,    -1,    -1,    -1,    -1,    -1,    -1,    -1,   510,    -1,
      -1,    -1,    -1,   515,    -1,    -1,    -1,    -1,   520,    -1,
      -1,    -1,    -1,    90,    91,    92,    93,    -1,    -1,    -1,
     532,    98,    99,    -1,   536,   102,   103,   104,   105,    -1,
      -1,    -1,    -1,    -1,    -1,    -1,    -1,    -1,    -1,    -1,
     552,     9,    -1,    11,    -1,    13,    14,    15,    16,    17,
     562,    -1,    20,    21,    22,    23,    24,    25,    26,    27,
      28,    29,    30,    31,    -1,    -1,    -1,    -1,    -1,    -1,
      -1,    39,    -1,    -1,    -1,    -1,    -1,    -1,    -1,    62,
      63,    64,    65,    66,    -1,    -1,    54,    -1,    56,    57,
      58,    59,    60,    61,    -1,    -1,    -1,    -1,    -1,    67,
      68,    69,    70,    71,    72,    73,    74,    -1,    91,    92,
      93,    -1,    -1,    -1,    82,    98,    99,    -1,    -1,   102,
     103,   104,   105,    -1,    -1,    -1,    94,    95,    -1,    97,
      -1,    -1,   100,   101,    -1,    -1,    -1,    -1,    -1,   107,
      -1,   109,   110,     9,    -1,    11,    -1,    13,    14,    15,
      16,    17,    -1,    -1,    20,    21,    22,    23,    24,    -1,
      26,    27,    28,    29,    30,    31,    -1,    -1,    -1,    -1,
      -1,    -1,    -1,    39,    -1,    -1,    -1,    -1,    -1,    -1,
      -1,    62,    63,    64,    65,    66,    -1,    -1,    54,    -1,
      56,    57,    58,    59,    60,    61,    -1,    -1,    -1,    -1,
      -1,    67,    68,    69,    70,    71,    72,    73,    74,    -1,
      -1,    92,    93,    -1,    -1,    -1,    82,    98,    99,    -1,
      -1,   102,   103,   104,   105,    -1,    -1,    -1,    94,    95,
      -1,    97,    -1,    -1,   100,   101,    -1,    -1,    -1,    -1,
      -1,   107,    -1,   109,   110,    11,    12,    13,    14,    15,
      16,    17,    -1,    -1,    20,    21,    22,    23,    24,    -1,
      26,    27,    28,    29,    30,    31,    -1,    -1,    -1,    -1,
      -1,    -1,    -1,    39,    -1,    -1,    -1,    -1,    -1,    -1,
      -1,    62,    63,    64,    65,    66,    -1,    -1,    54,    -1,
      56,    57,    58,    59,    60,    61,    -1,    -1,    -1,    -1,
      -1,    67,    68,    69,    70,    71,    72,    73,    74,    -1,
      -1,    92,    93,    -1,    -1,    -1,    82,    98,    99,    -1,
      -1,   102,   103,   104,   105,    -1,    -1,    -1,    94,    95,
      -1,    97,    -1,    -1,   100,   101,    -1,    -1,    -1,    -1,
      -1,   107,    -1,   109,   110,    11,    -1,    13,    14,    15,
      16,    17,    -1,    -1,    20,    21,    22,    23,    24,    -1,
      26,    27,    28,    29,    30,    31,    -1,    -1,    -1,    -1,
      -1,    -1,    -1,    39,    -1,    -1,    -1,    -1,    -1,    -1,
      -1,    62,    -1,    64,    65,    66,    -1,    -1,    54,    -1,
      56,    57,    58,    59,    60,    61,    -1,    -1,    -1,    -1,
      -1,    67,    68,    69,    70,    71,    72,    73,    74,    -1,
      -1,    92,    93,    -1,    -1,    -1,    82,    98,    99,    -1,
      -1,   102,   103,   104,   105,    -1,    -1,    -1,    94,    95,
      -1,    97,    -1,    -1,   100,   101,    -1,    -1,    -1,    -1,
      -1,   107,   108,   109,   110,    11,    -1,    13,    14,    15,
      16,    17,    -1,    -1,    20,    21,    22,    23,    24,    -1,
      26,    27,    28,    29,    30,    31,    -1,    -1,    -1,    -1,
      -1,    -1,    -1,    39,    -1,    -1,    -1,    -1,    -1,    -1,
      -1,    -1,    -1,    -1,    -1,    -1,    -1,    -1,    54,    -1,
      56,    57,    58,    59,    60,    61,    -1,    -1,    -1,    -1,
      -1,    67,    68,    69,    70,    71,    72,    73,    74,    -1,
      -1,    -1,    -1,    -1,    -1,    -1,    82,    -1,    -1,    -1,
      -1,    -1,    -1,    -1,    -1,    -1,    -1,    -1,    94,    95,
      -1,    97,    -1,    -1,   100,   101,    -1,    -1,    -1,    -1,
     106,   107,    -1,   109,   110,    11,    -1,    13,    14,    15,
      16,    17,    -1,    -1,    20,    21,    22,    23,    24,    -1,
      26,    27,    28,    29,    30,    31,    -1,    -1,    -1,    -1,
      -1,    -1,    -1,    39,    -1,    -1,    -1,    -1,    -1,    -1,
      -1,    -1,    -1,    -1,    -1,    -1,    -1,    -1,    54,    -1,
      56,    57,    58,    59,    60,    61,    -1,    -1,    -1,    -1,
      -1,    67,    68,    69,    70,    71,    72,    73,    74,    -1,
      -1,    -1,    -1,    -1,    -1,    -1,    82,    -1,    -1,    -1,
      -1,    -1,    -1,    -1,    -1,    -1,    -1,    -1,    94,    95,
      -1,    97,    -1,    -1,   100,   101,    -1,    -1,    -1,    -1,
     106,   107,    -1,   109,   110,    11,    -1,    13,    14,    15,
      16,    17,    -1,    -1,    20,    21,    22,    23,    24,    -1,
      26,    27,    28,    29,    30,    31,    -1,    -1,    -1,    -1,
      -1,    -1,    -1,    39,    -1,    -1,    -1,    -1,    -1,    -1,
      -1,    -1,    -1,    -1,    -1,    -1,    -1,    -1,    54,    -1,
      56,    57,    58,    59,    60,    61,    -1,    -1,    -1,    -1,
      -1,    67,    68,    69,    70,    71,    72,    73,    74,    -1,
      -1,    -1,    -1,    -1,    -1,    -1,    82,    -1,    -1,    -1,
      -1,    -1,    -1,    -1,    -1,    -1,    -1,    -1,    94,    95,
      -1,    97,    -1,    -1,   100,   101,    -1,    -1,    -1,    -1,
     106,   107,    -1,   109,   110,    11,    -1,    13,    14,    15,
      16,    17,    -1,    -1,    20,    21,    22,    23,    24,    -1,
      26,    27,    28,    29,    30,    31,    -1,    -1,    -1,    -1,
      -1,    -1,    -1,    39,    -1,    -1,    -1,    -1,    -1,    -1,
      -1,    -1,    -1,    -1,    -1,    -1,    -1,    -1,    54,    -1,
      56,    57,    58,    59,    60,    61,    -1,    -1,    -1,    -1,
      -1,    67,    68,    69,    70,    71,    72,    73,    74,    -1,
      -1,    -1,    -1,    -1,    -1,    -1,    82,    -1,    -1,    -1,
      -1,    -1,    -1,    -1,    -1,    -1,    -1,    -1,    94,    95,
      -1,    97,    -1,    -1,   100,   101,    -1,    -1,    -1,    -1,
     106,   107,    -1,   109,   110,    11,    -1,    13,    14,    15,
      16,    17,    -1,    -1,    20,    21,    22,    23,    24,    -1,
      26,    27,    28,    29,    30,    31,    -1,    -1,    -1,    -1,
      -1,    -1,    -1,    39,    -1,    -1,    -1,    -1,    -1,    -1,
      -1,    -1,    -1,    -1,    -1,    -1,    -1,    -1,    54,    -1,
      56,    57,    58,    59,    60,    61,    -1,    -1,    -1,    -1,
      -1,    67,    68,    69,    70,    71,    72,    73,    74,    -1,
      -1,    -1,    -1,    -1,    -1,    -1,    82,    -1,    -1,    -1,
      -1,    -1,    -1,    -1,    -1,    -1,    -1,    -1,    94,    95,
      -1,    97,    -1,    -1,   100,   101,    -1,    -1,    -1,    -1,
     106,   107,    -1,   109,   110,    11,    -1,    13,    14,    15,
      16,    17,    -1,    -1,    20,    21,    22,    23,    24,    -1,
      26,    27,    28,    29,    30,    31,    -1,    -1,    -1,    -1,
      -1,    -1,    -1,    39,    -1,    -1,    -1,    -1,    -1,    -1,
      -1,    -1,    -1,    -1,    -1,    -1,    -1,    -1,    54,    -1,
      56,    57,    58,    59,    60,    61,    -1,    -1,    -1,    -1,
      -1,    67,    68,    69,    70,    71,    72,    73,    74,    -1,
      -1,    -1,    -1,    -1,    -1,    -1,    82,    -1,    -1,    -1,
      -1,    -1,    -1,    -1,    -1,    -1,    -1,    -1,    94,    95,
      -1,    97,    -1,    -1,   100,   101,    -1,    -1,    -1,    -1,
     106,   107,    -1,   109,   110,    11,    -1,    13,    14,    15,
      16,    17,    -1,    -1,    20,    21,    22,    23,    24,    -1,
      26,    27,    28,    29,    30,    31,    -1,    -1,    -1,    -1,
      -1,    -1,    -1,    39,    -1,    -1,    -1,    -1,    -1,    -1,
      -1,    -1,    -1,    -1,    -1,    -1,    -1,    -1,    54,    -1,
      56,    57,    58,    59,    60,    61,    -1,    -1,    -1,    -1,
      -1,    67,    68,    69,    70,    71,    72,    73,    74,    -1,
      -1,    -1,    -1,    -1,    -1,    -1,    82,    -1,    -1,    -1,
      -1,    -1,    -1,    -1,    -1,    -1,    -1,    -1,    94,    95,
      -1,    97,    -1,    -1,   100,   101,    -1,    -1,    -1,    -1,
     106,   107,    -1,   109,   110,    11,    -1,    13,    14,    15,
      16,    17,    -1,    -1,    20,    21,    22,    23,    24,    -1,
      26,    27,    28,    29,    30,    31,    -1,    -1,    -1,    -1,
      -1,    -1,    -1,    39,    -1,    -1,    -1,    -1,    -1,    -1,
      -1,    -1,    -1,    -1,    -1,    -1,    -1,    -1,    54,    -1,
      56,    57,    58,    59,    60,    61,    -1,    -1,    -1,    -1,
      -1,    67,    68,    69,    70,    71,    72,    73,    74,    -1,
      -1,    -1,    -1,    -1,    -1,    -1,    82,    -1,    -1,    -1,
      -1,    -1,    -1,    -1,    -1,    -1,    -1,    -1,    94,    95,
      -1,    97,    -1,    -1,   100,   101,    -1,    -1,    -1,    -1,
      -1,   107,    -1,   109,   110,    11,    -1,    13,    14,    15,
      16,    17,    -1,    -1,    20,    21,    22,    23,    24,    -1,
      26,    27,    28,    29,    30,    31,    -1,    -1,    -1,    -1,
      -1,    -1,    -1,    39,    -1,    -1,    -1,    -1,    -1,    -1,
      -1,    -1,    -1,    -1,    -1,    -1,    -1,    -1,    54,    -1,
      56,    57,    58,    59,    60,    61,    -1,    -1,    -1,    -1,
      -1,    67,    68,    69,    70,    71,    72,    73,    74,    -1,
      -1,    -1,    -1,    -1,    -1,    -1,    82,    -1,    -1,    -1,
      -1,    -1,    -1,    -1,    -1,    -1,    -1,    -1,    94,    95,
      -1,    97,    -1,    -1,   100,   101,    -1,    -1,    55,    -1,
      -1,   107,    -1,   109,   110,    62,    63,    64,    65,    66,
      -1,    -1,    -1,    -1,    -1,    -1,    -1,    -1,    -1,    -1,
      -1,    -1,    -1,    -1,    -1,    -1,    -1,    84,    85,    -1,
      87,    88,    89,    90,    91,    92,    93,    -1,    -1,    -1,
      -1,    98,    99,    55,    -1,   102,   103,   104,   105,    -1,
      62,    63,    64,    65,    66,    -1,    -1,    -1,    -1,    -1,
      -1,    -1,    -1,    -1,    -1,    -1,    -1,    -1,    -1,    -1,
      -1,    -1,    -1,    85,    -1,    87,    88,    89,    90,    91,
      92,    93,    -1,    -1,    -1,    -1,    98,    99,    55,    -1,
     102,   103,   104,   105,    -1,    62,    63,    64,    65,    66,
      -1,    -1,    -1,    -1,    -1,    -1,    -1,    -1,    -1,    -1,
      -1,    -1,    -1,    -1,    -1,    -1,    -1,    -1,    -1,    -1,
      87,    88,    89,    90,    91,    92,    93,    -1,    -1,    -1,
      -1,    98,    99,    -1,    -1,   102,   103,   104,   105
};

  /* YYSTOS[STATE-NUM] -- The (internal number of the) accessing
     symbol of state STATE-NUM.  */
static const yytype_uint8 yystos[] =
{
       0,     3,     4,     5,     6,     7,     8,   113,   114,   115,
     116,   117,   118,   119,     0,   122,    11,    13,    14,    15,
      16,    17,    20,    21,    22,    23,    24,    26,    27,    28,
      29,    30,    31,    39,    54,    56,    57,    58,    59,    60,
      61,    67,    68,    69,    70,    71,    72,    73,    74,    82,
      94,    95,    97,   100,   101,   107,   109,   110,   165,   166,
     167,   170,   171,   172,   173,   174,   175,   177,   181,   189,
     190,   191,   193,   194,   195,   196,   197,   198,     9,   120,
       1,    32,    33,    35,    36,    37,    38,    40,    41,    42,
      43,    44,    45,    46,    50,    51,    52,    53,   108,   120,
     129,   144,   154,   165,    34,   127,   128,   129,   125,   125,
      12,   165,   175,   175,    20,    25,   120,   190,   199,   199,
     199,   199,   199,   176,    11,   107,   175,   156,   156,   175,
     107,   107,   107,   120,   175,    20,   166,   180,   190,   199,
     199,   120,   175,   108,   165,    20,    25,   158,   175,    15,
      97,   107,   178,   190,   191,   192,   193,   179,   190,   191,
     192,   193,   175,   166,   175,   175,   175,   175,   175,   106,
     165,   199,   199,    79,    80,    81,    83,     9,    11,   107,
      55,    62,    63,    64,    65,    66,    84,    85,    87,    88,
      89,    90,    91,    92,    93,    98,    99,   102,   103,   104,
     105,   107,     9,    11,     9,    11,     9,    11,     9,   122,
       9,   157,   158,    20,   155,   107,   107,   107,   107,    72,
      97,   107,   122,   188,   190,   107,   107,   120,    49,   146,
     108,   158,    43,    44,    45,    46,    50,    52,   128,   129,
     127,    12,   180,   107,   107,   165,   106,   120,    23,   122,
     159,   106,   106,   165,   181,   199,   166,    10,   108,   180,
      25,   107,   175,   178,   190,   191,   193,   106,   165,    75,
     161,   161,    11,   106,   165,   165,   165,   175,   165,   165,
     106,   165,   175,   175,   175,   175,   175,   175,   175,   175,
     175,   175,   175,   175,   175,   175,   175,   175,     9,    11,
      15,    16,    17,    21,    67,   107,   109,   110,   169,   190,
     106,   165,   165,   165,   165,   165,   165,   165,   165,   125,
     122,    20,   153,   155,    20,   133,   122,   122,   122,   122,
      97,   122,    72,   186,   187,   189,   190,   191,   193,   122,
      26,   122,    26,   107,   183,   122,   122,   120,   155,   165,
     150,   165,   165,   165,   165,   165,   181,   166,    12,   168,
     107,   162,    75,   160,   106,   106,   165,    10,    11,   106,
     165,   161,   106,    23,   165,    11,   108,    12,   106,    86,
     165,   165,   110,   110,   110,   110,   106,   165,   110,   110,
     107,   106,   108,    12,   108,    12,   108,    12,   108,    10,
     141,    18,   121,   132,     9,   108,    20,   149,   165,   150,
     151,   165,   151,   185,   190,   107,   144,   148,   151,   152,
     165,   139,   186,   184,   122,   151,   151,   130,   131,   106,
     111,   182,   180,   163,   160,    23,   120,   106,    23,   106,
      12,   165,    10,   175,   108,    12,   106,   181,    10,    10,
      10,    10,   125,   122,   162,   122,    20,   106,   106,   106,
     106,   183,   122,   106,   108,     9,   123,   138,   107,   151,
     106,   106,   159,   122,   165,   106,   106,     9,    12,    12,
      10,   106,    10,   108,   160,   140,   180,   147,   147,   123,
     123,   151,   151,   123,   134,   124,   146,   107,   106,   123,
     123,   160,   162,   125,    77,   108,   125,   108,   123,   123,
      47,    48,   145,   145,   106,   106,   146,   149,   125,   151,
     137,   108,   120,   164,   160,    10,   126,    10,   146,   146,
     123,   107,   136,   123,   108,    10,   106,   123,     9,    23,
     108,   142,   151,   123,   146,   135,   123,   146,   125,    76,
     143,    19,   106,   146,   147,   146,    10,   125,   123,   152,
      77,   145,   106,   123
};

  /* YYR1[YYN] -- Symbol number of symbol that rule YYN derives.  */
static const yytype_uint8 yyr1[] =
{
       0,   112,   114,   113,   115,   113,   116,   113,   117,   113,
     118,   113,   119,   113,   120,   121,   122,   123,   124,   125,
     125,   126,   126,   127,   127,   128,   128,   129,   129,   130,
     129,   131,   129,   132,   129,   129,   133,   129,   129,   129,
     129,   129,   129,   129,   129,   134,   135,   129,   136,   129,
     137,   129,   138,   129,   129,   129,   139,   129,   129,   140,
     129,   141,   129,   129,   129,   142,   143,   143,   144,   144,
     144,   144,   144,   144,   144,   144,   145,   145,   145,   146,
     146,   147,   148,   148,   149,   149,   150,   151,   152,   153,
     153,   154,   154,   154,   155,   156,   157,   158,   158,   159,
     159,   160,   160,   160,   161,   161,   163,   162,   164,   164,
     165,   165,   165,   165,   166,   166,   166,   167,   167,   167,
     167,   167,   167,   167,   167,   168,   167,   169,   169,   170,
     170,   170,   170,   170,   170,   170,   170,   170,   170,   170,
     170,   170,   170,   171,   171,   171,   171,   171,   171,   171,
     171,   171,   171,   171,   171,   171,   171,   171,   172,   172,
     172,   172,   172,   172,   172,   172,   172,   172,   173,   173,
     173,   173,   173,   173,   174,   174,   175,   175,   175,   175,
     175,   175,   175,   175,   175,   175,   175,   175,   175,   175,
     175,   175,   175,   175,   175,   175,   175,   175,   175,   175,
     175,   175,   175,   175,   175,   175,   175,   175,   175,   175,
     175,   175,   175,   175,   175,   175,   175,   175,   175,   175,
     175,   175,   175,   175,   175,   176,   175,   175,   175,   175,
     175,   177,   177,   177,   177,   177,   178,   178,   178,   178,
     178,   178,   179,   179,   179,   179,   180,   180,   181,   181,
     182,   182,   183,   184,   183,   185,   186,   186,   186,   187,
     187,   188,   188,   189,   190,   191,   192,   193,   194,   194,
     195,   196,   196,   197,   197,   198,   198,   199,   199,   199,
     199
};

  /* YYR2[YYN] -- Number of symbols on the right hand side of rule YYN.  */
static const yytype_uint8 yyr2[] =
{
       0,     2,     0,     4,     0,     3,     0,     3,     0,     3,
       0,     3,     0,     3,     4,     7,     0,     4,     0,     0,
       2,     0,     2,     1,     1,     2,     2,     1,     4,     0,
       7,     0,    10,     0,     7,     4,     0,     7,     7,     7,
       6,     6,     2,     8,     8,     0,     0,    13,     0,    10,
       0,     9,     0,    10,     9,     7,     0,     6,     2,     0,
       8,     0,     6,     2,     1,     2,     0,     3,     1,     1,
       3,     3,     3,     3,     3,     3,     0,     2,     6,     0,
       2,     0,     0,     1,     0,     1,     1,     1,     1,     1,
       0,     1,     1,     1,     0,     0,     0,     1,     1,     0,
       1,     0,     2,     1,     2,     1,     0,     3,     1,     1,
       3,     3,     3,     1,     2,     3,     1,     3,     5,     6,
       3,     3,     5,     2,     4,     0,     5,     1,     1,     5,
       4,     5,     4,     5,     6,     5,     4,     5,     4,     3,
       6,     4,     5,     3,     3,     3,     3,     3,     3,     3,
       3,     3,     3,     3,     3,     3,     3,     3,     2,     2,
       2,     2,     2,     2,     2,     2,     2,     2,     3,     2,
       4,     3,     5,     8,     2,     2,     1,     1,     1,     1,
       5,     2,     3,     1,     2,     3,     1,     2,     1,     1,
       1,     1,     1,     1,     4,     4,     5,     5,     1,     1,
       3,     4,     3,     4,     4,     4,     4,     4,     1,     2,
       2,     1,     2,     2,     1,     2,     1,     2,     1,     3,
       1,     3,     1,     3,     4,     0,     6,     1,     1,     1,
       1,     3,     2,     3,     2,     4,     3,     2,     1,     1,
       1,     1,     1,     1,     1,     1,     0,     1,     0,     1,
       0,     2,     1,     0,     3,     1,     1,     1,     1,     1,
       1,     2,     2,     2,     2,     2,     5,     2,     2,     4,
       2,     1,     3,     1,     3,     1,     3,     1,     1,     1,
       1
};

typedef enum {
	toketype_ival, toketype_opval, toketype_pval
} toketypes;

/* type of each token/terminal */
static const toketypes yy_type_tab[] =
{
  toketype_ival, toketype_ival, toketype_ival, toketype_ival, toketype_ival, toketype_ival,
  toketype_ival, toketype_ival, toketype_ival, toketype_ival, toketype_ival, toketype_ival,
  toketype_ival, toketype_ival, toketype_ival, toketype_ival, toketype_ival, toketype_ival, toketype_ival, toketype_ival, toketype_opval,
  toketype_opval, toketype_opval, toketype_opval, toketype_opval, toketype_opval, toketype_opval,
  toketype_opval, toketype_opval, toketype_opval, toketype_opval, toketype_opval, toketype_opval,
  toketype_opval, toketype_pval, toketype_ival, toketype_ival, toketype_ival, toketype_ival,
  toketype_ival, toketype_ival, toketype_ival, toketype_ival, toketype_ival, toketype_ival, toketype_ival,
  toketype_ival, toketype_ival, toketype_ival, toketype_ival, toketype_ival, toketype_ival, toketype_ival, toketype_ival,
  toketype_ival, toketype_ival, toketype_ival, toketype_ival, toketype_ival, toketype_ival, toketype_ival,
  toketype_ival, toketype_ival, toketype_ival, toketype_ival, toketype_ival, toketype_ival, toketype_ival, toketype_ival,
  toketype_ival, toketype_ival, toketype_ival, toketype_ival, toketype_ival, toketype_ival, toketype_ival,
  toketype_ival, toketype_ival, toketype_ival, toketype_ival, toketype_ival, toketype_ival,
  toketype_ival, toketype_ival, toketype_ival, toketype_ival, toketype_ival, toketype_ival, toketype_ival, toketype_ival,
  toketype_ival, toketype_ival, toketype_ival, toketype_ival, toketype_ival, toketype_ival, toketype_ival,
  toketype_ival, toketype_ival, toketype_ival, toketype_ival, toketype_ival, toketype_ival, toketype_ival,
  toketype_ival, toketype_ival, toketype_ival, toketype_ival, toketype_ival, toketype_ival, toketype_ival, toketype_ival, toketype_ival,
  toketype_ival, toketype_ival, toketype_ival, toketype_ival, toketype_ival, toketype_ival, toketype_ival, toketype_opval, toketype_opval,
  toketype_ival, toketype_opval, toketype_ival, toketype_opval, toketype_opval, toketype_opval,
  toketype_opval, toketype_opval, toketype_ival, toketype_ival, toketype_ival, toketype_ival, toketype_ival, toketype_ival,
  toketype_ival, toketype_ival, toketype_ival, toketype_ival, toketype_ival, toketype_ival, toketype_opval, toketype_opval,
  toketype_opval, toketype_opval, toketype_opval, toketype_ival, toketype_opval, toketype_opval, toketype_opval, toketype_opval,
  toketype_opval, toketype_opval, toketype_ival, toketype_ival, toketype_ival,
  toketype_ival, toketype_opval, toketype_opval, toketype_opval, toketype_opval,
  toketype_opval, toketype_ival, toketype_opval, toketype_opval, toketype_opval, toketype_opval, toketype_ival,
  toketype_opval, toketype_opval, toketype_opval, toketype_opval, toketype_opval, toketype_opval,
  toketype_opval, toketype_ival, toketype_opval, toketype_opval, toketype_opval, toketype_opval,
  toketype_opval, toketype_opval, toketype_ival, toketype_ival, toketype_opval, toketype_opval,
  toketype_opval, toketype_ival, toketype_opval, toketype_opval, toketype_opval, toketype_opval,
  toketype_opval, toketype_opval, toketype_opval, toketype_opval, toketype_opval, toketype_opval, toketype_opval
};

/* Generated from:
 * c55b3e9040b42f25fc370ef21b031c019f563c8dcda65216982c86218803eaf6 perly.y
 * 5132b115dedc64fcaea289ebf11528abd6f23d9b88e5247a236e1116603edcdb regen_perly.pl
 * ex: set ro: */
