/* ex: set ro ft=c: -*- buffer-read-only: t -*-
   !!!!!!!   DO NOT EDIT THIS FILE   !!!!!!!
   This file is built by regen_perly.pl from perly.y.
   Any changes made here will be lost!
 */

#define YYFINAL  14
/* YYLAST -- Last index in YYTABLE.  */
#define YYLAST   3160

/* YYNTOKENS -- Number of terminals.  */
#define YYNTOKENS  106
/* YYNNTS -- Number of nonterminals.  */
#define YYNNTS  87
/* YYNRULES -- Number of rules.  */
#define YYNRULES  275
/* YYNSTATES -- Number of states.  */
#define YYNSTATES  546

/* YYTRANSLATE[YYX] -- Symbol number corresponding to YYX as returned
   by yylex, with out-of-bounds checking.  */
#define YYUNDEFTOK  2
#define YYMAXUTOK   338

#define YYTRANSLATE(YYX)                                                \
  ((unsigned int) (YYX) <= YYMAXUTOK ? yytranslate[YYX] : YYUNDEFTOK)

/* YYTRANSLATE[TOKEN-NUM] -- Symbol number corresponding to TOKEN-NUM
   as returned by yylex, without out-of-bounds checking.  */
static const yytype_uint8 yytranslate[] =
{
       0,     2,     2,     2,     2,     2,     2,     2,     2,     2,
       2,     2,     2,     2,     2,     2,     2,     2,     2,     2,
       2,     2,     2,     2,     2,     2,     2,     2,     2,     2,
       2,     2,     2,    88,     2,     2,   103,    16,    17,     2,
     101,   100,   104,    14,    77,    13,    19,   105,     2,     2,
       2,     2,     2,     2,     2,     2,     2,     2,    80,   102,
       2,    18,     2,    79,    15,     2,     2,     2,     2,     2,
       2,     2,     2,     2,     2,     2,     2,     2,     2,     2,
       2,     2,     2,     2,     2,     2,     2,     2,     2,     2,
       2,    11,     2,    12,     2,     2,     2,     2,     2,     2,
       2,     2,     2,     2,     2,     2,     2,     2,     2,     2,
       2,     2,     2,     2,     2,     2,     2,     2,     2,     2,
       2,     2,     2,     9,     2,    10,    89,     2,     2,     2,
       2,     2,     2,     2,     2,     2,     2,     2,     2,     2,
       2,     2,     2,     2,     2,     2,     2,     2,     2,     2,
       2,     2,     2,     2,     2,     2,     2,     2,     2,     2,
       2,     2,     2,     2,     2,     2,     2,     2,     2,     2,
       2,     2,     2,     2,     2,     2,     2,     2,     2,     2,
       2,     2,     2,     2,     2,     2,     2,     2,     2,     2,
       2,     2,     2,     2,     2,     2,     2,     2,     2,     2,
       2,     2,     2,     2,     2,     2,     2,     2,     2,     2,
       2,     2,     2,     2,     2,     2,     2,     2,     2,     2,
       2,     2,     2,     2,     2,     2,     2,     2,     2,     2,
       2,     2,     2,     2,     2,     2,     2,     2,     2,     2,
       2,     2,     2,     2,     2,     2,     2,     2,     2,     2,
       2,     2,     2,     2,     2,     2,     1,     2,     3,     4,
       5,     6,     7,     8,    20,    21,    22,    23,    24,    25,
      26,    27,    28,    29,    30,    31,    32,    33,    34,    35,
      36,    37,    38,    39,    40,    41,    42,    43,    44,    45,
      46,    47,    48,    49,    50,    51,    52,    53,    54,    55,
      56,    57,    58,    59,    60,    61,    62,    63,    64,    65,
      66,    67,    68,    69,    70,    71,    72,    73,    74,    75,
      76,    78,    81,    82,    83,    84,    85,    86,    87,    90,
      91,    92,    93,    94,    95,    96,    97,    98,    99
};

#if YYDEBUG
  /* YYRLINE[YYN] -- Source line where rule number YYN was defined.  */
static const yytype_uint16 yyrline[] =
{
       0,   118,   118,   117,   128,   127,   137,   136,   149,   148,
     161,   160,   173,   172,   184,   192,   200,   204,   212,   218,
     219,   229,   230,   239,   243,   247,   251,   258,   260,   270,
     269,   302,   301,   343,   351,   350,   359,   365,   371,   382,
     384,   386,   393,   401,   403,   400,   420,   425,   432,   431,
     446,   454,   460,   467,   466,   481,   485,   493,   511,   512,
     517,   519,   521,   523,   525,   527,   529,   532,   538,   539,
     544,   555,   556,   562,   568,   569,   574,   577,   581,   586,
     590,   594,   595,   599,   605,   610,   615,   616,   621,   622,
     627,   628,   630,   635,   637,   648,   649,   657,   659,   663,
     711,   712,   714,   720,   798,   800,   806,   808,   812,   818,
     819,   824,   823,   904,   905,   909,   911,   913,   915,   919,
     921,   926,   930,   934,   938,   944,   949,   955,   961,   963,
     966,   965,   976,   977,   981,   985,   988,   993,   998,  1001,
    1005,  1009,  1012,  1017,  1021,  1024,  1026,  1028,  1033,  1035,
    1037,  1042,  1044,  1046,  1048,  1050,  1052,  1054,  1056,  1058,
    1060,  1062,  1067,  1069,  1072,  1074,  1076,  1079,  1082,  1093,
    1096,  1099,  1106,  1108,  1110,  1112,  1114,  1117,  1136,  1138,
    1142,  1143,  1144,  1145,  1146,  1148,  1150,  1152,  1154,  1156,
    1158,  1160,  1162,  1164,  1166,  1168,  1170,  1172,  1174,  1184,
    1194,  1204,  1214,  1216,  1218,  1221,  1226,  1230,  1232,  1234,
    1236,  1239,  1241,  1244,  1246,  1248,  1250,  1252,  1254,  1256,
    1258,  1260,  1263,  1265,  1267,  1269,  1271,  1273,  1277,  1280,
    1279,  1292,  1293,  1294,  1299,  1303,  1305,  1307,  1312,  1314,
    1317,  1319,  1321,  1323,  1328,  1330,  1335,  1336,  1341,  1342,
    1348,  1352,  1353,  1354,  1357,  1358,  1361,  1362,  1365,  1369,
    1373,  1379,  1408,  1414,  1416,  1420,  1424,  1425,  1429,  1430,
    1434,  1435,  1440,  1442,  1444,  1447
};
#endif

#if YYDEBUG || YYERROR_VERBOSE || 0
/* YYTNAME[SYMBOL-NUM] -- String name of the symbol SYMBOL-NUM.
   First, the terminals, then, starting at YYNTOKENS, nonterminals.  */
static const char *const yytname[] =
{
  "$end", "error", "$undefined", "GRAMPROG", "GRAMEXPR", "GRAMBLOCK",
  "GRAMBARESTMT", "GRAMFULLSTMT", "GRAMSTMTSEQ", "'{'", "'}'", "'['",
  "']'", "'-'", "'+'", "'@'", "'%'", "'&'", "'='", "'.'", "BAREWORD",
  "METHOD", "FUNCMETH", "THING", "PMFUNC", "PRIVATEREF", "QWLIST",
  "FUNC0OP", "FUNC0SUB", "UNIOPSUB", "LSTOPSUB", "PLUGEXPR", "PLUGSTMT",
  "LABEL", "FORMAT", "SUB", "ANONSUB", "PACKAGE", "USE", "WHILE", "UNTIL",
  "IF", "UNLESS", "ELSE", "ELSIF", "CONTINUE", "FOR", "GIVEN", "WHEN",
  "DEFAULT", "LOOPEX", "DOTDOT", "YADAYADA", "FUNC0", "FUNC1", "FUNC",
  "UNIOP", "LSTOP", "RELOP", "EQOP", "MULOP", "ADDOP", "DOLSHARP", "DO",
  "HASHBRACK", "NOAMP", "LOCAL", "MY", "REQUIRE", "COLONATTR",
  "FORMLBRACK", "FORMRBRACK", "PREC_LOW", "OROP", "DOROP", "ANDOP",
  "NOTOP", "','", "ASSIGNOP", "'?'", "':'", "OROR", "DORDOR", "ANDAND",
  "BITOROP", "BITANDOP", "SHIFTOP", "MATCHOP", "'!'", "'~'", "UMINUS",
  "REFGEN", "POWOP", "POWCOP", "PREINC", "PREDEC", "POSTINC", "POSTDEC",
  "POSTJOIN", "ARROW", "')'", "'('", "';'", "'$'", "'*'", "'/'", "$accept",
  "grammar", "$@1", "$@2", "$@3", "$@4", "$@5", "$@6", "block",
  "formblock", "remember", "mblock", "mremember", "stmtseq", "formstmtseq",
  "fullstmt", "labfullstmt", "barestmt", "$@7", "$@8", "$@9", "$@10",
  "$@11", "@12", "$@13", "formline", "formarg", "sideff", "else", "cont",
  "mintro", "nexpr", "texpr", "iexpr", "mexpr", "mnexpr", "formname",
  "startsub", "startanonsub", "startformsub", "subname", "proto",
  "subattrlist", "myattrlist", "sigvarname", "sigslurpsigil",
  "sigslurpelem", "sigdefault", "sigscalarelem", "sigelem", "siglist",
  "siglistornull", "subsignature", "$@14", "optsubbody", "expr",
  "listexpr", "listop", "@15", "method", "subscripted", "termbinop",
  "termunop", "anonymous", "termdo", "term", "@16", "myattrterm", "myterm",
  "optlistexpr", "optexpr", "optrepl", "my_scalar", "my_var",
  "refgen_topic", "my_refgen", "amper", "scalar", "ary", "sizearydecl",
  "hsh", "arylen", "star", "sliceme", "kvslice", "gelem", "indirob", YY_NULLPTR
};
#endif

# ifdef YYPRINT
/* YYTOKNUM[NUM] -- (External) token number corresponding to the
   (internal) symbol number NUM (which must be that of a token).  */
static const yytype_uint16 yytoknum[] =
{
       0,   256,   257,   258,   259,   260,   261,   262,   263,   123,
     125,    91,    93,    45,    43,    64,    37,    38,    61,    46,
     264,   265,   266,   267,   268,   269,   270,   271,   272,   273,
     274,   275,   276,   277,   278,   279,   280,   281,   282,   283,
     284,   285,   286,   287,   288,   289,   290,   291,   292,   293,
     294,   295,   296,   297,   298,   299,   300,   301,   302,   303,
     304,   305,   306,   307,   308,   309,   310,   311,   312,   313,
     314,   315,   316,   317,   318,   319,   320,    44,   321,    63,
      58,   322,   323,   324,   325,   326,   327,   328,    33,   126,
     329,   330,   331,   332,   333,   334,   335,   336,   337,   338,
      41,    40,    59,    36,    42,    47
};
# endif

#define YYPACT_NINF -456

#define yypact_value_is_default(Yystate) \
  (!!((Yystate) == (-456)))

#define YYTABLE_NINF -271

#define yytable_value_is_error(Yytable_value) \
  (!!((Yytable_value) == (-271)))

  /* YYPACT[STATE-NUM] -- Index in YYTABLE of the portion describing
     STATE-NUM.  */
static const yytype_int16 yypact[] =
{
     926,  -456,  -456,  -456,  -456,  -456,  -456,    30,  -456,  2842,
      25,  1520,  1424,  -456,  -456,  -456,  1996,  2842,  2842,     3,
       3,     3,  -456,     3,     3,  -456,  -456,    34,   -50,  -456,
    2842,  -456,  -456,  -456,  2842,  -456,   -47,   -43,   -27,  1902,
    1806,     3,  1902,  2090,    58,  2842,    81,  2842,  2842,  2842,
    2842,  2842,  2842,  2842,  2184,     3,     3,   263,    18,  -456,
      13,  -456,  -456,  -456,  -456,  3018,  -456,  -456,    -1,    51,
      75,   119,  -456,   124,   194,   221,   133,  -456,  -456,  -456,
    -456,  -456,    58,   126,  -456,    74,    79,   105,   106,   132,
     112,   121,    25,  -456,   102,  -456,   151,   400,  1424,  -456,
    -456,  -456,   656,   752,  -456,     6,   829,   829,  -456,  -456,
    -456,  -456,  -456,  -456,  -456,  2842,   154,   170,  2842,    53,
     398,    25,    49,  3018,   125,  2278,  1806,  -456,   398,   553,
      18,  -456,   477,  2842,  -456,  -456,   398,   266,   127,  -456,
    -456,  2842,   398,    28,  2936,  2372,   165,  -456,  -456,  -456,
    -456,   398,    18,   829,   829,   829,   413,   413,   270,   172,
    -456,  -456,  2842,  2842,  2842,  2842,  2842,  2842,  2466,  2842,
    2842,  2842,  2842,  2842,  2842,  2842,  2842,  2842,  2842,  2842,
    2842,  2842,  2842,  2842,  -456,  -456,  -456,  -456,    48,  2560,
    2842,  2842,  2842,  2842,  2842,  2842,  2842,  -456,   257,  -456,
     265,  -456,  -456,  -456,  -456,  -456,   196,    60,  -456,  -456,
     193,  -456,  -456,  -456,    25,  -456,  -456,  2842,  2842,  2842,
    2842,  2842,  2842,  -456,  -456,  -456,  -456,  -456,  2842,  2842,
     123,  -456,  -456,  -456,   202,   226,  -456,  -456,   297,   205,
    2842,    18,  -456,   311,  -456,   313,  2654,   829,   165,    90,
     145,   174,  -456,   548,   303,  -456,  2842,   316,   254,   254,
    -456,  3018,   176,   136,  -456,   568,  1603,  1887,  1695,   734,
     641,  3018,  2975,   320,   320,   370,   447,  1791,  1941,   829,
     829,  2842,  2842,   238,   240,   241,  -456,   244,  2748,    41,
     248,   229,  -456,  -456,   642,   237,   167,   350,   200,   513,
     209,   523,   848,  -456,   323,   252,     1,   337,  2842,  2842,
    2842,  2842,  -456,   256,  -456,  -456,   267,  -456,  -456,  -456,
    -456,  1615,    10,  -456,  2842,  2842,  -456,   263,  -456,   263,
     263,   263,   263,   263,   264,   -56,  -456,  2842,  -456,   226,
     352,    25,  -456,  -456,   722,  -456,   353,     4,   737,  -456,
    -456,  -456,   216,  2842,   367,  -456,  -456,  2842,   545,   224,
    -456,  -456,  -456,  -456,  -456,   750,  -456,  -456,  2842,  -456,
     372,  -456,   376,  -456,   377,  -456,   380,  -456,  -456,  -456,
     368,  -456,  -456,  -456,   373,   292,   263,   301,   308,   263,
     315,   310,  -456,  -456,  -456,  -456,   322,   324,   321,  -456,
    2842,   332,   336,  -456,  2842,   345,  -456,    52,   438,  -456,
    -456,  -456,   437,    33,  -456,   227,  -456,  3061,   443,  -456,
    -456,   360,  -456,  -456,  -456,  -456,   359,   226,   202,  -456,
    2842,  -456,  -456,   455,   455,  2842,  2842,   455,  -456,   364,
     379,   455,   455,   263,  -456,  -456,  -456,   451,   451,  -456,
    -456,  -456,   403,   383,  -456,  -456,  -456,  -456,  -456,   416,
       7,   226,  -456,   390,   455,   455,  -456,    46,    46,   393,
     399,   102,  2842,  2842,   455,  -456,  -456,  -456,   422,   422,
      52,  -456,   944,  -456,  -456,  -456,  -456,   493,  1040,  -456,
     102,   102,  -456,   455,   419,  -456,  -456,   455,   455,  -456,
     402,   414,   102,  2842,  -456,  -456,  -456,  -456,    17,  -456,
    -456,  -456,  -456,  1136,  -456,  2842,   102,   102,  -456,   455,
    -456,  3018,   452,   505,  -456,  1232,  -456,   426,  -456,  -456,
    -456,   102,  -456,  -456,  -456,  -456,   455,  1710,  -456,  1328,
      46,   427,  -456,  -456,   455,  -456
};

  /* YYDEFACT[STATE-NUM] -- Default reduction number in state STATE-NUM.
     Performed when YYTABLE does not specify something else to do.  Zero
     means the default is an error.  */
static const yytype_uint16 yydefact[] =
{
       0,     2,     4,     6,     8,    10,    12,     0,    16,   246,
       0,     0,     0,    19,     1,    19,     0,     0,     0,     0,
       0,     0,   231,     0,     0,   202,   229,   190,   224,   226,
     220,    84,   234,    84,   212,   233,   222,     0,     0,   215,
     244,     0,     0,     0,     0,     0,     0,   218,     0,     0,
       0,     0,     0,     0,     0,     0,     0,   247,   118,   232,
     197,   180,   181,   182,   183,   121,   187,     5,   203,   192,
     195,   194,   196,   193,     0,     0,     0,    16,     7,    60,
      27,    85,     0,     0,    83,     0,     0,     0,     0,     0,
       0,     0,     0,    56,    71,     9,     0,    61,     0,    11,
      24,    23,     0,     0,   173,     0,   162,   163,   272,   275,
     274,   273,   260,   262,   258,   244,     0,     0,     0,     0,
     221,     0,    88,   213,     0,     0,   246,   216,   217,   272,
     245,   128,   273,     0,   263,   179,   178,     0,     0,    86,
      87,   244,   188,     0,     0,     0,   236,   240,   243,   242,
     241,   219,   214,   164,   165,   185,   170,   171,   191,     0,
     259,   265,     0,     0,     0,   119,     0,     0,     0,     0,
       0,     0,     0,     0,     0,     0,     0,     0,     0,     0,
       0,     0,     0,     0,   169,   166,   167,   168,     0,     0,
       0,     0,     0,     0,     0,     0,     0,    19,    82,    83,
       0,    34,    16,    16,    16,    16,    16,     0,    16,    16,
       0,    16,    16,    40,     0,    52,    55,     0,     0,     0,
       0,     0,     0,    26,    25,    20,   172,   126,   246,     0,
       0,   225,   130,    89,     0,    90,   223,   227,     0,     0,
       0,   122,   175,     0,   206,   275,     0,   186,     0,   192,
     195,   194,   239,     0,    94,   235,     0,   189,   116,   117,
     115,   120,     0,     0,   144,     0,   157,   153,   154,   150,
     151,   148,     0,   159,   160,   158,   156,   155,   152,   161,
     149,     0,     0,   267,   269,     0,   132,     0,     0,     0,
     271,   125,   133,   204,     0,     0,     0,     0,     0,     0,
       0,     0,     0,    81,     0,    29,     0,     0,    76,     0,
       0,     0,   256,     0,   257,   254,     0,   255,   251,   252,
     253,     0,     0,    16,     0,     0,    72,    64,    65,    78,
      62,    63,    66,    67,     0,   248,   146,   244,   111,    90,
      92,     0,   228,   129,     0,   174,     0,   191,     0,   237,
     238,    93,     0,     0,     0,   137,   143,     0,     0,     0,
     208,   209,   210,   264,   141,     0,   207,   211,   246,   205,
       0,   135,     0,   198,     0,   199,     0,    14,    16,    28,
      88,    16,    16,    33,     0,     0,    77,     0,     0,    79,
       0,     0,   250,    16,    75,    80,     0,     0,    61,    48,
       0,     0,     0,   127,     0,     0,   131,   109,     0,    91,
     176,   123,     0,   189,   147,     0,   140,   184,     0,   136,
     142,     0,   138,   200,   201,   134,     0,    90,     0,    53,
     244,    73,    73,     0,     0,     0,     0,     0,    43,     0,
       0,     0,     0,   249,   230,    97,    98,    95,    95,   105,
     104,   108,   110,     0,    19,   261,   145,   139,   124,     0,
       0,    90,    19,     0,     0,     0,    18,    68,    68,     0,
       0,    71,    76,     0,     0,    38,    39,    96,   100,   100,
     106,   112,     0,    21,   114,   113,    30,     0,     0,    35,
      71,    71,    19,     0,     0,    36,    37,     0,     0,    51,
       0,     0,    71,   101,   103,    99,   107,   177,     0,    19,
      54,    41,    42,     0,    69,     0,    71,    71,    44,     0,
      47,   102,    58,     0,    22,     0,    17,     0,    46,    50,
      73,    71,    19,    57,    15,    32,     0,     0,    49,     0,
      68,     0,    59,    70,     0,    45
};

  /* YYPGOTO[NTERM-NUM].  */
static const yytype_int16 yypgoto[] =
{
    -456,  -456,  -456,  -456,  -456,  -456,  -456,  -456,   -10,  -456,
     -35,  -109,  -456,   -11,  -456,   518,   433,     0,  -456,  -456,
    -456,  -456,  -456,  -456,  -456,  -456,  -456,  -313,  -455,  -117,
    -423,  -456,    69,   233,  -278,    11,  -456,   348,   516,  -456,
     484,   187,  -336,   330,   120,  -456,  -456,    92,  -456,   100,
    -456,  -456,   144,  -456,  -456,    -2,   -21,  -456,  -456,  -456,
    -456,  -456,  -456,  -456,  -456,    87,  -456,  -456,   440,  -110,
    -120,  -456,  -456,   259,  -456,  -456,   378,   294,   -29,  -456,
     -26,  -456,  -456,  -456,  -456,  -456,    15
};

  /* YYDEFGOTO[NTERM-NUM].  */
static const yytype_int16 yydefgoto[] =
{
      -1,     7,     8,     9,    10,    11,    12,    13,   110,   379,
      15,   467,   492,   102,   508,   225,   100,   101,   380,   381,
     307,   472,   530,   439,   462,   524,   533,    96,   495,   215,
     464,   395,   385,   328,   388,   397,   304,   201,   121,   198,
     141,   235,   341,   255,   478,   448,   449,   504,   450,   451,
     452,   453,   339,   407,   486,    97,    58,    59,   337,   291,
      60,    61,    62,    63,    64,    65,   117,    66,   146,   131,
      67,   405,   391,   315,   316,   209,    68,    69,    70,   149,
      71,    72,    73,    74,    75,    76,   112
};

  /* YYTABLE[YYPACT[STATE-NUM]] -- What to do in state STATE-NUM.  If
     positive, shift that token.  If negative, reduce the rule whose
     number is the opposite.  If YYTABLE_NINF, syntax error.  */
static const yytype_int16 yytable[] =
{
      78,    94,    94,   408,   103,   227,   239,    57,   394,   465,
     382,    95,    77,   496,   105,   256,    77,   148,   226,   130,
     150,   165,   166,   108,   167,    19,    20,   152,   109,   127,
      14,   244,   135,   390,    77,   113,   114,    77,   115,   116,
     522,   138,   197,   396,   353,   118,   401,   402,   108,   404,
      77,   119,   159,   245,   124,   133,   134,   281,   125,   282,
     190,   108,   191,   283,   284,   285,   109,   445,   446,   286,
     160,   161,   233,  -239,   126,    19,    20,    21,   139,   162,
     163,   164,   213,   140,  -266,   543,  -266,   234,    94,   493,
     494,   460,    94,    94,   130,   165,   143,    20,   224,   190,
     189,   191,  -238,   383,   106,   107,    55,   537,   334,   484,
     287,   232,   241,    55,   168,   250,   230,   120,   251,   523,
     130,   123,   440,   238,    57,   487,   128,   314,  -268,   136,
    -268,    55,   142,  -270,   151,   336,   153,   154,   155,   156,
     157,   240,   196,   253,    55,   366,   200,   214,   355,   288,
     -16,   289,   290,   231,  -266,   447,  -266,   469,   470,  -240,
     258,   259,   260,    55,   262,   263,   265,   308,   309,   310,
     311,   313,   144,   321,   322,   202,   324,   325,   319,   371,
     203,   320,   145,  -268,    55,  -268,   302,   294,   295,   296,
     297,   298,   299,   300,   301,   501,   162,   163,   164,   206,
     162,   163,   164,   192,   326,   193,   204,   205,   335,   162,
     163,   164,   373,   211,  -243,   327,   329,   330,   331,   332,
     333,   375,   212,   207,   394,   236,    57,   406,   414,   243,
     194,   247,   195,   208,   254,    55,   419,   527,   344,   456,
     162,   163,   164,  -241,   348,   162,   163,   164,   421,   162,
     163,   164,   261,   216,   352,   228,   266,   267,   268,   269,
     270,   271,   272,   273,   274,   275,   276,   277,   278,   279,
     280,   229,   257,   162,   163,   164,   242,   303,   354,   358,
     359,   256,   162,   163,   164,   306,   365,   312,   400,   162,
     163,   164,    94,   319,   323,   340,   320,   162,   163,   164,
     162,   163,   164,   338,   160,   343,   386,   329,   389,   389,
     162,   163,   164,   111,   111,   111,   130,   111,   111,   398,
     463,   345,   389,   389,   346,   468,   351,   353,   471,   164,
     368,   410,   475,   476,   132,   111,   162,   163,   164,   370,
     147,   378,   360,   426,   361,   362,   428,   429,   363,   111,
     111,   415,   367,   -31,   499,   490,   491,   384,   436,    55,
     217,   218,   219,   220,   403,   502,    57,   221,   393,   222,
     162,   163,   164,   511,   512,   409,   412,   416,   170,   171,
     172,   173,   422,   210,   514,   520,   423,   424,   516,   517,
     425,   233,   431,   430,   162,   163,   164,   342,   389,   528,
     529,   432,   443,   178,   179,   180,   181,   182,   433,   130,
     531,   435,   183,   184,   538,   434,   185,   186,   187,   188,
     132,   -79,   437,   162,   163,   164,   438,   540,   170,   171,
     172,   173,   441,   389,   389,   545,   442,   111,   249,   217,
     218,   219,   220,   482,   417,   444,   221,   454,   222,   455,
     485,   488,   372,   457,   179,   180,   181,   182,   172,   173,
     458,   459,   183,   184,   466,   473,   185,   186,   187,   188,
     386,   389,    94,   162,   163,   164,   477,  -192,    94,   474,
     480,   513,   292,   481,   181,   182,   190,   483,   191,  -192,
     183,   184,   489,   497,   185,   186,   187,   188,   525,   498,
     503,   318,   509,    94,   518,   170,   171,   172,   173,  -271,
    -271,  -271,   188,   389,   519,    94,  -192,  -192,  -192,  -192,
     515,   539,   532,  -192,   534,  -192,   536,   544,  -192,    94,
      99,   223,   180,   181,   182,  -192,  -192,  -192,  -192,   183,
     184,   500,   387,   185,   186,   187,   188,   305,   541,   122,
    -192,  -192,  -192,  -231,  -192,  -192,  -192,  -192,  -192,  -192,
    -192,  -192,  -192,  -192,  -192,  -231,   199,   427,   479,  -192,
    -192,   505,   461,  -192,  -192,  -192,  -192,  -192,   349,  -192,
     506,   399,  -192,   111,   248,   317,   162,   163,   164,     0,
     521,     0,  -231,  -231,  -231,  -231,   162,   163,   164,  -231,
       0,  -231,     0,     0,  -231,     0,     0,   392,     0,     0,
       0,  -231,  -231,  -231,  -231,   374,   318,     0,   162,   163,
     164,   162,   163,   164,     0,   376,  -231,  -231,  -231,     0,
    -231,  -231,  -231,  -231,  -231,  -231,  -231,  -231,  -231,  -231,
    -231,   162,   163,   164,     0,  -231,  -231,   418,   350,  -231,
    -231,  -231,  -231,  -231,     0,  -231,   -13,    79,  -231,     0,
       0,     0,     0,     0,     0,    77,     0,    16,   356,    17,
      18,    19,    20,    21,     0,     0,    22,    23,    24,    25,
      26,     0,    27,    28,    29,    30,    31,    32,    80,    98,
      81,    82,    33,    83,    84,    85,    86,    87,    88,     0,
       0,   172,    89,    90,    91,    92,    34,     0,    35,    36,
      37,    38,    39,    40,     0,   162,   163,   164,    41,    42,
      43,    44,    45,    46,    47,     0,     0,     0,   182,     0,
       0,     0,    48,   183,   184,     0,     0,   185,   186,   187,
     188,     0,   369,     0,    49,    50,     0,    51,     0,     0,
      52,    53,    -3,    79,     0,     0,     0,    54,    93,    55,
      56,    77,     0,    16,     0,    17,    18,    19,    20,    21,
       0,     0,    22,    23,    24,    25,    26,     0,    27,    28,
      29,    30,    31,    32,    80,    98,    81,    82,    33,    83,
      84,    85,    86,    87,    88,   162,   163,   164,    89,    90,
      91,    92,    34,     0,    35,    36,    37,    38,    39,    40,
     162,   163,   164,     0,    41,    42,    43,    44,    45,    46,
      47,   182,   411,   162,   163,   164,   183,   184,    48,     0,
     185,   186,   187,   188,     0,     0,     0,   413,     0,     0,
      49,    50,     0,    51,     0,     0,    52,    53,     0,    79,
     420,     0,     0,    54,    93,    55,    56,    77,   377,    16,
       0,    17,    18,    19,    20,    21,     0,     0,    22,    23,
      24,    25,    26,     0,    27,    28,    29,    30,    31,    32,
      80,    98,    81,    82,    33,    83,    84,    85,    86,    87,
      88,     0,     0,     0,    89,    90,    91,    92,    34,     0,
      35,    36,    37,    38,    39,    40,     0,     0,     0,     0,
      41,    42,    43,    44,    45,    46,    47,     0,     0,     0,
       0,   183,   184,     0,    48,   185,   186,   187,   188,     1,
       2,     3,     4,     5,     6,     0,    49,    50,     0,    51,
       0,     0,    52,    53,     0,    79,     0,     0,     0,    54,
      93,    55,    56,    77,   507,    16,     0,    17,    18,    19,
      20,    21,     0,     0,    22,    23,    24,    25,    26,     0,
      27,    28,    29,    30,    31,    32,    80,    98,    81,    82,
      33,    83,    84,    85,    86,    87,    88,     0,     0,     0,
      89,    90,    91,    92,    34,     0,    35,    36,    37,    38,
      39,    40,     0,     0,     0,     0,    41,    42,    43,    44,
      45,    46,    47,     0,     0,     0,     0,     0,     0,     0,
      48,     0,     0,     0,     0,     0,     0,     0,     0,     0,
       0,     0,    49,    50,     0,    51,     0,     0,    52,    53,
       0,    79,     0,     0,     0,    54,    93,    55,    56,    77,
     510,    16,     0,    17,    18,    19,    20,    21,     0,     0,
      22,    23,    24,    25,    26,     0,    27,    28,    29,    30,
      31,    32,    80,    98,    81,    82,    33,    83,    84,    85,
      86,    87,    88,     0,     0,     0,    89,    90,    91,    92,
      34,     0,    35,    36,    37,    38,    39,    40,     0,     0,
       0,     0,    41,    42,    43,    44,    45,    46,    47,     0,
       0,     0,     0,     0,     0,     0,    48,     0,     0,     0,
       0,     0,     0,     0,     0,     0,     0,     0,    49,    50,
       0,    51,     0,     0,    52,    53,     0,    79,     0,     0,
       0,    54,    93,    55,    56,    77,   526,    16,     0,    17,
      18,    19,    20,    21,     0,     0,    22,    23,    24,    25,
      26,     0,    27,    28,    29,    30,    31,    32,    80,    98,
      81,    82,    33,    83,    84,    85,    86,    87,    88,     0,
       0,     0,    89,    90,    91,    92,    34,     0,    35,    36,
      37,    38,    39,    40,     0,     0,     0,     0,    41,    42,
      43,    44,    45,    46,    47,     0,     0,     0,     0,     0,
       0,     0,    48,     0,     0,     0,     0,     0,     0,     0,
       0,     0,     0,     0,    49,    50,     0,    51,     0,     0,
      52,    53,     0,    79,     0,     0,     0,    54,    93,    55,
      56,    77,   535,    16,     0,    17,    18,    19,    20,    21,
       0,     0,    22,    23,    24,    25,    26,     0,    27,    28,
      29,    30,    31,    32,    80,    98,    81,    82,    33,    83,
      84,    85,    86,    87,    88,     0,     0,     0,    89,    90,
      91,    92,    34,     0,    35,    36,    37,    38,    39,    40,
       0,     0,     0,     0,    41,    42,    43,    44,    45,    46,
      47,     0,     0,     0,     0,     0,     0,     0,    48,     0,
       0,     0,     0,     0,     0,     0,     0,     0,     0,     0,
      49,    50,     0,    51,     0,     0,    52,    53,     0,    79,
       0,     0,     0,    54,    93,    55,    56,    77,     0,    16,
       0,    17,    18,    19,    20,    21,     0,     0,    22,    23,
      24,    25,    26,     0,    27,    28,    29,    30,    31,    32,
      80,    98,    81,    82,    33,    83,    84,    85,    86,    87,
      88,     0,     0,     0,    89,    90,    91,    92,    34,     0,
      35,    36,    37,    38,    39,    40,     0,     0,     0,     0,
      41,    42,    43,    44,    45,    46,    47,     0,     0,   542,
       0,     0,     0,     0,    48,     0,     0,     0,     0,     0,
       0,     0,     0,     0,     0,     0,    49,    50,     0,    51,
       0,     0,    52,    53,     0,    79,     0,     0,     0,    54,
      93,    55,    56,    77,     0,    16,     0,    17,    18,    19,
      20,    21,     0,     0,    22,    23,    24,    25,    26,     0,
      27,    28,    29,    30,    31,    32,    80,    98,    81,    82,
      33,    83,    84,    85,    86,    87,    88,     0,     0,     0,
      89,    90,    91,    92,    34,     0,    35,    36,    37,    38,
      39,    40,     0,     0,     0,     0,    41,    42,    43,    44,
      45,    46,    47,     0,     0,     0,     0,     0,     0,     0,
      48,     0,     0,     0,     0,     0,     0,     0,     0,     0,
       0,     0,    49,    50,     0,    51,     0,     0,    52,    53,
       0,    79,     0,     0,     0,    54,    93,    55,    56,    77,
       0,    16,     0,    17,    18,    19,    20,    21,     0,     0,
      22,    23,    24,    25,    26,     0,    27,    28,    29,    30,
      31,    32,    80,     0,    81,    82,    33,    83,    84,    85,
      86,    87,    88,     0,     0,     0,    89,    90,    91,    92,
      34,     0,    35,    36,    37,    38,    39,    40,     0,     0,
       0,     0,    41,    42,    43,    44,    45,    46,    47,     0,
       0,     0,     0,     0,     0,     0,    48,     0,     0,     0,
       0,     0,     0,     0,     0,     0,     0,     0,    49,    50,
       0,    51,     0,     0,    52,    53,    79,     0,     0,     0,
       0,    54,    93,    55,    56,     0,    16,     0,    17,    18,
      19,    20,    21,     0,     0,    22,    23,    24,    25,    26,
       0,    27,    28,    29,    30,    31,    32,     0,     0,     0,
       0,    33,     0,     0,  -271,     0,     0,     0,     0,     0,
       0,   170,   171,   172,   173,    34,     0,    35,    36,    37,
      38,    39,    40,     0,     0,     0,     0,    41,    42,    43,
      44,    45,    46,    47,   176,   177,   178,   179,   180,   181,
     182,    48,     0,     0,     0,   183,   184,     0,     0,   185,
     186,   187,   188,    49,    50,     0,    51,     0,     0,    52,
      53,    79,     0,     0,     0,     0,    54,   -74,    55,    56,
       0,    16,     0,    17,    18,    19,    20,    21,     0,     0,
      22,    23,    24,    25,    26,     0,    27,    28,    29,    30,
      31,    32,     0,     0,     0,     0,    33,     0,     0,     0,
       0,     0,     0,   170,  -271,   172,   173,     0,     0,     0,
      34,     0,    35,    36,    37,    38,    39,    40,     0,     0,
       0,     0,    41,    42,    43,    44,    45,    46,    47,     0,
       0,   181,   182,     0,     0,     0,    48,   183,   184,     0,
       0,   185,   186,   187,   188,     0,     0,     0,    49,    50,
       0,    51,     0,     0,    52,    53,     0,     0,     0,     0,
     -74,    54,     0,    55,    56,    77,     0,    16,     0,    17,
      18,    19,    20,    21,     0,     0,   129,    23,    24,    25,
      26,   109,    27,    28,    29,    30,    31,    32,     0,     0,
       0,     0,    33,     0,     0,     0,     0,     0,     0,   170,
     171,   172,   173,     0,     0,     0,    34,     0,    35,    36,
      37,    38,    39,    40,     0,     0,     0,     0,    41,    42,
      43,    44,    45,    46,    47,     0,     0,   181,   182,     0,
       0,     0,    48,   183,   184,     0,     0,   185,   186,   187,
     188,     0,     0,     0,    49,    50,     0,    51,     0,     0,
      52,    53,     0,     0,     0,     0,     0,    54,     0,    55,
      56,    77,     0,    16,     0,    17,    18,    19,    20,    21,
       0,     0,    22,    23,    24,    25,    26,     0,    27,    28,
      29,    30,    31,    32,     0,     0,     0,     0,    33,     0,
       0,     0,     0,     0,     0,  -271,     0,   172,   173,     0,
       0,     0,    34,     0,    35,    36,    37,    38,    39,    40,
       0,     0,     0,     0,    41,    42,    43,    44,    45,    46,
      47,     0,     0,   181,   182,     0,     0,     0,    48,   183,
     184,     0,     0,   185,   186,   187,   188,     0,     0,     0,
      49,    50,     0,    51,     0,     0,    52,    53,     0,     0,
       0,   172,   173,    54,     0,    55,    56,    16,   104,    17,
      18,    19,    20,    21,     0,     0,    22,    23,    24,    25,
      26,     0,    27,    28,    29,    30,    31,    32,   182,     0,
       0,     0,    33,   183,   184,     0,     0,   185,   186,   187,
     188,     0,     0,     0,     0,     0,    34,     0,    35,    36,
      37,    38,    39,    40,     0,     0,     0,     0,    41,    42,
      43,    44,    45,    46,    47,     0,     0,     0,     0,     0,
       0,     0,    48,     0,     0,     0,     0,     0,     0,     0,
       0,     0,     0,     0,    49,    50,     0,    51,     0,     0,
      52,    53,     0,     0,     0,     0,     0,    54,     0,    55,
      56,    16,     0,    17,    18,    19,    20,    21,     0,     0,
      22,    23,    24,    25,    26,     0,    27,    28,    29,    30,
      31,    32,     0,     0,     0,     0,    33,     0,     0,     0,
       0,     0,     0,     0,     0,     0,     0,     0,     0,     0,
      34,     0,    35,    36,    37,    38,    39,    40,     0,     0,
       0,     0,    41,    42,    43,    44,    45,    46,    47,     0,
       0,     0,     0,     0,     0,     0,    48,     0,     0,     0,
       0,     0,     0,     0,     0,     0,     0,     0,    49,    50,
       0,    51,     0,     0,    52,    53,     0,     0,     0,     0,
       0,    54,   137,    55,    56,    16,     0,    17,    18,    19,
      20,    21,     0,     0,    22,    23,    24,    25,    26,     0,
      27,    28,    29,    30,    31,    32,     0,     0,     0,     0,
      33,     0,     0,     0,     0,     0,     0,     0,     0,     0,
       0,     0,     0,     0,    34,     0,    35,    36,    37,    38,
      39,    40,     0,     0,     0,     0,    41,    42,    43,    44,
      45,    46,    47,     0,     0,     0,     0,     0,     0,     0,
      48,     0,     0,     0,     0,     0,     0,     0,     0,     0,
       0,     0,    49,    50,     0,    51,     0,     0,    52,    53,
       0,     0,     0,     0,   158,    54,     0,    55,    56,    16,
       0,    17,    18,    19,    20,    21,     0,     0,    22,    23,
      24,    25,    26,     0,    27,    28,    29,    30,    31,    32,
       0,     0,     0,     0,    33,     0,     0,     0,     0,     0,
       0,     0,     0,     0,     0,     0,     0,     0,    34,     0,
      35,    36,    37,    38,    39,    40,     0,     0,     0,     0,
      41,    42,    43,    44,    45,    46,    47,     0,     0,     0,
       0,     0,     0,     0,    48,     0,     0,     0,     0,     0,
       0,     0,     0,     0,     0,     0,    49,    50,     0,    51,
       0,     0,    52,    53,     0,     0,     0,     0,   237,    54,
       0,    55,    56,    16,     0,    17,    18,    19,    20,    21,
       0,     0,    22,    23,    24,    25,    26,     0,    27,    28,
      29,    30,    31,    32,     0,     0,     0,     0,    33,     0,
       0,     0,     0,     0,     0,     0,     0,     0,     0,     0,
       0,     0,    34,     0,    35,    36,    37,    38,    39,    40,
       0,     0,     0,     0,    41,    42,    43,    44,    45,    46,
      47,     0,     0,     0,     0,     0,     0,     0,    48,     0,
       0,     0,     0,     0,     0,     0,     0,     0,     0,     0,
      49,    50,     0,    51,     0,     0,    52,    53,     0,     0,
       0,     0,   252,    54,     0,    55,    56,    16,     0,    17,
      18,    19,    20,    21,     0,     0,    22,    23,    24,    25,
      26,     0,    27,    28,    29,    30,    31,    32,     0,     0,
       0,     0,    33,     0,     0,     0,     0,     0,     0,     0,
       0,     0,     0,     0,     0,     0,    34,     0,    35,    36,
      37,    38,    39,    40,     0,     0,     0,     0,    41,    42,
      43,    44,    45,    46,    47,     0,     0,     0,     0,     0,
       0,     0,    48,     0,     0,     0,     0,     0,     0,     0,
       0,     0,     0,     0,    49,    50,     0,    51,     0,     0,
      52,    53,     0,     0,     0,     0,   264,    54,     0,    55,
      56,    16,     0,    17,    18,    19,    20,    21,     0,     0,
      22,    23,    24,    25,    26,     0,    27,    28,    29,    30,
      31,    32,     0,     0,     0,     0,    33,     0,     0,     0,
       0,     0,     0,     0,     0,     0,     0,     0,     0,     0,
      34,     0,    35,    36,    37,    38,    39,    40,     0,     0,
       0,     0,    41,    42,    43,    44,    45,    46,    47,     0,
       0,     0,     0,     0,     0,     0,    48,     0,     0,     0,
       0,     0,     0,     0,     0,     0,     0,     0,    49,    50,
       0,    51,     0,     0,    52,    53,     0,     0,     0,     0,
     293,    54,     0,    55,    56,    16,     0,    17,    18,    19,
      20,    21,     0,     0,    22,    23,    24,    25,    26,     0,
      27,    28,    29,    30,    31,    32,     0,     0,     0,     0,
      33,     0,     0,     0,     0,     0,     0,     0,     0,     0,
       0,     0,     0,     0,    34,     0,    35,    36,    37,    38,
      39,    40,     0,     0,     0,     0,    41,    42,    43,    44,
      45,    46,    47,     0,     0,     0,     0,     0,     0,     0,
      48,     0,     0,     0,     0,     0,     0,     0,     0,     0,
       0,     0,    49,    50,     0,    51,     0,     0,    52,    53,
       0,     0,     0,     0,   347,    54,     0,    55,    56,    16,
       0,    17,    18,    19,    20,    21,     0,     0,    22,    23,
      24,    25,    26,     0,    27,    28,    29,    30,    31,    32,
       0,     0,     0,     0,    33,     0,     0,     0,     0,     0,
       0,     0,     0,     0,     0,     0,     0,     0,    34,     0,
      35,    36,    37,    38,    39,    40,     0,     0,     0,     0,
      41,    42,    43,    44,    45,    46,    47,     0,     0,     0,
       0,     0,     0,     0,    48,     0,     0,     0,     0,     0,
       0,     0,     0,     0,     0,     0,    49,    50,     0,    51,
       0,     0,    52,    53,     0,     0,     0,     0,   364,    54,
       0,    55,    56,    16,     0,    17,    18,    19,    20,    21,
       0,     0,    22,    23,    24,    25,    26,     0,    27,    28,
      29,    30,    31,    32,     0,     0,     0,     0,    33,     0,
       0,     0,     0,     0,     0,     0,     0,     0,     0,     0,
       0,     0,    34,     0,    35,    36,    37,    38,    39,    40,
       0,     0,     0,     0,    41,    42,    43,    44,    45,    46,
      47,     0,     0,     0,     0,     0,     0,     0,    48,     0,
       0,     0,     0,     0,     0,     0,     0,     0,     0,     0,
      49,    50,     0,    51,     0,     0,    52,    53,     0,     0,
       0,     0,     0,    54,     0,    55,    56,    16,     0,    17,
      18,   143,    20,    21,     0,     0,    22,    23,    24,    25,
      26,     0,    27,    28,    29,    30,    31,    32,     0,     0,
       0,     0,    33,     0,     0,     0,     0,     0,     0,     0,
       0,     0,     0,     0,     0,     0,    34,     0,    35,    36,
      37,    38,    39,    40,     0,     0,     0,     0,    41,    42,
      43,    44,    45,    46,    47,     0,     0,     0,     0,     0,
       0,     0,    48,     0,     0,     0,     0,     0,     0,     0,
       0,     0,     0,     0,    49,    50,   169,    51,     0,     0,
      52,    53,     0,   170,   171,   172,   173,   246,     0,    55,
      56,     0,     0,     0,     0,     0,     0,     0,     0,     0,
       0,     0,     0,   174,   175,   357,   176,   177,   178,   179,
     180,   181,   182,     0,     0,     0,     0,   183,   184,   169,
       0,   185,   186,   187,   188,     0,   170,   171,   172,   173,
       0,     0,     0,     0,     0,     0,     0,     0,     0,     0,
       0,     0,     0,     0,     0,     0,   174,   175,     0,   176,
     177,   178,   179,   180,   181,   182,     0,     0,     0,     0,
     183,   184,   169,     0,   185,   186,   187,   188,     0,   170,
     171,   172,   173,     0,     0,     0,     0,     0,     0,     0,
       0,     0,     0,     0,     0,     0,     0,     0,     0,     0,
     175,     0,   176,   177,   178,   179,   180,   181,   182,     0,
       0,     0,     0,   183,   184,     0,     0,   185,   186,   187,
     188
};

static const yytype_int16 yycheck[] =
{
      10,    11,    12,   339,    15,   115,   126,     9,   321,   432,
       9,    11,     9,   468,    16,    11,     9,    46,    12,    40,
      46,    77,     9,    20,    11,    15,    16,    48,    25,    39,
       0,   141,    42,   311,     9,    20,    21,     9,    23,    24,
      23,    43,    77,   321,    11,    11,   324,   325,    20,   105,
       9,   101,    54,    25,   101,    40,    41,     9,   101,    11,
       9,    20,    11,    15,    16,    17,    25,    15,    16,    21,
      55,    56,    23,    69,   101,    15,    16,    17,    20,    73,
      74,    75,    92,    25,     9,   540,    11,   122,    98,    43,
      44,   427,   102,   103,   115,    77,    15,    16,    98,     9,
     101,    11,    69,   102,    17,    18,   103,   530,   228,   102,
      62,   121,   133,   103,   101,   144,   118,    30,   144,   102,
     141,    34,   400,   125,   126,   461,    39,    67,     9,    42,
      11,   103,    45,     9,    47,    12,    49,    50,    51,    52,
      53,   126,     9,   145,   103,   104,    20,    45,    12,   101,
     101,   103,   104,   100,     9,   103,    11,   435,   436,    69,
     162,   163,   164,   103,   166,   167,   168,   202,   203,   204,
     205,   206,    91,   208,   209,   101,   211,   212,   207,    12,
     101,   207,   101,     9,   103,    11,   197,   189,   190,   191,
     192,   193,   194,   195,   196,   473,    73,    74,    75,    67,
      73,    74,    75,     9,   214,    11,   101,   101,   229,    73,
      74,    75,    12,   101,    69,   217,   218,   219,   220,   221,
     222,    12,   101,    91,   537,   100,   228,   337,    12,   102,
       9,   144,    11,   101,    69,   103,    12,   515,   240,    12,
      73,    74,    75,    69,   246,    73,    74,    75,   368,    73,
      74,    75,   165,   102,   256,   101,   169,   170,   171,   172,
     173,   174,   175,   176,   177,   178,   179,   180,   181,   182,
     183,   101,   100,    73,    74,    75,    10,    20,   102,   281,
     282,    11,    73,    74,    75,    20,   288,    91,   323,    73,
      74,    75,   302,   322,   101,    69,   322,    73,    74,    75,
      73,    74,    75,   101,   289,   100,   308,   309,   310,   311,
      73,    74,    75,    19,    20,    21,   337,    23,    24,   321,
     430,    10,   324,   325,    11,   434,    23,    11,   437,    75,
     101,   341,   441,   442,    40,    41,    73,    74,    75,   102,
      46,    18,   104,   378,   104,   104,   381,   382,   104,    55,
      56,   353,   104,   101,   471,   464,   465,    20,   393,   103,
      39,    40,    41,    42,   100,   474,   368,    46,   101,    48,
      73,    74,    75,   490,   491,    23,    23,    10,    58,    59,
      60,    61,    10,    89,   493,   502,    10,    10,   497,   498,
      10,    23,   100,    20,    73,    74,    75,   100,   400,   516,
     517,   100,   404,    83,    84,    85,    86,    87,   100,   430,
     519,   101,    92,    93,   531,   100,    96,    97,    98,    99,
     126,   100,   100,    73,    74,    75,   102,   536,    58,    59,
      60,    61,   100,   435,   436,   544,   100,   143,   144,    39,
      40,    41,    42,   454,   357,   100,    46,     9,    48,    12,
     460,   462,   102,    10,    84,    85,    86,    87,    60,    61,
     100,   102,    92,    93,     9,   101,    96,    97,    98,    99,
     472,   473,   482,    73,    74,    75,    25,     0,   488,   100,
      77,   492,   188,   100,    86,    87,     9,    71,    11,    12,
      92,    93,   102,   100,    96,    97,    98,    99,   509,   100,
      78,   207,     9,   513,   102,    58,    59,    60,    61,    96,
      97,    98,    99,   515,   100,   525,    39,    40,    41,    42,
     101,   532,    70,    46,    19,    48,   100,   100,    51,   539,
      12,    98,    85,    86,    87,    58,    59,    60,    61,    92,
      93,   472,   309,    96,    97,    98,    99,   199,   537,    33,
      73,    74,    75,     0,    77,    78,    79,    80,    81,    82,
      83,    84,    85,    86,    87,    12,    82,   380,   448,    92,
      93,   479,   428,    96,    97,    98,    99,   100,   248,   102,
     480,   322,   105,   289,   144,   207,    73,    74,    75,    -1,
     503,    -1,    39,    40,    41,    42,    73,    74,    75,    46,
      -1,    48,    -1,    -1,    51,    -1,    -1,   313,    -1,    -1,
      -1,    58,    59,    60,    61,   102,   322,    -1,    73,    74,
      75,    73,    74,    75,    -1,   102,    73,    74,    75,    -1,
      77,    78,    79,    80,    81,    82,    83,    84,    85,    86,
      87,    73,    74,    75,    -1,    92,    93,   102,   100,    96,
      97,    98,    99,   100,    -1,   102,     0,     1,   105,    -1,
      -1,    -1,    -1,    -1,    -1,     9,    -1,    11,   100,    13,
      14,    15,    16,    17,    -1,    -1,    20,    21,    22,    23,
      24,    -1,    26,    27,    28,    29,    30,    31,    32,    33,
      34,    35,    36,    37,    38,    39,    40,    41,    42,    -1,
      -1,    60,    46,    47,    48,    49,    50,    -1,    52,    53,
      54,    55,    56,    57,    -1,    73,    74,    75,    62,    63,
      64,    65,    66,    67,    68,    -1,    -1,    -1,    87,    -1,
      -1,    -1,    76,    92,    93,    -1,    -1,    96,    97,    98,
      99,    -1,   100,    -1,    88,    89,    -1,    91,    -1,    -1,
      94,    95,     0,     1,    -1,    -1,    -1,   101,   102,   103,
     104,     9,    -1,    11,    -1,    13,    14,    15,    16,    17,
      -1,    -1,    20,    21,    22,    23,    24,    -1,    26,    27,
      28,    29,    30,    31,    32,    33,    34,    35,    36,    37,
      38,    39,    40,    41,    42,    73,    74,    75,    46,    47,
      48,    49,    50,    -1,    52,    53,    54,    55,    56,    57,
      73,    74,    75,    -1,    62,    63,    64,    65,    66,    67,
      68,    87,   100,    73,    74,    75,    92,    93,    76,    -1,
      96,    97,    98,    99,    -1,    -1,    -1,   100,    -1,    -1,
      88,    89,    -1,    91,    -1,    -1,    94,    95,    -1,     1,
     100,    -1,    -1,   101,   102,   103,   104,     9,    10,    11,
      -1,    13,    14,    15,    16,    17,    -1,    -1,    20,    21,
      22,    23,    24,    -1,    26,    27,    28,    29,    30,    31,
      32,    33,    34,    35,    36,    37,    38,    39,    40,    41,
      42,    -1,    -1,    -1,    46,    47,    48,    49,    50,    -1,
      52,    53,    54,    55,    56,    57,    -1,    -1,    -1,    -1,
      62,    63,    64,    65,    66,    67,    68,    -1,    -1,    -1,
      -1,    92,    93,    -1,    76,    96,    97,    98,    99,     3,
       4,     5,     6,     7,     8,    -1,    88,    89,    -1,    91,
      -1,    -1,    94,    95,    -1,     1,    -1,    -1,    -1,   101,
     102,   103,   104,     9,    10,    11,    -1,    13,    14,    15,
      16,    17,    -1,    -1,    20,    21,    22,    23,    24,    -1,
      26,    27,    28,    29,    30,    31,    32,    33,    34,    35,
      36,    37,    38,    39,    40,    41,    42,    -1,    -1,    -1,
      46,    47,    48,    49,    50,    -1,    52,    53,    54,    55,
      56,    57,    -1,    -1,    -1,    -1,    62,    63,    64,    65,
      66,    67,    68,    -1,    -1,    -1,    -1,    -1,    -1,    -1,
      76,    -1,    -1,    -1,    -1,    -1,    -1,    -1,    -1,    -1,
      -1,    -1,    88,    89,    -1,    91,    -1,    -1,    94,    95,
      -1,     1,    -1,    -1,    -1,   101,   102,   103,   104,     9,
      10,    11,    -1,    13,    14,    15,    16,    17,    -1,    -1,
      20,    21,    22,    23,    24,    -1,    26,    27,    28,    29,
      30,    31,    32,    33,    34,    35,    36,    37,    38,    39,
      40,    41,    42,    -1,    -1,    -1,    46,    47,    48,    49,
      50,    -1,    52,    53,    54,    55,    56,    57,    -1,    -1,
      -1,    -1,    62,    63,    64,    65,    66,    67,    68,    -1,
      -1,    -1,    -1,    -1,    -1,    -1,    76,    -1,    -1,    -1,
      -1,    -1,    -1,    -1,    -1,    -1,    -1,    -1,    88,    89,
      -1,    91,    -1,    -1,    94,    95,    -1,     1,    -1,    -1,
      -1,   101,   102,   103,   104,     9,    10,    11,    -1,    13,
      14,    15,    16,    17,    -1,    -1,    20,    21,    22,    23,
      24,    -1,    26,    27,    28,    29,    30,    31,    32,    33,
      34,    35,    36,    37,    38,    39,    40,    41,    42,    -1,
      -1,    -1,    46,    47,    48,    49,    50,    -1,    52,    53,
      54,    55,    56,    57,    -1,    -1,    -1,    -1,    62,    63,
      64,    65,    66,    67,    68,    -1,    -1,    -1,    -1,    -1,
      -1,    -1,    76,    -1,    -1,    -1,    -1,    -1,    -1,    -1,
      -1,    -1,    -1,    -1,    88,    89,    -1,    91,    -1,    -1,
      94,    95,    -1,     1,    -1,    -1,    -1,   101,   102,   103,
     104,     9,    10,    11,    -1,    13,    14,    15,    16,    17,
      -1,    -1,    20,    21,    22,    23,    24,    -1,    26,    27,
      28,    29,    30,    31,    32,    33,    34,    35,    36,    37,
      38,    39,    40,    41,    42,    -1,    -1,    -1,    46,    47,
      48,    49,    50,    -1,    52,    53,    54,    55,    56,    57,
      -1,    -1,    -1,    -1,    62,    63,    64,    65,    66,    67,
      68,    -1,    -1,    -1,    -1,    -1,    -1,    -1,    76,    -1,
      -1,    -1,    -1,    -1,    -1,    -1,    -1,    -1,    -1,    -1,
      88,    89,    -1,    91,    -1,    -1,    94,    95,    -1,     1,
      -1,    -1,    -1,   101,   102,   103,   104,     9,    -1,    11,
      -1,    13,    14,    15,    16,    17,    -1,    -1,    20,    21,
      22,    23,    24,    -1,    26,    27,    28,    29,    30,    31,
      32,    33,    34,    35,    36,    37,    38,    39,    40,    41,
      42,    -1,    -1,    -1,    46,    47,    48,    49,    50,    -1,
      52,    53,    54,    55,    56,    57,    -1,    -1,    -1,    -1,
      62,    63,    64,    65,    66,    67,    68,    -1,    -1,    71,
      -1,    -1,    -1,    -1,    76,    -1,    -1,    -1,    -1,    -1,
      -1,    -1,    -1,    -1,    -1,    -1,    88,    89,    -1,    91,
      -1,    -1,    94,    95,    -1,     1,    -1,    -1,    -1,   101,
     102,   103,   104,     9,    -1,    11,    -1,    13,    14,    15,
      16,    17,    -1,    -1,    20,    21,    22,    23,    24,    -1,
      26,    27,    28,    29,    30,    31,    32,    33,    34,    35,
      36,    37,    38,    39,    40,    41,    42,    -1,    -1,    -1,
      46,    47,    48,    49,    50,    -1,    52,    53,    54,    55,
      56,    57,    -1,    -1,    -1,    -1,    62,    63,    64,    65,
      66,    67,    68,    -1,    -1,    -1,    -1,    -1,    -1,    -1,
      76,    -1,    -1,    -1,    -1,    -1,    -1,    -1,    -1,    -1,
      -1,    -1,    88,    89,    -1,    91,    -1,    -1,    94,    95,
      -1,     1,    -1,    -1,    -1,   101,   102,   103,   104,     9,
      -1,    11,    -1,    13,    14,    15,    16,    17,    -1,    -1,
      20,    21,    22,    23,    24,    -1,    26,    27,    28,    29,
      30,    31,    32,    -1,    34,    35,    36,    37,    38,    39,
      40,    41,    42,    -1,    -1,    -1,    46,    47,    48,    49,
      50,    -1,    52,    53,    54,    55,    56,    57,    -1,    -1,
      -1,    -1,    62,    63,    64,    65,    66,    67,    68,    -1,
      -1,    -1,    -1,    -1,    -1,    -1,    76,    -1,    -1,    -1,
      -1,    -1,    -1,    -1,    -1,    -1,    -1,    -1,    88,    89,
      -1,    91,    -1,    -1,    94,    95,     1,    -1,    -1,    -1,
      -1,   101,   102,   103,   104,    -1,    11,    -1,    13,    14,
      15,    16,    17,    -1,    -1,    20,    21,    22,    23,    24,
      -1,    26,    27,    28,    29,    30,    31,    -1,    -1,    -1,
      -1,    36,    -1,    -1,    51,    -1,    -1,    -1,    -1,    -1,
      -1,    58,    59,    60,    61,    50,    -1,    52,    53,    54,
      55,    56,    57,    -1,    -1,    -1,    -1,    62,    63,    64,
      65,    66,    67,    68,    81,    82,    83,    84,    85,    86,
      87,    76,    -1,    -1,    -1,    92,    93,    -1,    -1,    96,
      97,    98,    99,    88,    89,    -1,    91,    -1,    -1,    94,
      95,     1,    -1,    -1,    -1,    -1,   101,   102,   103,   104,
      -1,    11,    -1,    13,    14,    15,    16,    17,    -1,    -1,
      20,    21,    22,    23,    24,    -1,    26,    27,    28,    29,
      30,    31,    -1,    -1,    -1,    -1,    36,    -1,    -1,    -1,
      -1,    -1,    -1,    58,    59,    60,    61,    -1,    -1,    -1,
      50,    -1,    52,    53,    54,    55,    56,    57,    -1,    -1,
      -1,    -1,    62,    63,    64,    65,    66,    67,    68,    -1,
      -1,    86,    87,    -1,    -1,    -1,    76,    92,    93,    -1,
      -1,    96,    97,    98,    99,    -1,    -1,    -1,    88,    89,
      -1,    91,    -1,    -1,    94,    95,    -1,    -1,    -1,    -1,
     100,   101,    -1,   103,   104,     9,    -1,    11,    -1,    13,
      14,    15,    16,    17,    -1,    -1,    20,    21,    22,    23,
      24,    25,    26,    27,    28,    29,    30,    31,    -1,    -1,
      -1,    -1,    36,    -1,    -1,    -1,    -1,    -1,    -1,    58,
      59,    60,    61,    -1,    -1,    -1,    50,    -1,    52,    53,
      54,    55,    56,    57,    -1,    -1,    -1,    -1,    62,    63,
      64,    65,    66,    67,    68,    -1,    -1,    86,    87,    -1,
      -1,    -1,    76,    92,    93,    -1,    -1,    96,    97,    98,
      99,    -1,    -1,    -1,    88,    89,    -1,    91,    -1,    -1,
      94,    95,    -1,    -1,    -1,    -1,    -1,   101,    -1,   103,
     104,     9,    -1,    11,    -1,    13,    14,    15,    16,    17,
      -1,    -1,    20,    21,    22,    23,    24,    -1,    26,    27,
      28,    29,    30,    31,    -1,    -1,    -1,    -1,    36,    -1,
      -1,    -1,    -1,    -1,    -1,    58,    -1,    60,    61,    -1,
      -1,    -1,    50,    -1,    52,    53,    54,    55,    56,    57,
      -1,    -1,    -1,    -1,    62,    63,    64,    65,    66,    67,
      68,    -1,    -1,    86,    87,    -1,    -1,    -1,    76,    92,
      93,    -1,    -1,    96,    97,    98,    99,    -1,    -1,    -1,
      88,    89,    -1,    91,    -1,    -1,    94,    95,    -1,    -1,
      -1,    60,    61,   101,    -1,   103,   104,    11,    12,    13,
      14,    15,    16,    17,    -1,    -1,    20,    21,    22,    23,
      24,    -1,    26,    27,    28,    29,    30,    31,    87,    -1,
      -1,    -1,    36,    92,    93,    -1,    -1,    96,    97,    98,
      99,    -1,    -1,    -1,    -1,    -1,    50,    -1,    52,    53,
      54,    55,    56,    57,    -1,    -1,    -1,    -1,    62,    63,
      64,    65,    66,    67,    68,    -1,    -1,    -1,    -1,    -1,
      -1,    -1,    76,    -1,    -1,    -1,    -1,    -1,    -1,    -1,
      -1,    -1,    -1,    -1,    88,    89,    -1,    91,    -1,    -1,
      94,    95,    -1,    -1,    -1,    -1,    -1,   101,    -1,   103,
     104,    11,    -1,    13,    14,    15,    16,    17,    -1,    -1,
      20,    21,    22,    23,    24,    -1,    26,    27,    28,    29,
      30,    31,    -1,    -1,    -1,    -1,    36,    -1,    -1,    -1,
      -1,    -1,    -1,    -1,    -1,    -1,    -1,    -1,    -1,    -1,
      50,    -1,    52,    53,    54,    55,    56,    57,    -1,    -1,
      -1,    -1,    62,    63,    64,    65,    66,    67,    68,    -1,
      -1,    -1,    -1,    -1,    -1,    -1,    76,    -1,    -1,    -1,
      -1,    -1,    -1,    -1,    -1,    -1,    -1,    -1,    88,    89,
      -1,    91,    -1,    -1,    94,    95,    -1,    -1,    -1,    -1,
      -1,   101,   102,   103,   104,    11,    -1,    13,    14,    15,
      16,    17,    -1,    -1,    20,    21,    22,    23,    24,    -1,
      26,    27,    28,    29,    30,    31,    -1,    -1,    -1,    -1,
      36,    -1,    -1,    -1,    -1,    -1,    -1,    -1,    -1,    -1,
      -1,    -1,    -1,    -1,    50,    -1,    52,    53,    54,    55,
      56,    57,    -1,    -1,    -1,    -1,    62,    63,    64,    65,
      66,    67,    68,    -1,    -1,    -1,    -1,    -1,    -1,    -1,
      76,    -1,    -1,    -1,    -1,    -1,    -1,    -1,    -1,    -1,
      -1,    -1,    88,    89,    -1,    91,    -1,    -1,    94,    95,
      -1,    -1,    -1,    -1,   100,   101,    -1,   103,   104,    11,
      -1,    13,    14,    15,    16,    17,    -1,    -1,    20,    21,
      22,    23,    24,    -1,    26,    27,    28,    29,    30,    31,
      -1,    -1,    -1,    -1,    36,    -1,    -1,    -1,    -1,    -1,
      -1,    -1,    -1,    -1,    -1,    -1,    -1,    -1,    50,    -1,
      52,    53,    54,    55,    56,    57,    -1,    -1,    -1,    -1,
      62,    63,    64,    65,    66,    67,    68,    -1,    -1,    -1,
      -1,    -1,    -1,    -1,    76,    -1,    -1,    -1,    -1,    -1,
      -1,    -1,    -1,    -1,    -1,    -1,    88,    89,    -1,    91,
      -1,    -1,    94,    95,    -1,    -1,    -1,    -1,   100,   101,
      -1,   103,   104,    11,    -1,    13,    14,    15,    16,    17,
      -1,    -1,    20,    21,    22,    23,    24,    -1,    26,    27,
      28,    29,    30,    31,    -1,    -1,    -1,    -1,    36,    -1,
      -1,    -1,    -1,    -1,    -1,    -1,    -1,    -1,    -1,    -1,
      -1,    -1,    50,    -1,    52,    53,    54,    55,    56,    57,
      -1,    -1,    -1,    -1,    62,    63,    64,    65,    66,    67,
      68,    -1,    -1,    -1,    -1,    -1,    -1,    -1,    76,    -1,
      -1,    -1,    -1,    -1,    -1,    -1,    -1,    -1,    -1,    -1,
      88,    89,    -1,    91,    -1,    -1,    94,    95,    -1,    -1,
      -1,    -1,   100,   101,    -1,   103,   104,    11,    -1,    13,
      14,    15,    16,    17,    -1,    -1,    20,    21,    22,    23,
      24,    -1,    26,    27,    28,    29,    30,    31,    -1,    -1,
      -1,    -1,    36,    -1,    -1,    -1,    -1,    -1,    -1,    -1,
      -1,    -1,    -1,    -1,    -1,    -1,    50,    -1,    52,    53,
      54,    55,    56,    57,    -1,    -1,    -1,    -1,    62,    63,
      64,    65,    66,    67,    68,    -1,    -1,    -1,    -1,    -1,
      -1,    -1,    76,    -1,    -1,    -1,    -1,    -1,    -1,    -1,
      -1,    -1,    -1,    -1,    88,    89,    -1,    91,    -1,    -1,
      94,    95,    -1,    -1,    -1,    -1,   100,   101,    -1,   103,
     104,    11,    -1,    13,    14,    15,    16,    17,    -1,    -1,
      20,    21,    22,    23,    24,    -1,    26,    27,    28,    29,
      30,    31,    -1,    -1,    -1,    -1,    36,    -1,    -1,    -1,
      -1,    -1,    -1,    -1,    -1,    -1,    -1,    -1,    -1,    -1,
      50,    -1,    52,    53,    54,    55,    56,    57,    -1,    -1,
      -1,    -1,    62,    63,    64,    65,    66,    67,    68,    -1,
      -1,    -1,    -1,    -1,    -1,    -1,    76,    -1,    -1,    -1,
      -1,    -1,    -1,    -1,    -1,    -1,    -1,    -1,    88,    89,
      -1,    91,    -1,    -1,    94,    95,    -1,    -1,    -1,    -1,
     100,   101,    -1,   103,   104,    11,    -1,    13,    14,    15,
      16,    17,    -1,    -1,    20,    21,    22,    23,    24,    -1,
      26,    27,    28,    29,    30,    31,    -1,    -1,    -1,    -1,
      36,    -1,    -1,    -1,    -1,    -1,    -1,    -1,    -1,    -1,
      -1,    -1,    -1,    -1,    50,    -1,    52,    53,    54,    55,
      56,    57,    -1,    -1,    -1,    -1,    62,    63,    64,    65,
      66,    67,    68,    -1,    -1,    -1,    -1,    -1,    -1,    -1,
      76,    -1,    -1,    -1,    -1,    -1,    -1,    -1,    -1,    -1,
      -1,    -1,    88,    89,    -1,    91,    -1,    -1,    94,    95,
      -1,    -1,    -1,    -1,   100,   101,    -1,   103,   104,    11,
      -1,    13,    14,    15,    16,    17,    -1,    -1,    20,    21,
      22,    23,    24,    -1,    26,    27,    28,    29,    30,    31,
      -1,    -1,    -1,    -1,    36,    -1,    -1,    -1,    -1,    -1,
      -1,    -1,    -1,    -1,    -1,    -1,    -1,    -1,    50,    -1,
      52,    53,    54,    55,    56,    57,    -1,    -1,    -1,    -1,
      62,    63,    64,    65,    66,    67,    68,    -1,    -1,    -1,
      -1,    -1,    -1,    -1,    76,    -1,    -1,    -1,    -1,    -1,
      -1,    -1,    -1,    -1,    -1,    -1,    88,    89,    -1,    91,
      -1,    -1,    94,    95,    -1,    -1,    -1,    -1,   100,   101,
      -1,   103,   104,    11,    -1,    13,    14,    15,    16,    17,
      -1,    -1,    20,    21,    22,    23,    24,    -1,    26,    27,
      28,    29,    30,    31,    -1,    -1,    -1,    -1,    36,    -1,
      -1,    -1,    -1,    -1,    -1,    -1,    -1,    -1,    -1,    -1,
      -1,    -1,    50,    -1,    52,    53,    54,    55,    56,    57,
      -1,    -1,    -1,    -1,    62,    63,    64,    65,    66,    67,
      68,    -1,    -1,    -1,    -1,    -1,    -1,    -1,    76,    -1,
      -1,    -1,    -1,    -1,    -1,    -1,    -1,    -1,    -1,    -1,
      88,    89,    -1,    91,    -1,    -1,    94,    95,    -1,    -1,
      -1,    -1,    -1,   101,    -1,   103,   104,    11,    -1,    13,
      14,    15,    16,    17,    -1,    -1,    20,    21,    22,    23,
      24,    -1,    26,    27,    28,    29,    30,    31,    -1,    -1,
      -1,    -1,    36,    -1,    -1,    -1,    -1,    -1,    -1,    -1,
      -1,    -1,    -1,    -1,    -1,    -1,    50,    -1,    52,    53,
      54,    55,    56,    57,    -1,    -1,    -1,    -1,    62,    63,
      64,    65,    66,    67,    68,    -1,    -1,    -1,    -1,    -1,
      -1,    -1,    76,    -1,    -1,    -1,    -1,    -1,    -1,    -1,
      -1,    -1,    -1,    -1,    88,    89,    51,    91,    -1,    -1,
      94,    95,    -1,    58,    59,    60,    61,   101,    -1,   103,
     104,    -1,    -1,    -1,    -1,    -1,    -1,    -1,    -1,    -1,
      -1,    -1,    -1,    78,    79,    80,    81,    82,    83,    84,
      85,    86,    87,    -1,    -1,    -1,    -1,    92,    93,    51,
      -1,    96,    97,    98,    99,    -1,    58,    59,    60,    61,
      -1,    -1,    -1,    -1,    -1,    -1,    -1,    -1,    -1,    -1,
      -1,    -1,    -1,    -1,    -1,    -1,    78,    79,    -1,    81,
      82,    83,    84,    85,    86,    87,    -1,    -1,    -1,    -1,
      92,    93,    51,    -1,    96,    97,    98,    99,    -1,    58,
      59,    60,    61,    -1,    -1,    -1,    -1,    -1,    -1,    -1,
      -1,    -1,    -1,    -1,    -1,    -1,    -1,    -1,    -1,    -1,
      79,    -1,    81,    82,    83,    84,    85,    86,    87,    -1,
      -1,    -1,    -1,    92,    93,    -1,    -1,    96,    97,    98,
      99
};

  /* YYSTOS[STATE-NUM] -- The (internal number of the) accessing
     symbol of state STATE-NUM.  */
static const yytype_uint8 yystos[] =
{
       0,     3,     4,     5,     6,     7,     8,   107,   108,   109,
     110,   111,   112,   113,     0,   116,    11,    13,    14,    15,
      16,    17,    20,    21,    22,    23,    24,    26,    27,    28,
      29,    30,    31,    36,    50,    52,    53,    54,    55,    56,
      57,    62,    63,    64,    65,    66,    67,    68,    76,    88,
      89,    91,    94,    95,   101,   103,   104,   161,   162,   163,
     166,   167,   168,   169,   170,   171,   173,   176,   182,   183,
     184,   186,   187,   188,   189,   190,   191,     9,   114,     1,
      32,    34,    35,    37,    38,    39,    40,    41,    42,    46,
      47,    48,    49,   102,   114,   123,   133,   161,    33,   121,
     122,   123,   119,   119,    12,   161,   171,   171,    20,    25,
     114,   183,   192,   192,   192,   192,   192,   172,    11,   101,
     171,   144,   144,   171,   101,   101,   101,   114,   171,    20,
     162,   175,   183,   192,   192,   114,   171,   102,   161,    20,
      25,   146,   171,    15,    91,   101,   174,   183,   184,   185,
     186,   171,   162,   171,   171,   171,   171,   171,   100,   161,
     192,   192,    73,    74,    75,    77,     9,    11,   101,    51,
      58,    59,    60,    61,    78,    79,    81,    82,    83,    84,
      85,    86,    87,    92,    93,    96,    97,    98,    99,   101,
       9,    11,     9,    11,     9,    11,     9,   116,   145,   146,
      20,   143,   101,   101,   101,   101,    67,    91,   101,   181,
     183,   101,   101,   114,    45,   135,   102,    39,    40,    41,
      42,    46,    48,   122,   123,   121,    12,   175,   101,   101,
     161,   100,   114,    23,   116,   147,   100,   100,   161,   176,
     192,   162,    10,   102,   175,    25,   101,   171,   174,   183,
     184,   186,   100,   161,    69,   149,    11,   100,   161,   161,
     161,   171,   161,   161,   100,   161,   171,   171,   171,   171,
     171,   171,   171,   171,   171,   171,   171,   171,   171,   171,
     171,     9,    11,    15,    16,    17,    21,    62,   101,   103,
     104,   165,   183,   100,   161,   161,   161,   161,   161,   161,
     161,   161,   119,    20,   142,   143,    20,   126,   116,   116,
     116,   116,    91,   116,    67,   179,   180,   182,   183,   184,
     186,   116,   116,   101,   116,   116,   114,   161,   139,   161,
     161,   161,   161,   161,   176,   162,    12,   164,   101,   158,
      69,   148,   100,   100,   161,    10,    11,   100,   161,   149,
     100,    23,   161,    11,   102,    12,   100,    80,   161,   161,
     104,   104,   104,   104,   100,   161,   104,   104,   101,   100,
     102,    12,   102,    12,   102,    12,   102,    10,    18,   115,
     124,   125,     9,   102,    20,   138,   161,   139,   140,   161,
     140,   178,   183,   101,   133,   137,   140,   141,   161,   179,
     116,   140,   140,   100,   105,   177,   175,   159,   148,    23,
     114,   100,    23,   100,    12,   161,    10,   171,   102,    12,
     100,   176,    10,    10,    10,    10,   116,   147,   116,   116,
      20,   100,   100,   100,   100,   101,   116,   100,   102,   129,
     140,   100,   100,   161,   100,    15,    16,   103,   151,   152,
     154,   155,   156,   157,     9,    12,    12,    10,   100,   102,
     148,   158,   130,   175,   136,   136,     9,   117,   117,   140,
     140,   117,   127,   101,   100,   117,   117,    25,   150,   150,
      77,   100,   119,    71,   102,   114,   160,   148,   119,   102,
     117,   117,   118,    43,    44,   134,   134,   100,   100,   135,
     138,   140,   117,    78,   153,   153,   155,    10,   120,     9,
      10,   135,   135,   119,   117,   101,   117,   117,   102,   100,
     135,   171,    23,   102,   131,   119,    10,   140,   135,   135,
     128,   117,    70,   132,    19,    10,   100,   136,   135,   119,
     117,   141,    71,   134,   100,   117
};

  /* YYR1[YYN] -- Symbol number of symbol that rule YYN derives.  */
static const yytype_uint8 yyr1[] =
{
       0,   106,   108,   107,   109,   107,   110,   107,   111,   107,
     112,   107,   113,   107,   114,   115,   116,   117,   118,   119,
     119,   120,   120,   121,   121,   122,   122,   123,   123,   124,
     123,   125,   123,   123,   126,   123,   123,   123,   123,   123,
     123,   123,   123,   127,   128,   123,   123,   123,   129,   123,
     123,   123,   123,   130,   123,   123,   123,   131,   132,   132,
     133,   133,   133,   133,   133,   133,   133,   133,   134,   134,
     134,   135,   135,   136,   137,   137,   138,   138,   139,   140,
     141,   142,   142,   143,   144,   145,   146,   146,   147,   147,
     148,   148,   148,   149,   149,   150,   150,   151,   151,   152,
     153,   153,   153,   154,   155,   155,   156,   156,   156,   157,
     157,   159,   158,   160,   160,   161,   161,   161,   161,   162,
     162,   162,   163,   163,   163,   163,   163,   163,   163,   163,
     164,   163,   165,   165,   166,   166,   166,   166,   166,   166,
     166,   166,   166,   166,   166,   166,   166,   166,   167,   167,
     167,   167,   167,   167,   167,   167,   167,   167,   167,   167,
     167,   167,   168,   168,   168,   168,   168,   168,   168,   168,
     168,   168,   169,   169,   169,   169,   169,   169,   170,   170,
     171,   171,   171,   171,   171,   171,   171,   171,   171,   171,
     171,   171,   171,   171,   171,   171,   171,   171,   171,   171,
     171,   171,   171,   171,   171,   171,   171,   171,   171,   171,
     171,   171,   171,   171,   171,   171,   171,   171,   171,   171,
     171,   171,   171,   171,   171,   171,   171,   171,   171,   172,
     171,   171,   171,   171,   171,   173,   173,   173,   174,   174,
     174,   174,   174,   174,   175,   175,   176,   176,   177,   177,
     178,   179,   179,   179,   180,   180,   181,   181,   182,   183,
     184,   185,   186,   187,   187,   188,   189,   189,   190,   190,
     191,   191,   192,   192,   192,   192
};

  /* YYR2[YYN] -- Number of symbols on the right hand side of rule YYN.  */
static const yytype_uint8 yyr2[] =
{
       0,     2,     0,     4,     0,     3,     0,     3,     0,     3,
       0,     3,     0,     3,     4,     7,     0,     4,     0,     0,
       2,     0,     2,     1,     1,     2,     2,     1,     4,     0,
       7,     0,    10,     4,     0,     7,     7,     7,     6,     6,
       2,     8,     8,     0,     0,    13,     9,     8,     0,    10,
       9,     7,     2,     0,     8,     2,     1,     2,     0,     3,
       1,     1,     3,     3,     3,     3,     3,     3,     0,     2,
       6,     0,     2,     0,     0,     1,     0,     1,     1,     1,
       1,     1,     0,     0,     0,     0,     1,     1,     0,     1,
       0,     2,     1,     2,     1,     0,     1,     1,     1,     3,
       0,     1,     2,     3,     1,     1,     2,     3,     1,     0,
       1,     0,     4,     1,     1,     3,     3,     3,     1,     2,
       3,     1,     3,     5,     6,     3,     3,     5,     2,     4,
       0,     5,     1,     1,     5,     4,     5,     4,     5,     6,
       5,     4,     5,     4,     3,     6,     4,     5,     3,     3,
       3,     3,     3,     3,     3,     3,     3,     3,     3,     3,
       3,     3,     2,     2,     2,     2,     2,     2,     2,     2,
       2,     2,     3,     2,     4,     3,     5,     8,     2,     2,
       1,     1,     1,     1,     5,     2,     3,     1,     2,     3,
       1,     2,     1,     1,     1,     1,     1,     1,     4,     4,
       5,     5,     1,     1,     3,     4,     3,     4,     4,     4,
       4,     4,     1,     2,     2,     1,     2,     2,     1,     2,
       1,     2,     1,     3,     1,     3,     1,     3,     4,     0,
       6,     1,     1,     1,     1,     3,     2,     4,     3,     2,
       1,     1,     1,     1,     0,     1,     0,     1,     0,     2,
       1,     1,     1,     1,     1,     1,     2,     2,     2,     2,
       2,     5,     2,     2,     4,     2,     1,     3,     1,     3,
       1,     3,     1,     1,     1,     1
};

typedef enum {
	toketype_ival, toketype_opval, toketype_pval
} toketypes;

/* type of each token/terminal */
static const toketypes yy_type_tab[] =
{
  toketype_ival, toketype_ival, toketype_ival, toketype_ival, toketype_ival, toketype_ival,
  toketype_ival, toketype_ival, toketype_ival, toketype_ival, toketype_ival, toketype_ival,
  toketype_ival, toketype_ival, toketype_ival, toketype_ival, toketype_ival, toketype_ival, toketype_ival, toketype_ival, toketype_opval,
  toketype_opval, toketype_opval, toketype_opval, toketype_opval, toketype_opval, toketype_opval,
  toketype_opval, toketype_opval, toketype_opval, toketype_opval, toketype_opval, toketype_opval,
  toketype_pval, toketype_ival, toketype_ival, toketype_ival, toketype_ival, toketype_ival, toketype_ival, toketype_ival,
  toketype_ival, toketype_ival, toketype_ival, toketype_ival, toketype_ival, toketype_ival, toketype_ival, toketype_ival,
  toketype_ival, toketype_ival, toketype_ival, toketype_ival, toketype_ival, toketype_ival, toketype_ival,
  toketype_ival, toketype_ival, toketype_ival, toketype_ival, toketype_ival, toketype_ival, toketype_ival, toketype_ival,
  toketype_ival, toketype_ival, toketype_ival, toketype_ival, toketype_ival, toketype_ival,
  toketype_ival, toketype_ival, toketype_ival, toketype_ival, toketype_ival, toketype_ival,
  toketype_ival, toketype_ival, toketype_ival, toketype_ival, toketype_ival, toketype_ival, toketype_ival, toketype_ival,
  toketype_ival, toketype_ival, toketype_ival, toketype_ival, toketype_ival, toketype_ival, toketype_ival,
  toketype_ival, toketype_ival, toketype_ival, toketype_ival, toketype_ival, toketype_ival, toketype_ival,
  toketype_ival, toketype_ival, toketype_ival, toketype_ival, toketype_ival, toketype_ival, toketype_ival, toketype_ival, toketype_ival,
  toketype_ival, toketype_ival, toketype_ival, toketype_ival, toketype_ival, toketype_ival, toketype_ival, toketype_opval,
  toketype_opval, toketype_ival, toketype_opval, toketype_ival, toketype_opval, toketype_opval,
  toketype_opval, toketype_opval, toketype_opval, toketype_ival, toketype_ival, toketype_ival, toketype_ival,
  toketype_ival, toketype_ival, toketype_ival, toketype_opval, toketype_opval, toketype_opval, toketype_opval, toketype_opval,
  toketype_ival, toketype_opval, toketype_opval, toketype_opval, toketype_opval, toketype_opval, toketype_opval,
  toketype_ival, toketype_ival, toketype_ival, toketype_opval, toketype_opval,
  toketype_opval, toketype_opval, toketype_opval, toketype_ival,
  toketype_opval, toketype_opval, toketype_opval, toketype_opval, toketype_opval,
  toketype_opval, toketype_opval, toketype_ival, toketype_opval, toketype_opval,
  toketype_opval, toketype_opval, toketype_ival, toketype_opval, toketype_opval, toketype_opval,
  toketype_opval, toketype_opval, toketype_opval, toketype_opval, toketype_ival, toketype_opval, toketype_opval,
  toketype_opval, toketype_opval, toketype_opval, toketype_opval, toketype_opval,
  toketype_opval, toketype_ival, toketype_opval, toketype_opval, toketype_opval, toketype_opval,
  toketype_opval, toketype_opval, toketype_opval, toketype_opval, toketype_opval, toketype_opval, toketype_opval
};

/* Generated from:
 * 9a94681ba0acc02457d97697f3914966e112074f0d18d3656676ce2e2d766ad0 perly.y
 * d75acf04e5e050e9d0de13999b5b46a13f176dcf9f75c07acf51e913fc41db9a regen_perly.pl
 * ex: set ro: */
