/* ex: set ro ft=c: -*- buffer-read-only: t -*-
   !!!!!!!   DO NOT EDIT THIS FILE   !!!!!!!
   This file is built by regen_perly.pl from perly.y.
   Any changes made here will be lost!
 */

#define YYFINAL  14
/* YYLAST -- Last index in YYTABLE.  */
#define YYLAST   3313

/* YYNTOKENS -- Number of terminals.  */
#define YYNTOKENS  109
/* YYNNTS -- Number of nonterminals.  */
#define YYNNTS  83
/* YYNRULES -- Number of rules.  */
#define YYNRULES  268
/* YYNSTATES -- Number of states.  */
#define YYNSTATES  546

/* YYTRANSLATE[YYX] -- Symbol number corresponding to YYX as returned
   by yylex, with out-of-bounds checking.  */
#define YYUNDEFTOK  2
#define YYMAXUTOK   341

#define YYTRANSLATE(YYX)                                                \
  ((unsigned int) (YYX) <= YYMAXUTOK ? yytranslate[YYX] : YYUNDEFTOK)

/* YYTRANSLATE[TOKEN-NUM] -- Symbol number corresponding to TOKEN-NUM
   as returned by yylex, without out-of-bounds checking.  */
static const yytype_uint8 yytranslate[] =
{
       0,     2,     2,     2,     2,     2,     2,     2,     2,     2,
       2,     2,     2,     2,     2,     2,     2,     2,     2,     2,
       2,     2,     2,     2,     2,     2,     2,     2,     2,     2,
       2,     2,     2,    91,     2,     2,   106,    16,    17,     2,
     104,   103,   107,    14,    80,    13,    19,   108,     2,     2,
       2,     2,     2,     2,     2,     2,     2,     2,    83,   105,
       2,    18,     2,    82,    15,     2,     2,     2,     2,     2,
       2,     2,     2,     2,     2,     2,     2,     2,     2,     2,
       2,     2,     2,     2,     2,     2,     2,     2,     2,     2,
       2,    11,     2,    12,     2,     2,     2,     2,     2,     2,
       2,     2,     2,     2,     2,     2,     2,     2,     2,     2,
       2,     2,     2,     2,     2,     2,     2,     2,     2,     2,
       2,     2,     2,     9,     2,    10,    92,     2,     2,     2,
       2,     2,     2,     2,     2,     2,     2,     2,     2,     2,
       2,     2,     2,     2,     2,     2,     2,     2,     2,     2,
       2,     2,     2,     2,     2,     2,     2,     2,     2,     2,
       2,     2,     2,     2,     2,     2,     2,     2,     2,     2,
       2,     2,     2,     2,     2,     2,     2,     2,     2,     2,
       2,     2,     2,     2,     2,     2,     2,     2,     2,     2,
       2,     2,     2,     2,     2,     2,     2,     2,     2,     2,
       2,     2,     2,     2,     2,     2,     2,     2,     2,     2,
       2,     2,     2,     2,     2,     2,     2,     2,     2,     2,
       2,     2,     2,     2,     2,     2,     2,     2,     2,     2,
       2,     2,     2,     2,     2,     2,     2,     2,     2,     2,
       2,     2,     2,     2,     2,     2,     2,     2,     2,     2,
       2,     2,     2,     2,     2,     2,     1,     2,     3,     4,
       5,     6,     7,     8,    20,    21,    22,    23,    24,    25,
      26,    27,    28,    29,    30,    31,    32,    33,    34,    35,
      36,    37,    38,    39,    40,    41,    42,    43,    44,    45,
      46,    47,    48,    49,    50,    51,    52,    53,    54,    55,
      56,    57,    58,    59,    60,    61,    62,    63,    64,    65,
      66,    67,    68,    69,    70,    71,    72,    73,    74,    75,
      76,    77,    78,    79,    81,    84,    85,    86,    87,    88,
      89,    90,    93,    94,    95,    96,    97,    98,    99,   100,
     101,   102
};

#if YYDEBUG
  /* YYRLINE[YYN] -- Source line where rule number YYN was defined.  */
static const yytype_uint16 yyrline[] =
{
       0,   117,   117,   116,   127,   126,   136,   135,   148,   147,
     160,   159,   172,   171,   183,   191,   199,   203,   211,   217,
     218,   228,   229,   238,   242,   246,   250,   257,   259,   269,
     268,   302,   301,   344,   352,   351,   360,   366,   372,   383,
     385,   387,   394,   402,   404,   401,   421,   426,   433,   432,
     442,   450,   456,   462,   469,   468,   484,   483,   495,   499,
     507,   525,   526,   531,   533,   535,   537,   539,   541,   543,
     546,   552,   553,   558,   569,   570,   576,   582,   583,   588,
     591,   595,   600,   604,   608,   609,   612,   613,   614,   618,
     623,   628,   633,   634,   639,   640,   645,   646,   648,   653,
     655,   661,   660,   679,   680,   684,   686,   688,   690,   694,
     696,   701,   705,   709,   713,   719,   724,   730,   736,   738,
     741,   740,   751,   752,   756,   760,   763,   768,   773,   776,
     780,   784,   787,   792,   796,   799,   801,   803,   808,   810,
     812,   817,   819,   821,   823,   825,   827,   829,   831,   833,
     835,   837,   842,   844,   847,   849,   851,   854,   857,   868,
     871,   874,   881,   883,   885,   887,   889,   892,   911,   913,
     917,   918,   919,   920,   921,   923,   925,   927,   929,   931,
     933,   935,   937,   939,   941,   943,   945,   947,   949,   959,
     969,   979,   989,   991,   993,   996,  1001,  1005,  1007,  1009,
    1011,  1014,  1016,  1019,  1021,  1023,  1025,  1027,  1029,  1031,
    1033,  1035,  1038,  1040,  1042,  1044,  1046,  1048,  1052,  1055,
    1054,  1067,  1068,  1069,  1074,  1078,  1080,  1082,  1087,  1089,
    1092,  1094,  1096,  1098,  1103,  1105,  1110,  1111,  1116,  1117,
    1121,  1124,  1123,  1131,  1135,  1136,  1137,  1140,  1141,  1144,
    1145,  1148,  1152,  1156,  1162,  1191,  1197,  1199,  1203,  1207,
    1208,  1212,  1213,  1217,  1218,  1223,  1225,  1227,  1230
};
#endif

#if YYDEBUG || YYERROR_VERBOSE || 0
/* YYTNAME[SYMBOL-NUM] -- String name of the symbol SYMBOL-NUM.
   First, the terminals, then, starting at YYNTOKENS, nonterminals.  */
static const char *const yytname[] =
{
  "$end", "error", "$undefined", "GRAMPROG", "GRAMEXPR", "GRAMBLOCK",
  "GRAMBARESTMT", "GRAMFULLSTMT", "GRAMSTMTSEQ", "'{'", "'}'", "'['",
  "']'", "'-'", "'+'", "'@'", "'%'", "'&'", "'='", "'.'", "BAREWORD",
  "METHOD", "FUNCMETH", "THING", "PMFUNC", "PRIVATEREF", "QWLIST",
  "FUNC0OP", "FUNC0SUB", "UNIOPSUB", "LSTOPSUB", "PLUGEXPR", "PLUGSTMT",
  "LABEL", "FORMAT", "SUB", "METHDECL", "MULTIDECL", "ANONSUB", "PACKAGE",
  "CLASS", "USE", "WHILE", "UNTIL", "IF", "UNLESS", "ELSE", "ELSIF",
  "CONTINUE", "FOR", "GIVEN", "WHEN", "DEFAULT", "LOOPEX", "DOTDOT",
  "YADAYADA", "FUNC0", "FUNC1", "FUNC", "UNIOP", "LSTOP", "RELOP", "EQOP",
  "MULOP", "ADDOP", "DOLSHARP", "DO", "HASHBRACK", "NOAMP", "LOCAL", "MY",
  "REQUIRE", "COLONATTR", "FORMLBRACK", "FORMRBRACK", "PREC_LOW", "OROP",
  "DOROP", "ANDOP", "NOTOP", "','", "ASSIGNOP", "'?'", "':'", "OROR",
  "DORDOR", "ANDAND", "BITOROP", "BITANDOP", "SHIFTOP", "MATCHOP", "'!'",
  "'~'", "UMINUS", "REFGEN", "POWOP", "POWCOP", "PREINC", "PREDEC",
  "POSTINC", "POSTDEC", "POSTJOIN", "ARROW", "')'", "'('", "';'", "'$'",
  "'*'", "'/'", "$accept", "grammar", "$@1", "$@2", "$@3", "$@4", "$@5",
  "$@6", "block", "formblock", "remember", "mblock", "mremember",
  "stmtseq", "formstmtseq", "fullstmt", "labfullstmt", "barestmt", "$@7",
  "$@8", "$@9", "$@10", "$@11", "@12", "$@13", "$@14", "formline",
  "formarg", "sideff", "else", "cont", "mintro", "nexpr", "texpr", "iexpr",
  "mexpr", "mnexpr", "formname", "subdecl", "startsub", "startanonsub",
  "startformsub", "subname", "proto", "subattrlist", "myattrlist",
  "subsignature", "@15", "optsubbody", "expr", "listexpr", "listop", "@16",
  "method", "subscripted", "termbinop", "termunop", "anonymous", "termdo",
  "term", "@17", "myattrterm", "myterm", "optlistexpr", "optexpr",
  "optrepl", "lpar_or_qw", "$@18", "my_scalar", "my_var", "refgen_topic",
  "my_refgen", "amper", "scalar", "ary", "sizearydecl", "hsh", "arylen",
  "star", "sliceme", "kvslice", "gelem", "indirob", YY_NULLPTR
};
#endif

# ifdef YYPRINT
/* YYTOKNUM[NUM] -- (External) token number corresponding to the
   (internal) symbol number NUM (which must be that of a token).  */
static const yytype_uint16 yytoknum[] =
{
       0,   256,   257,   258,   259,   260,   261,   262,   263,   123,
     125,    91,    93,    45,    43,    64,    37,    38,    61,    46,
     264,   265,   266,   267,   268,   269,   270,   271,   272,   273,
     274,   275,   276,   277,   278,   279,   280,   281,   282,   283,
     284,   285,   286,   287,   288,   289,   290,   291,   292,   293,
     294,   295,   296,   297,   298,   299,   300,   301,   302,   303,
     304,   305,   306,   307,   308,   309,   310,   311,   312,   313,
     314,   315,   316,   317,   318,   319,   320,   321,   322,   323,
      44,   324,    63,    58,   325,   326,   327,   328,   329,   330,
     331,    33,   126,   332,   333,   334,   335,   336,   337,   338,
     339,   340,   341,    41,    40,    59,    36,    42,    47
};
# endif

#define YYPACT_NINF -444

#define yypact_value_is_default(Yystate) \
  (!!((Yystate) == (-444)))

#define YYTABLE_NINF -264

#define yytable_value_is_error(Yytable_value) \
  (!!((Yytable_value) == (-264)))

  /* YYPACT[STATE-NUM] -- Index in YYTABLE of the portion describing
     STATE-NUM.  */
static const yytype_int16 yypact[] =
{
     902,  -444,  -444,  -444,  -444,  -444,  -444,    38,  -444,  2989,
      22,  1625,  1526,  -444,  -444,  -444,  2116,  2989,  2989,     9,
       9,     9,  -444,     9,     9,  -444,  -444,    30,   -62,  -444,
    2989,  -444,  -444,  -444,  2989,  -444,   -54,   -33,   -22,  2019,
    1920,     9,  2019,  2213,    33,  2989,    79,  2989,  2989,  2989,
    2989,  2989,  2989,  2989,  2310,     9,     9,   131,    42,  -444,
      80,  -444,  -444,  -444,  -444,  3168,  -444,  -444,    14,    61,
     121,   243,  -444,   104,   274,   286,   126,  -444,  -444,  -444,
    -444,  -444,  -444,  -444,  -444,   137,   138,  -444,    59,    63,
      93,    98,   259,   107,   112,    22,  -444,   182,  -444,   136,
      33,   290,  1526,  -444,  -444,  -444,   635,   734,  -444,     0,
     715,   715,  -444,  -444,  -444,  -444,  -444,  -444,  -444,  2989,
     140,   144,  2989,   128,  2295,    22,   -14,  3168,   159,  2407,
    1920,  -444,  2295,   529,    42,  -444,   450,  2989,  -444,  -444,
    2295,   258,   266,  -444,  -444,  2989,  2295,    27,  3086,  2504,
     197,  -444,  -444,  -444,  -444,  2295,    42,   715,   715,   715,
     260,   260,   265,    78,  -444,  -444,  2989,  2989,  2989,  2989,
    2989,  2989,  2601,  2989,  2989,  2989,  2989,  2989,  2989,  2989,
    2989,  2989,  2989,  2989,  2989,  2989,  2989,  2989,  -444,  -444,
    -444,  -444,    46,  2698,  2989,  2989,  2989,  2989,  2989,  2989,
    2989,  -444,   270,   281,   275,  -444,  -444,  -444,  -444,  -444,
     195,   129,  -444,   276,  -444,    23,  -444,  -444,  -444,    22,
    -444,  -444,  -444,  2989,  2989,  2989,  2989,  2989,  2989,  -444,
    -444,  -444,  -444,  -444,  2989,  2989,    71,  -444,  -444,  -444,
     203,   242,  -444,  -444,   362,   217,  2989,    42,  -444,   316,
    -444,   320,  2795,   715,   197,    64,   234,   264,  -444,   445,
     314,  -444,  2989,   327,   271,   271,  -444,  3168,   269,   127,
    -444,   524,  1711,  2198,  2004,   486,   383,  3168,  3125,  1807,
    1807,  1905,   368,  2101,   223,   715,   715,  2989,  2989,   241,
     244,   247,  -444,   251,  2892,    31,   262,   272,  -444,  -444,
     620,   339,   189,   343,   194,   442,   202,   521,   833,  -444,
     352,    -7,  -444,   353,  2989,  2989,  2989,  2989,  -444,   273,
    -444,  -444,   292,  -444,  -444,  -444,  -444,  1723,   366,     6,
    -444,  -444,  -444,  2989,  2989,  -444,   293,   131,  -444,   131,
     131,   131,   131,   131,   297,    -1,  -444,  2989,  -444,   242,
     378,    22,  -444,  -444,   641,  -444,   380,    15,   704,  -444,
    -444,  -444,   215,  2989,   395,  -444,  -444,  2989,   605,   227,
    -444,  -444,  -444,  -444,  -444,   719,  -444,  -444,  2989,  -444,
     397,  -444,   401,  -444,   403,  -444,   408,  -444,  -444,  -444,
    -444,  -444,  -444,   402,   321,   131,   325,   330,   131,   331,
      23,  -444,  -444,  -444,  -444,   333,   318,   518,  -444,   182,
    -444,   337,  2989,   342,   350,   431,  -444,  -444,  2989,   357,
    -444,   363,   462,  -444,  -444,  -444,   463,    24,  -444,   239,
    -444,  3211,   467,  -444,  -444,   377,  -444,  -444,  -444,  -444,
     376,  -444,  -444,  2989,  -444,  -444,   366,   366,  2989,  2989,
     366,  -444,  -444,  -444,   382,  -444,   385,   366,   366,   242,
     203,   131,  -444,  -444,  -444,  -444,  -444,  -444,  -444,   415,
    -444,   932,   386,   366,   366,   -27,   -27,   394,   399,   182,
    2989,  1031,  2989,   366,  -444,  -444,    -2,   242,  1130,  -444,
    1229,  -444,  -444,   182,   182,   366,   396,  -444,  -444,   366,
     366,  -444,   393,  -444,   400,   182,  -444,  -444,  -444,   496,
    -444,   -12,  -444,  -444,  -444,  -444,  2989,   182,   182,  -444,
     366,  -444,  -444,   433,   489,  -444,   406,  -444,  -444,  -444,
     182,  1328,  -444,  -444,  -444,   366,  1821,  -444,  -444,  1427,
     -27,   412,  -444,  -444,   366,  -444
};

  /* YYDEFACT[STATE-NUM] -- Default reduction number in state STATE-NUM.
     Performed when YYTABLE does not specify something else to do.  Zero
     means the default is an error.  */
static const yytype_uint16 yydefact[] =
{
       0,     2,     4,     6,     8,    10,    12,     0,    16,   236,
       0,     0,     0,    19,     1,    19,     0,     0,     0,     0,
       0,     0,   221,     0,     0,   192,   219,   180,   214,   216,
     210,    90,   224,    90,   202,   223,   212,     0,     0,   205,
     234,     0,     0,     0,     0,     0,     0,   208,     0,     0,
       0,     0,     0,     0,     0,     0,     0,   237,   108,   222,
     187,   170,   171,   172,   173,   111,   177,     5,   193,   182,
     185,   184,   186,   183,     0,     0,     0,    16,     7,    63,
      27,    91,    86,    87,    88,     0,     0,    89,     0,     0,
       0,     0,    16,     0,     0,     0,    59,    74,     9,     0,
       0,    64,     0,    11,    24,    23,     0,     0,   163,     0,
     152,   153,   265,   268,   267,   266,   253,   255,   251,   234,
       0,     0,     0,     0,   211,     0,    94,   203,     0,     0,
     236,   206,   207,   265,   235,   118,   266,     0,   256,   169,
     168,     0,     0,    92,    93,   234,   178,     0,     0,     0,
     226,   230,   233,   232,   231,   209,   204,   154,   155,   175,
     160,   161,   181,     0,   252,   258,     0,     0,     0,   109,
       0,     0,     0,     0,     0,     0,     0,     0,     0,     0,
       0,     0,     0,     0,     0,     0,     0,     0,   159,   156,
     157,   158,     0,     0,     0,     0,     0,     0,     0,     0,
       0,    19,    85,     0,     0,    34,    16,    16,    16,    16,
      16,     0,    16,     0,    16,     0,    16,    16,    40,     0,
      53,    58,    89,     0,     0,     0,     0,     0,     0,    26,
      25,    20,   162,   116,   236,     0,     0,   215,   120,    95,
       0,    96,   213,   217,     0,     0,     0,   112,   165,     0,
     196,   268,     0,   176,     0,   182,   185,   184,   229,     0,
     100,   225,     0,   179,   106,   107,   105,   110,     0,     0,
     134,     0,   147,   143,   144,   140,   141,   138,     0,   149,
     150,   148,   146,   145,   142,   151,   139,     0,     0,   260,
     262,     0,   122,     0,     0,     0,   264,   115,   123,   194,
       0,     0,     0,     0,     0,     0,     0,     0,     0,    84,
       0,     0,    16,     0,    79,     0,     0,     0,   249,     0,
     250,   247,     0,   248,   244,   245,   246,     0,     0,     0,
     241,   240,    16,     0,     0,    75,    29,    67,    68,    81,
      65,    66,    69,    70,     0,   238,   136,   234,   101,    96,
      98,     0,   218,   119,     0,   164,     0,   181,     0,   227,
     228,    99,     0,     0,     0,   127,   133,     0,     0,     0,
     198,   199,   200,   257,   131,     0,   197,   201,   236,   195,
       0,   125,     0,   188,     0,   189,     0,    14,    16,    28,
      16,    33,    56,     0,     0,    80,     0,     0,    82,     0,
       0,   243,    16,    78,    83,     0,     0,    64,    18,    74,
      48,     0,     0,     0,     0,    94,    16,   117,     0,     0,
     121,     0,     0,    97,   166,   113,     0,   179,   137,     0,
     130,   174,     0,   126,   132,     0,   128,   190,   191,   124,
       0,    54,    19,   234,    76,    76,     0,     0,     0,     0,
       0,    43,    19,    52,     0,   242,     0,     0,     0,    96,
       0,   239,   220,   102,    19,   254,   135,   129,   114,     0,
      19,     0,     0,     0,     0,    71,    71,     0,     0,    74,
      79,     0,     0,     0,    38,    39,     0,    96,     0,    21,
       0,    57,    35,    74,    74,     0,     0,    36,    37,     0,
       0,    51,     0,    17,     0,    74,   104,   103,    30,     0,
     167,     0,    55,    41,    42,    72,     0,    74,    74,    44,
       0,    47,    19,    61,     0,    22,     0,    46,    50,    76,
      74,     0,    19,    60,    15,     0,     0,    49,    32,     0,
      71,     0,    62,    73,     0,    45
};

  /* YYPGOTO[NTERM-NUM].  */
static const yytype_int16 yypgoto[] =
{
    -444,  -444,  -444,  -444,  -444,  -444,  -444,  -444,     4,  -444,
     -38,   -48,  -444,   -15,  -444,   504,   422,    19,  -444,  -444,
    -444,  -444,  -444,  -444,  -444,  -444,  -444,  -444,  -326,  -443,
    -281,  -437,  -444,    62,   210,  -253,     7,  -444,  -444,   322,
     523,  -444,   454,   142,  -345,   305,   105,  -444,  -444,    -6,
     -35,  -444,  -444,  -444,  -444,  -444,  -444,  -444,  -444,   208,
    -444,  -444,   416,  -113,  -114,  -444,   166,  -444,  -444,   248,
    -444,  -444,   359,    85,   -31,  -444,   -29,  -444,  -444,  -444,
    -444,  -444,    45
};

  /* YYDEFGOTO[NTERM-NUM].  */
static const yytype_int16 yydefgoto[] =
{
      -1,     7,     8,     9,    10,    11,    12,    13,    97,   389,
      15,   409,   452,   106,   511,   231,   104,   105,   415,   416,
     313,   480,   529,   454,   470,   442,   525,   533,    99,   497,
     220,   473,   404,   394,   338,   397,   406,   310,   100,   205,
     125,   202,   145,   241,   351,   261,   349,   421,   508,   101,
      58,    59,   347,   297,    60,    61,    62,    63,    64,    65,
     121,    66,   150,   135,    67,   419,   332,   411,   400,   321,
     322,   214,    68,    69,    70,   153,    71,    72,    73,    74,
      75,    76,   116
};

  /* YYTABLE[YYPACT[STATE-NUM]] -- What to do in state STATE-NUM.  If
     positive, shift that token.  If negative, reduce the rule whose
     number is the opposite.  If YYTABLE_NINF, syntax error.  */
static const yytype_int16 yytable[] =
{
     107,   403,   390,    57,   422,   134,   233,    77,   474,   239,
     109,   523,   232,   156,    78,   152,   245,   154,    77,   495,
     496,    19,    20,   114,   114,   114,   262,   114,   114,   112,
      98,    77,   250,   498,   113,   363,    77,   142,    14,   201,
      77,   122,   123,   131,   114,   114,   139,   112,   163,   330,
     128,   112,   251,   143,   213,   287,   113,   288,   144,   114,
     114,   289,   290,   291,   399,   117,   118,   292,   119,   120,
     194,   129,   195,   194,   405,   195,   166,   167,   168,   169,
     413,   414,   130,   346,   134,   137,   138,  -229,   240,   170,
     -16,   171,   536,   524,   147,    20,  -228,   543,   391,   218,
     164,   165,   247,   506,   115,   115,   115,   418,   115,   115,
     134,   293,    55,  -263,   486,    55,   236,   256,   193,   257,
     344,   230,   169,   244,    57,   136,   115,   331,   453,   238,
    -259,   151,  -259,    55,   114,   200,  -230,    55,   376,   365,
     115,   115,   509,   259,    19,    20,    21,   166,   167,   168,
     294,   114,   295,   296,   166,   167,   168,   203,   204,   456,
     264,   265,   266,   206,   268,   269,   271,   207,   314,   315,
     316,   317,   319,   148,   327,   246,   329,   215,   333,   334,
     325,   263,   326,   149,   172,    55,   308,   300,   301,   302,
     303,   304,   305,   306,   307,   477,   478,   208,   501,   320,
     345,   381,   209,   166,   167,   168,   383,   166,   167,   168,
     403,   216,   513,   514,   385,   136,   217,   337,   339,   340,
     341,   342,   343,   335,   521,   110,   111,   428,    57,   504,
     219,   237,   115,   255,   420,    55,   527,   528,   124,   433,
     354,   221,   127,  -259,   234,  -259,   358,   132,   235,   537,
     140,   466,  -261,   146,  -261,   155,   362,   157,   158,   159,
     160,   161,   242,   526,   435,   166,   167,   168,   248,   260,
     166,   167,   168,  -261,   392,  -261,   262,   298,   166,   167,
     168,   368,   369,   196,   312,   197,   176,   177,   375,   318,
     309,   166,   167,   168,   412,   198,   324,   199,   325,   114,
     326,   311,   328,   166,   167,   168,  -233,   348,   395,   339,
     398,   398,   134,   186,   350,   166,   167,   168,   187,   188,
     353,   407,   189,   190,   191,   192,   355,   398,   398,   210,
     472,   356,   223,   224,   225,   226,  -231,   361,   363,   227,
     164,   228,   166,   167,   168,   166,   167,   168,   370,   168,
     440,   371,   441,   211,   372,   424,   253,   429,   373,  -264,
    -264,  -264,   192,   212,   449,    55,   166,   167,   168,   377,
     388,   249,    57,   393,   364,   408,   378,   267,   460,    55,
     115,   272,   273,   274,   275,   276,   277,   278,   279,   280,
     281,   282,   283,   284,   285,   286,   402,   -31,   475,   476,
     417,   423,   479,   426,   401,   430,   398,   436,   134,   484,
     485,   437,   461,   438,   324,   166,   167,   168,   439,   166,
     167,   168,   443,   451,   444,   493,   494,   471,   445,   174,
     175,   176,   177,   446,   447,   505,   450,   481,   166,   167,
     168,   455,   398,   398,   380,   457,   176,   515,   382,   488,
    -182,   517,   518,   458,   239,   490,   184,   185,   186,   194,
     462,   195,  -182,   187,   188,   352,   463,   189,   190,   191,
     192,   464,   530,   186,   395,   465,   398,   467,   187,   188,
     468,   469,   189,   190,   191,   192,   482,   540,   483,   489,
     507,   492,  -182,  -182,  -182,  -182,   545,   499,   519,  -182,
     516,  -182,   500,   520,  -182,   522,   532,   531,   534,   535,
     398,  -182,  -182,  -182,  -182,   544,   103,   539,   166,   167,
     168,   166,   167,   168,   229,   396,  -182,  -182,  -182,  -221,
    -182,  -182,  -182,  -182,  -182,  -182,  -182,  -182,  -182,  -182,
    -182,  -221,   502,   541,   336,  -182,  -182,   384,   360,  -182,
    -182,  -182,  -182,  -182,   222,  -182,   126,   459,  -182,   359,
     223,   224,   225,   226,   254,   487,   448,   227,     0,   228,
     323,  -221,  -221,  -221,  -221,   431,   186,   410,  -221,     0,
    -221,   187,   188,  -221,     0,   189,   190,   191,   192,     0,
    -221,  -221,  -221,  -221,   166,   167,   168,   166,   167,   168,
     166,   167,   168,     0,     0,  -221,  -221,  -221,     0,  -221,
    -221,  -221,  -221,  -221,  -221,  -221,  -221,  -221,  -221,  -221,
       0,   -82,     0,     0,  -221,  -221,   386,   366,  -221,  -221,
    -221,  -221,  -221,     0,  -221,   -13,    79,  -221,     0,     0,
       0,     0,     0,     0,    77,     0,    16,     0,    17,    18,
      19,    20,    21,     0,     0,    22,    23,    24,    25,    26,
       0,    27,    28,    29,    30,    31,    32,    80,   102,    81,
      82,    83,    84,    33,    85,    86,    87,    88,    89,    90,
      91,   166,   167,   168,    92,    93,    94,    95,    34,     0,
      35,    36,    37,    38,    39,    40,   166,   167,   168,     0,
      41,    42,    43,    44,    45,    46,    47,     0,     0,     0,
     432,     0,     0,     0,    48,     0,     0,   166,   167,   168,
       0,     0,     0,   379,     0,     0,    49,    50,     0,    51,
       0,     0,    52,    53,    -3,    79,     0,     0,     0,    54,
      96,    55,    56,    77,   425,    16,     0,    17,    18,    19,
      20,    21,     0,     0,    22,    23,    24,    25,    26,     0,
      27,    28,    29,    30,    31,    32,    80,   102,    81,    82,
      83,    84,    33,    85,    86,    87,    88,    89,    90,    91,
     166,   167,   168,    92,    93,    94,    95,    34,     0,    35,
      36,    37,    38,    39,    40,   166,   167,   168,     0,    41,
      42,    43,    44,    45,    46,    47,     0,   427,     0,     0,
     187,   188,     0,    48,   189,   190,   191,   192,     0,     0,
       0,     0,   434,     0,     0,    49,    50,     0,    51,     0,
       0,    52,    53,     0,    79,     0,     0,     0,    54,    96,
      55,    56,    77,   387,    16,     0,    17,    18,    19,    20,
      21,     0,     0,    22,    23,    24,    25,    26,     0,    27,
      28,    29,    30,    31,    32,    80,   102,    81,    82,    83,
      84,    33,    85,    86,    87,    88,    89,    90,    91,     0,
       0,     0,    92,    93,    94,    95,    34,     0,    35,    36,
      37,    38,    39,    40,     0,     0,     0,     0,    41,    42,
      43,    44,    45,    46,    47,     1,     2,     3,     4,     5,
       6,     0,    48,     0,     0,     0,     0,     0,     0,     0,
       0,     0,     0,     0,    49,    50,     0,    51,     0,     0,
      52,    53,     0,    79,     0,     0,     0,    54,    96,    55,
      56,    77,   491,    16,     0,    17,    18,    19,    20,    21,
       0,     0,    22,    23,    24,    25,    26,     0,    27,    28,
      29,    30,    31,    32,    80,   102,    81,    82,    83,    84,
      33,    85,    86,    87,    88,    89,    90,    91,     0,     0,
       0,    92,    93,    94,    95,    34,     0,    35,    36,    37,
      38,    39,    40,     0,     0,     0,     0,    41,    42,    43,
      44,    45,    46,    47,     0,     0,     0,     0,     0,     0,
       0,    48,     0,     0,     0,     0,     0,     0,     0,     0,
       0,     0,     0,    49,    50,     0,    51,     0,     0,    52,
      53,     0,    79,     0,     0,     0,    54,    96,    55,    56,
      77,   503,    16,     0,    17,    18,    19,    20,    21,     0,
       0,    22,    23,    24,    25,    26,     0,    27,    28,    29,
      30,    31,    32,    80,   102,    81,    82,    83,    84,    33,
      85,    86,    87,    88,    89,    90,    91,     0,     0,     0,
      92,    93,    94,    95,    34,     0,    35,    36,    37,    38,
      39,    40,     0,     0,     0,     0,    41,    42,    43,    44,
      45,    46,    47,     0,     0,     0,     0,     0,     0,     0,
      48,     0,     0,     0,     0,     0,     0,     0,     0,     0,
       0,     0,    49,    50,     0,    51,     0,     0,    52,    53,
       0,    79,     0,     0,     0,    54,    96,    55,    56,    77,
     510,    16,     0,    17,    18,    19,    20,    21,     0,     0,
      22,    23,    24,    25,    26,     0,    27,    28,    29,    30,
      31,    32,    80,   102,    81,    82,    83,    84,    33,    85,
      86,    87,    88,    89,    90,    91,     0,     0,     0,    92,
      93,    94,    95,    34,     0,    35,    36,    37,    38,    39,
      40,     0,     0,     0,     0,    41,    42,    43,    44,    45,
      46,    47,     0,     0,     0,     0,     0,     0,     0,    48,
       0,     0,     0,     0,     0,     0,     0,     0,     0,     0,
       0,    49,    50,     0,    51,     0,     0,    52,    53,     0,
      79,     0,     0,     0,    54,    96,    55,    56,    77,   512,
      16,     0,    17,    18,    19,    20,    21,     0,     0,    22,
      23,    24,    25,    26,     0,    27,    28,    29,    30,    31,
      32,    80,   102,    81,    82,    83,    84,    33,    85,    86,
      87,    88,    89,    90,    91,     0,     0,     0,    92,    93,
      94,    95,    34,     0,    35,    36,    37,    38,    39,    40,
       0,     0,     0,     0,    41,    42,    43,    44,    45,    46,
      47,     0,     0,     0,     0,     0,     0,     0,    48,     0,
       0,     0,     0,     0,     0,     0,     0,     0,     0,     0,
      49,    50,     0,    51,     0,     0,    52,    53,     0,    79,
       0,     0,     0,    54,    96,    55,    56,    77,   538,    16,
       0,    17,    18,    19,    20,    21,     0,     0,    22,    23,
      24,    25,    26,     0,    27,    28,    29,    30,    31,    32,
      80,   102,    81,    82,    83,    84,    33,    85,    86,    87,
      88,    89,    90,    91,     0,     0,     0,    92,    93,    94,
      95,    34,     0,    35,    36,    37,    38,    39,    40,     0,
       0,     0,     0,    41,    42,    43,    44,    45,    46,    47,
       0,     0,     0,     0,     0,     0,     0,    48,     0,     0,
       0,     0,     0,     0,     0,     0,     0,     0,     0,    49,
      50,     0,    51,     0,     0,    52,    53,     0,    79,     0,
       0,     0,    54,    96,    55,    56,    77,     0,    16,     0,
      17,    18,    19,    20,    21,     0,     0,    22,    23,    24,
      25,    26,     0,    27,    28,    29,    30,    31,    32,    80,
     102,    81,    82,    83,    84,    33,    85,    86,    87,    88,
      89,    90,    91,     0,     0,     0,    92,    93,    94,    95,
      34,     0,    35,    36,    37,    38,    39,    40,     0,     0,
       0,     0,    41,    42,    43,    44,    45,    46,    47,     0,
       0,   542,     0,     0,     0,     0,    48,     0,     0,     0,
       0,     0,     0,     0,     0,     0,     0,     0,    49,    50,
       0,    51,     0,     0,    52,    53,     0,    79,     0,     0,
       0,    54,    96,    55,    56,    77,     0,    16,     0,    17,
      18,    19,    20,    21,     0,     0,    22,    23,    24,    25,
      26,     0,    27,    28,    29,    30,    31,    32,    80,   102,
      81,    82,    83,    84,    33,    85,    86,    87,    88,    89,
      90,    91,     0,     0,     0,    92,    93,    94,    95,    34,
       0,    35,    36,    37,    38,    39,    40,     0,     0,     0,
       0,    41,    42,    43,    44,    45,    46,    47,     0,     0,
       0,     0,     0,     0,     0,    48,     0,     0,     0,     0,
       0,     0,     0,     0,     0,     0,     0,    49,    50,     0,
      51,     0,     0,    52,    53,     0,    79,     0,     0,     0,
      54,    96,    55,    56,    77,     0,    16,     0,    17,    18,
      19,    20,    21,     0,     0,    22,    23,    24,    25,    26,
       0,    27,    28,    29,    30,    31,    32,    80,     0,    81,
      82,    83,    84,    33,    85,    86,    87,    88,    89,    90,
      91,     0,     0,     0,    92,    93,    94,    95,    34,     0,
      35,    36,    37,    38,    39,    40,     0,     0,     0,     0,
      41,    42,    43,    44,    45,    46,    47,     0,     0,     0,
       0,     0,     0,     0,    48,     0,     0,     0,     0,     0,
       0,     0,     0,     0,     0,     0,    49,    50,     0,    51,
       0,     0,    52,    53,    79,     0,     0,     0,     0,    54,
      96,    55,    56,     0,    16,     0,    17,    18,    19,    20,
      21,     0,     0,    22,    23,    24,    25,    26,     0,    27,
      28,    29,    30,    31,    32,     0,     0,     0,     0,     0,
       0,    33,     0,     0,     0,  -264,     0,     0,     0,     0,
       0,     0,   174,   175,   176,   177,    34,     0,    35,    36,
      37,    38,    39,    40,     0,     0,     0,     0,    41,    42,
      43,    44,    45,    46,    47,   180,   181,   182,   183,   184,
     185,   186,    48,     0,     0,     0,   187,   188,     0,     0,
     189,   190,   191,   192,    49,    50,     0,    51,     0,     0,
      52,    53,    79,     0,     0,     0,     0,    54,   -77,    55,
      56,     0,    16,     0,    17,    18,    19,    20,    21,     0,
       0,    22,    23,    24,    25,    26,     0,    27,    28,    29,
      30,    31,    32,     0,     0,     0,     0,     0,     0,    33,
       0,     0,     0,     0,     0,     0,     0,     0,   174,   175,
     176,   177,     0,     0,    34,     0,    35,    36,    37,    38,
      39,    40,     0,     0,     0,     0,    41,    42,    43,    44,
      45,    46,    47,   182,   183,   184,   185,   186,     0,     0,
      48,     0,   187,   188,     0,     0,   189,   190,   191,   192,
       0,     0,    49,    50,     0,    51,     0,     0,    52,    53,
       0,     0,     0,     0,   -77,    54,     0,    55,    56,    77,
       0,    16,     0,    17,    18,    19,    20,    21,     0,     0,
     133,    23,    24,    25,    26,   113,    27,    28,    29,    30,
      31,    32,     0,     0,     0,     0,     0,     0,    33,     0,
       0,     0,     0,     0,     0,     0,   174,   175,   176,   177,
       0,     0,     0,    34,     0,    35,    36,    37,    38,    39,
      40,     0,     0,     0,     0,    41,    42,    43,    44,    45,
      46,    47,   183,   184,   185,   186,     0,     0,     0,    48,
     187,   188,     0,     0,   189,   190,   191,   192,     0,     0,
       0,    49,    50,     0,    51,     0,     0,    52,    53,     0,
       0,     0,     0,     0,    54,     0,    55,    56,    77,     0,
      16,     0,    17,    18,    19,    20,    21,     0,     0,    22,
      23,    24,    25,    26,     0,    27,    28,    29,    30,    31,
      32,     0,     0,     0,     0,     0,     0,    33,     0,     0,
       0,     0,     0,     0,     0,   174,  -264,   176,   177,     0,
       0,     0,    34,     0,    35,    36,    37,    38,    39,    40,
       0,     0,     0,     0,    41,    42,    43,    44,    45,    46,
      47,     0,     0,   185,   186,     0,     0,     0,    48,   187,
     188,     0,     0,   189,   190,   191,   192,     0,     0,     0,
      49,    50,     0,    51,     0,     0,    52,    53,     0,     0,
       0,     0,     0,    54,     0,    55,    56,    16,   108,    17,
      18,    19,    20,    21,     0,     0,    22,    23,    24,    25,
      26,     0,    27,    28,    29,    30,    31,    32,     0,     0,
       0,     0,     0,     0,    33,     0,     0,     0,     0,     0,
       0,     0,   174,   175,   176,   177,     0,     0,     0,    34,
       0,    35,    36,    37,    38,    39,    40,     0,     0,     0,
       0,    41,    42,    43,    44,    45,    46,    47,     0,     0,
     185,   186,     0,     0,     0,    48,   187,   188,     0,     0,
     189,   190,   191,   192,     0,     0,     0,    49,    50,     0,
      51,     0,     0,    52,    53,     0,     0,     0,     0,     0,
      54,     0,    55,    56,    16,     0,    17,    18,    19,    20,
      21,     0,     0,    22,    23,    24,    25,    26,     0,    27,
      28,    29,    30,    31,    32,     0,     0,     0,     0,     0,
       0,    33,     0,     0,     0,     0,     0,     0,     0,  -264,
       0,   176,   177,     0,     0,     0,    34,     0,    35,    36,
      37,    38,    39,    40,     0,     0,     0,     0,    41,    42,
      43,    44,    45,    46,    47,     0,     0,   185,   186,     0,
       0,     0,    48,   187,   188,     0,     0,   189,   190,   191,
     192,     0,     0,     0,    49,    50,     0,    51,     0,     0,
      52,    53,     0,     0,     0,     0,     0,    54,   141,    55,
      56,    16,     0,    17,    18,    19,    20,    21,     0,     0,
      22,    23,    24,    25,    26,     0,    27,    28,    29,    30,
      31,    32,     0,     0,     0,     0,     0,     0,    33,     0,
       0,     0,     0,     0,     0,     0,     0,     0,   176,   177,
       0,     0,     0,    34,     0,    35,    36,    37,    38,    39,
      40,     0,     0,     0,     0,    41,    42,    43,    44,    45,
      46,    47,     0,     0,   185,   186,     0,     0,     0,    48,
     187,   188,     0,     0,   189,   190,   191,   192,     0,     0,
       0,    49,    50,     0,    51,     0,     0,    52,    53,     0,
       0,     0,     0,   162,    54,     0,    55,    56,    16,     0,
      17,    18,    19,    20,    21,     0,     0,    22,    23,    24,
      25,    26,     0,    27,    28,    29,    30,    31,    32,     0,
       0,     0,     0,     0,     0,    33,     0,     0,     0,     0,
       0,     0,     0,     0,     0,     0,     0,     0,     0,     0,
      34,     0,    35,    36,    37,    38,    39,    40,     0,     0,
       0,     0,    41,    42,    43,    44,    45,    46,    47,     0,
       0,     0,     0,     0,     0,     0,    48,     0,     0,     0,
       0,     0,     0,     0,     0,     0,     0,     0,    49,    50,
       0,    51,     0,     0,    52,    53,     0,     0,     0,     0,
     243,    54,     0,    55,    56,    16,     0,    17,    18,    19,
      20,    21,     0,     0,    22,    23,    24,    25,    26,     0,
      27,    28,    29,    30,    31,    32,     0,     0,     0,     0,
       0,     0,    33,     0,     0,     0,     0,     0,     0,     0,
       0,     0,     0,     0,     0,     0,     0,    34,     0,    35,
      36,    37,    38,    39,    40,     0,     0,     0,     0,    41,
      42,    43,    44,    45,    46,    47,     0,     0,     0,     0,
       0,     0,     0,    48,     0,     0,     0,     0,     0,     0,
       0,     0,     0,     0,     0,    49,    50,     0,    51,     0,
       0,    52,    53,     0,     0,     0,     0,   258,    54,     0,
      55,    56,    16,     0,    17,    18,    19,    20,    21,     0,
       0,    22,    23,    24,    25,    26,     0,    27,    28,    29,
      30,    31,    32,     0,     0,     0,     0,     0,     0,    33,
       0,     0,     0,     0,     0,     0,     0,     0,     0,     0,
       0,     0,     0,     0,    34,     0,    35,    36,    37,    38,
      39,    40,     0,     0,     0,     0,    41,    42,    43,    44,
      45,    46,    47,     0,     0,     0,     0,     0,     0,     0,
      48,     0,     0,     0,     0,     0,     0,     0,     0,     0,
       0,     0,    49,    50,     0,    51,     0,     0,    52,    53,
       0,     0,     0,     0,   270,    54,     0,    55,    56,    16,
       0,    17,    18,    19,    20,    21,     0,     0,    22,    23,
      24,    25,    26,     0,    27,    28,    29,    30,    31,    32,
       0,     0,     0,     0,     0,     0,    33,     0,     0,     0,
       0,     0,     0,     0,     0,     0,     0,     0,     0,     0,
       0,    34,     0,    35,    36,    37,    38,    39,    40,     0,
       0,     0,     0,    41,    42,    43,    44,    45,    46,    47,
       0,     0,     0,     0,     0,     0,     0,    48,     0,     0,
       0,     0,     0,     0,     0,     0,     0,     0,     0,    49,
      50,     0,    51,     0,     0,    52,    53,     0,     0,     0,
       0,   299,    54,     0,    55,    56,    16,     0,    17,    18,
      19,    20,    21,     0,     0,    22,    23,    24,    25,    26,
       0,    27,    28,    29,    30,    31,    32,     0,     0,     0,
       0,     0,     0,    33,     0,     0,     0,     0,     0,     0,
       0,     0,     0,     0,     0,     0,     0,     0,    34,     0,
      35,    36,    37,    38,    39,    40,     0,     0,     0,     0,
      41,    42,    43,    44,    45,    46,    47,     0,     0,     0,
       0,     0,     0,     0,    48,     0,     0,     0,     0,     0,
       0,     0,     0,     0,     0,     0,    49,    50,     0,    51,
       0,     0,    52,    53,     0,     0,     0,     0,   357,    54,
       0,    55,    56,    16,     0,    17,    18,    19,    20,    21,
       0,     0,    22,    23,    24,    25,    26,     0,    27,    28,
      29,    30,    31,    32,     0,     0,     0,     0,     0,     0,
      33,     0,     0,     0,     0,     0,     0,     0,     0,     0,
       0,     0,     0,     0,     0,    34,     0,    35,    36,    37,
      38,    39,    40,     0,     0,     0,     0,    41,    42,    43,
      44,    45,    46,    47,     0,     0,     0,     0,     0,     0,
       0,    48,     0,     0,     0,     0,     0,     0,     0,     0,
       0,     0,     0,    49,    50,     0,    51,     0,     0,    52,
      53,     0,     0,     0,     0,   374,    54,     0,    55,    56,
      16,     0,    17,    18,    19,    20,    21,     0,     0,    22,
      23,    24,    25,    26,     0,    27,    28,    29,    30,    31,
      32,     0,     0,     0,     0,     0,     0,    33,     0,     0,
       0,     0,     0,     0,     0,     0,     0,     0,     0,     0,
       0,     0,    34,     0,    35,    36,    37,    38,    39,    40,
       0,     0,     0,     0,    41,    42,    43,    44,    45,    46,
      47,     0,     0,     0,     0,     0,     0,     0,    48,     0,
       0,     0,     0,     0,     0,     0,     0,     0,     0,     0,
      49,    50,     0,    51,     0,     0,    52,    53,     0,     0,
       0,     0,     0,    54,     0,    55,    56,    16,     0,    17,
      18,   147,    20,    21,     0,     0,    22,    23,    24,    25,
      26,     0,    27,    28,    29,    30,    31,    32,     0,     0,
       0,     0,     0,     0,    33,     0,     0,     0,     0,     0,
       0,     0,     0,     0,     0,     0,     0,     0,     0,    34,
       0,    35,    36,    37,    38,    39,    40,     0,     0,     0,
       0,    41,    42,    43,    44,    45,    46,    47,     0,     0,
       0,     0,     0,     0,     0,    48,     0,     0,     0,     0,
       0,     0,     0,     0,     0,     0,     0,    49,    50,   173,
      51,     0,     0,    52,    53,     0,   174,   175,   176,   177,
     252,     0,    55,    56,     0,     0,     0,     0,     0,     0,
       0,     0,     0,     0,     0,     0,   178,   179,   367,   180,
     181,   182,   183,   184,   185,   186,     0,     0,     0,     0,
     187,   188,   173,     0,   189,   190,   191,   192,     0,   174,
     175,   176,   177,     0,     0,     0,     0,     0,     0,     0,
       0,     0,     0,     0,     0,     0,     0,     0,     0,   178,
     179,     0,   180,   181,   182,   183,   184,   185,   186,     0,
       0,     0,     0,   187,   188,   173,     0,   189,   190,   191,
     192,     0,   174,   175,   176,   177,     0,     0,     0,     0,
       0,     0,     0,     0,     0,     0,     0,     0,     0,     0,
       0,     0,     0,   179,     0,   180,   181,   182,   183,   184,
     185,   186,     0,     0,     0,     0,   187,   188,     0,     0,
     189,   190,   191,   192
};

static const yytype_int16 yycheck[] =
{
      15,   327,     9,     9,   349,    40,   119,     9,   445,    23,
      16,    23,    12,    48,    10,    46,   130,    46,     9,    46,
      47,    15,    16,    19,    20,    21,    11,    23,    24,    20,
      11,     9,   145,   476,    25,    11,     9,    43,     0,    77,
       9,    11,   104,    39,    40,    41,    42,    20,    54,    26,
     104,    20,    25,    20,    92,     9,    25,    11,    25,    55,
      56,    15,    16,    17,   317,    20,    21,    21,    23,    24,
       9,   104,    11,     9,   327,    11,    76,    77,    78,    80,
     333,   334,   104,    12,   119,    40,    41,    72,   126,     9,
     104,    11,   529,   105,    15,    16,    72,   540,   105,    95,
      55,    56,   137,   105,    19,    20,    21,   108,    23,    24,
     145,    65,   106,     9,   459,   106,   122,   148,   104,   148,
     234,   102,    80,   129,   130,    40,    41,   104,   409,   125,
       9,    46,    11,   106,   130,     9,    72,   106,   107,    12,
      55,    56,   487,   149,    15,    16,    17,    76,    77,    78,
     104,   147,   106,   107,    76,    77,    78,    20,    20,   412,
     166,   167,   168,   104,   170,   171,   172,   104,   206,   207,
     208,   209,   210,    94,   212,   130,   214,    92,   216,   217,
     211,   103,   211,   104,   104,   106,   201,   193,   194,   195,
     196,   197,   198,   199,   200,   448,   449,   104,   479,    70,
     235,    12,   104,    76,    77,    78,    12,    76,    77,    78,
     536,   104,   493,   494,    12,   130,   104,   223,   224,   225,
     226,   227,   228,   219,   505,    17,    18,    12,   234,   482,
      48,   103,   147,   148,   347,   106,   517,   518,    30,    12,
     246,   105,    34,     9,   104,    11,   252,    39,   104,   530,
      42,    12,     9,    45,    11,    47,   262,    49,    50,    51,
      52,    53,   103,   516,   378,    76,    77,    78,    10,    72,
      76,    77,    78,     9,   312,    11,    11,   192,    76,    77,
      78,   287,   288,     9,     9,    11,    63,    64,   294,    94,
      20,    76,    77,    78,   332,     9,   211,    11,   329,   295,
     329,    20,    26,    76,    77,    78,    72,   104,   314,   315,
     316,   317,   347,    90,    72,    76,    77,    78,    95,    96,
     103,   327,    99,   100,   101,   102,    10,   333,   334,    70,
     443,    11,    42,    43,    44,    45,    72,    23,    11,    49,
     295,    51,    76,    77,    78,    76,    77,    78,   107,    78,
     388,   107,   390,    94,   107,   351,   148,   363,   107,    99,
     100,   101,   102,   104,   402,   106,    76,    77,    78,   107,
      18,   105,   378,    20,   105,     9,   104,   169,   416,   106,
     295,   173,   174,   175,   176,   177,   178,   179,   180,   181,
     182,   183,   184,   185,   186,   187,   104,   104,   446,   447,
     103,    23,   450,    23,   319,    10,   412,    10,   443,   457,
     458,    10,   418,    10,   329,    76,    77,    78,    10,    76,
      77,    78,    20,   105,   103,   473,   474,   442,   103,    61,
      62,    63,    64,   103,   103,   483,   103,   452,    76,    77,
      78,   104,   448,   449,   105,   103,    63,   495,   105,   464,
       0,   499,   500,   103,    23,   470,    88,    89,    90,     9,
     103,    11,    12,    95,    96,   103,   103,    99,   100,   101,
     102,     9,   520,    90,   480,    12,   482,    10,    95,    96,
     103,   105,    99,   100,   101,   102,   104,   535,   103,    74,
     486,   105,    42,    43,    44,    45,   544,   103,   105,    49,
     104,    51,   103,   103,    54,     9,    73,   522,    19,   103,
     516,    61,    62,    63,    64,   103,    12,   532,    76,    77,
      78,    76,    77,    78,   102,   315,    76,    77,    78,     0,
      80,    81,    82,    83,    84,    85,    86,    87,    88,    89,
      90,    12,   480,   536,   222,    95,    96,   105,   103,    99,
     100,   101,   102,   103,   100,   105,    33,   415,   108,   254,
      42,    43,    44,    45,   148,   460,   400,    49,    -1,    51,
     211,    42,    43,    44,    45,   367,    90,   329,    49,    -1,
      51,    95,    96,    54,    -1,    99,   100,   101,   102,    -1,
      61,    62,    63,    64,    76,    77,    78,    76,    77,    78,
      76,    77,    78,    -1,    -1,    76,    77,    78,    -1,    80,
      81,    82,    83,    84,    85,    86,    87,    88,    89,    90,
      -1,   103,    -1,    -1,    95,    96,   105,   103,    99,   100,
     101,   102,   103,    -1,   105,     0,     1,   108,    -1,    -1,
      -1,    -1,    -1,    -1,     9,    -1,    11,    -1,    13,    14,
      15,    16,    17,    -1,    -1,    20,    21,    22,    23,    24,
      -1,    26,    27,    28,    29,    30,    31,    32,    33,    34,
      35,    36,    37,    38,    39,    40,    41,    42,    43,    44,
      45,    76,    77,    78,    49,    50,    51,    52,    53,    -1,
      55,    56,    57,    58,    59,    60,    76,    77,    78,    -1,
      65,    66,    67,    68,    69,    70,    71,    -1,    -1,    -1,
     105,    -1,    -1,    -1,    79,    -1,    -1,    76,    77,    78,
      -1,    -1,    -1,   103,    -1,    -1,    91,    92,    -1,    94,
      -1,    -1,    97,    98,     0,     1,    -1,    -1,    -1,   104,
     105,   106,   107,     9,   103,    11,    -1,    13,    14,    15,
      16,    17,    -1,    -1,    20,    21,    22,    23,    24,    -1,
      26,    27,    28,    29,    30,    31,    32,    33,    34,    35,
      36,    37,    38,    39,    40,    41,    42,    43,    44,    45,
      76,    77,    78,    49,    50,    51,    52,    53,    -1,    55,
      56,    57,    58,    59,    60,    76,    77,    78,    -1,    65,
      66,    67,    68,    69,    70,    71,    -1,   103,    -1,    -1,
      95,    96,    -1,    79,    99,   100,   101,   102,    -1,    -1,
      -1,    -1,   103,    -1,    -1,    91,    92,    -1,    94,    -1,
      -1,    97,    98,    -1,     1,    -1,    -1,    -1,   104,   105,
     106,   107,     9,    10,    11,    -1,    13,    14,    15,    16,
      17,    -1,    -1,    20,    21,    22,    23,    24,    -1,    26,
      27,    28,    29,    30,    31,    32,    33,    34,    35,    36,
      37,    38,    39,    40,    41,    42,    43,    44,    45,    -1,
      -1,    -1,    49,    50,    51,    52,    53,    -1,    55,    56,
      57,    58,    59,    60,    -1,    -1,    -1,    -1,    65,    66,
      67,    68,    69,    70,    71,     3,     4,     5,     6,     7,
       8,    -1,    79,    -1,    -1,    -1,    -1,    -1,    -1,    -1,
      -1,    -1,    -1,    -1,    91,    92,    -1,    94,    -1,    -1,
      97,    98,    -1,     1,    -1,    -1,    -1,   104,   105,   106,
     107,     9,    10,    11,    -1,    13,    14,    15,    16,    17,
      -1,    -1,    20,    21,    22,    23,    24,    -1,    26,    27,
      28,    29,    30,    31,    32,    33,    34,    35,    36,    37,
      38,    39,    40,    41,    42,    43,    44,    45,    -1,    -1,
      -1,    49,    50,    51,    52,    53,    -1,    55,    56,    57,
      58,    59,    60,    -1,    -1,    -1,    -1,    65,    66,    67,
      68,    69,    70,    71,    -1,    -1,    -1,    -1,    -1,    -1,
      -1,    79,    -1,    -1,    -1,    -1,    -1,    -1,    -1,    -1,
      -1,    -1,    -1,    91,    92,    -1,    94,    -1,    -1,    97,
      98,    -1,     1,    -1,    -1,    -1,   104,   105,   106,   107,
       9,    10,    11,    -1,    13,    14,    15,    16,    17,    -1,
      -1,    20,    21,    22,    23,    24,    -1,    26,    27,    28,
      29,    30,    31,    32,    33,    34,    35,    36,    37,    38,
      39,    40,    41,    42,    43,    44,    45,    -1,    -1,    -1,
      49,    50,    51,    52,    53,    -1,    55,    56,    57,    58,
      59,    60,    -1,    -1,    -1,    -1,    65,    66,    67,    68,
      69,    70,    71,    -1,    -1,    -1,    -1,    -1,    -1,    -1,
      79,    -1,    -1,    -1,    -1,    -1,    -1,    -1,    -1,    -1,
      -1,    -1,    91,    92,    -1,    94,    -1,    -1,    97,    98,
      -1,     1,    -1,    -1,    -1,   104,   105,   106,   107,     9,
      10,    11,    -1,    13,    14,    15,    16,    17,    -1,    -1,
      20,    21,    22,    23,    24,    -1,    26,    27,    28,    29,
      30,    31,    32,    33,    34,    35,    36,    37,    38,    39,
      40,    41,    42,    43,    44,    45,    -1,    -1,    -1,    49,
      50,    51,    52,    53,    -1,    55,    56,    57,    58,    59,
      60,    -1,    -1,    -1,    -1,    65,    66,    67,    68,    69,
      70,    71,    -1,    -1,    -1,    -1,    -1,    -1,    -1,    79,
      -1,    -1,    -1,    -1,    -1,    -1,    -1,    -1,    -1,    -1,
      -1,    91,    92,    -1,    94,    -1,    -1,    97,    98,    -1,
       1,    -1,    -1,    -1,   104,   105,   106,   107,     9,    10,
      11,    -1,    13,    14,    15,    16,    17,    -1,    -1,    20,
      21,    22,    23,    24,    -1,    26,    27,    28,    29,    30,
      31,    32,    33,    34,    35,    36,    37,    38,    39,    40,
      41,    42,    43,    44,    45,    -1,    -1,    -1,    49,    50,
      51,    52,    53,    -1,    55,    56,    57,    58,    59,    60,
      -1,    -1,    -1,    -1,    65,    66,    67,    68,    69,    70,
      71,    -1,    -1,    -1,    -1,    -1,    -1,    -1,    79,    -1,
      -1,    -1,    -1,    -1,    -1,    -1,    -1,    -1,    -1,    -1,
      91,    92,    -1,    94,    -1,    -1,    97,    98,    -1,     1,
      -1,    -1,    -1,   104,   105,   106,   107,     9,    10,    11,
      -1,    13,    14,    15,    16,    17,    -1,    -1,    20,    21,
      22,    23,    24,    -1,    26,    27,    28,    29,    30,    31,
      32,    33,    34,    35,    36,    37,    38,    39,    40,    41,
      42,    43,    44,    45,    -1,    -1,    -1,    49,    50,    51,
      52,    53,    -1,    55,    56,    57,    58,    59,    60,    -1,
      -1,    -1,    -1,    65,    66,    67,    68,    69,    70,    71,
      -1,    -1,    -1,    -1,    -1,    -1,    -1,    79,    -1,    -1,
      -1,    -1,    -1,    -1,    -1,    -1,    -1,    -1,    -1,    91,
      92,    -1,    94,    -1,    -1,    97,    98,    -1,     1,    -1,
      -1,    -1,   104,   105,   106,   107,     9,    -1,    11,    -1,
      13,    14,    15,    16,    17,    -1,    -1,    20,    21,    22,
      23,    24,    -1,    26,    27,    28,    29,    30,    31,    32,
      33,    34,    35,    36,    37,    38,    39,    40,    41,    42,
      43,    44,    45,    -1,    -1,    -1,    49,    50,    51,    52,
      53,    -1,    55,    56,    57,    58,    59,    60,    -1,    -1,
      -1,    -1,    65,    66,    67,    68,    69,    70,    71,    -1,
      -1,    74,    -1,    -1,    -1,    -1,    79,    -1,    -1,    -1,
      -1,    -1,    -1,    -1,    -1,    -1,    -1,    -1,    91,    92,
      -1,    94,    -1,    -1,    97,    98,    -1,     1,    -1,    -1,
      -1,   104,   105,   106,   107,     9,    -1,    11,    -1,    13,
      14,    15,    16,    17,    -1,    -1,    20,    21,    22,    23,
      24,    -1,    26,    27,    28,    29,    30,    31,    32,    33,
      34,    35,    36,    37,    38,    39,    40,    41,    42,    43,
      44,    45,    -1,    -1,    -1,    49,    50,    51,    52,    53,
      -1,    55,    56,    57,    58,    59,    60,    -1,    -1,    -1,
      -1,    65,    66,    67,    68,    69,    70,    71,    -1,    -1,
      -1,    -1,    -1,    -1,    -1,    79,    -1,    -1,    -1,    -1,
      -1,    -1,    -1,    -1,    -1,    -1,    -1,    91,    92,    -1,
      94,    -1,    -1,    97,    98,    -1,     1,    -1,    -1,    -1,
     104,   105,   106,   107,     9,    -1,    11,    -1,    13,    14,
      15,    16,    17,    -1,    -1,    20,    21,    22,    23,    24,
      -1,    26,    27,    28,    29,    30,    31,    32,    -1,    34,
      35,    36,    37,    38,    39,    40,    41,    42,    43,    44,
      45,    -1,    -1,    -1,    49,    50,    51,    52,    53,    -1,
      55,    56,    57,    58,    59,    60,    -1,    -1,    -1,    -1,
      65,    66,    67,    68,    69,    70,    71,    -1,    -1,    -1,
      -1,    -1,    -1,    -1,    79,    -1,    -1,    -1,    -1,    -1,
      -1,    -1,    -1,    -1,    -1,    -1,    91,    92,    -1,    94,
      -1,    -1,    97,    98,     1,    -1,    -1,    -1,    -1,   104,
     105,   106,   107,    -1,    11,    -1,    13,    14,    15,    16,
      17,    -1,    -1,    20,    21,    22,    23,    24,    -1,    26,
      27,    28,    29,    30,    31,    -1,    -1,    -1,    -1,    -1,
      -1,    38,    -1,    -1,    -1,    54,    -1,    -1,    -1,    -1,
      -1,    -1,    61,    62,    63,    64,    53,    -1,    55,    56,
      57,    58,    59,    60,    -1,    -1,    -1,    -1,    65,    66,
      67,    68,    69,    70,    71,    84,    85,    86,    87,    88,
      89,    90,    79,    -1,    -1,    -1,    95,    96,    -1,    -1,
      99,   100,   101,   102,    91,    92,    -1,    94,    -1,    -1,
      97,    98,     1,    -1,    -1,    -1,    -1,   104,   105,   106,
     107,    -1,    11,    -1,    13,    14,    15,    16,    17,    -1,
      -1,    20,    21,    22,    23,    24,    -1,    26,    27,    28,
      29,    30,    31,    -1,    -1,    -1,    -1,    -1,    -1,    38,
      -1,    -1,    -1,    -1,    -1,    -1,    -1,    -1,    61,    62,
      63,    64,    -1,    -1,    53,    -1,    55,    56,    57,    58,
      59,    60,    -1,    -1,    -1,    -1,    65,    66,    67,    68,
      69,    70,    71,    86,    87,    88,    89,    90,    -1,    -1,
      79,    -1,    95,    96,    -1,    -1,    99,   100,   101,   102,
      -1,    -1,    91,    92,    -1,    94,    -1,    -1,    97,    98,
      -1,    -1,    -1,    -1,   103,   104,    -1,   106,   107,     9,
      -1,    11,    -1,    13,    14,    15,    16,    17,    -1,    -1,
      20,    21,    22,    23,    24,    25,    26,    27,    28,    29,
      30,    31,    -1,    -1,    -1,    -1,    -1,    -1,    38,    -1,
      -1,    -1,    -1,    -1,    -1,    -1,    61,    62,    63,    64,
      -1,    -1,    -1,    53,    -1,    55,    56,    57,    58,    59,
      60,    -1,    -1,    -1,    -1,    65,    66,    67,    68,    69,
      70,    71,    87,    88,    89,    90,    -1,    -1,    -1,    79,
      95,    96,    -1,    -1,    99,   100,   101,   102,    -1,    -1,
      -1,    91,    92,    -1,    94,    -1,    -1,    97,    98,    -1,
      -1,    -1,    -1,    -1,   104,    -1,   106,   107,     9,    -1,
      11,    -1,    13,    14,    15,    16,    17,    -1,    -1,    20,
      21,    22,    23,    24,    -1,    26,    27,    28,    29,    30,
      31,    -1,    -1,    -1,    -1,    -1,    -1,    38,    -1,    -1,
      -1,    -1,    -1,    -1,    -1,    61,    62,    63,    64,    -1,
      -1,    -1,    53,    -1,    55,    56,    57,    58,    59,    60,
      -1,    -1,    -1,    -1,    65,    66,    67,    68,    69,    70,
      71,    -1,    -1,    89,    90,    -1,    -1,    -1,    79,    95,
      96,    -1,    -1,    99,   100,   101,   102,    -1,    -1,    -1,
      91,    92,    -1,    94,    -1,    -1,    97,    98,    -1,    -1,
      -1,    -1,    -1,   104,    -1,   106,   107,    11,    12,    13,
      14,    15,    16,    17,    -1,    -1,    20,    21,    22,    23,
      24,    -1,    26,    27,    28,    29,    30,    31,    -1,    -1,
      -1,    -1,    -1,    -1,    38,    -1,    -1,    -1,    -1,    -1,
      -1,    -1,    61,    62,    63,    64,    -1,    -1,    -1,    53,
      -1,    55,    56,    57,    58,    59,    60,    -1,    -1,    -1,
      -1,    65,    66,    67,    68,    69,    70,    71,    -1,    -1,
      89,    90,    -1,    -1,    -1,    79,    95,    96,    -1,    -1,
      99,   100,   101,   102,    -1,    -1,    -1,    91,    92,    -1,
      94,    -1,    -1,    97,    98,    -1,    -1,    -1,    -1,    -1,
     104,    -1,   106,   107,    11,    -1,    13,    14,    15,    16,
      17,    -1,    -1,    20,    21,    22,    23,    24,    -1,    26,
      27,    28,    29,    30,    31,    -1,    -1,    -1,    -1,    -1,
      -1,    38,    -1,    -1,    -1,    -1,    -1,    -1,    -1,    61,
      -1,    63,    64,    -1,    -1,    -1,    53,    -1,    55,    56,
      57,    58,    59,    60,    -1,    -1,    -1,    -1,    65,    66,
      67,    68,    69,    70,    71,    -1,    -1,    89,    90,    -1,
      -1,    -1,    79,    95,    96,    -1,    -1,    99,   100,   101,
     102,    -1,    -1,    -1,    91,    92,    -1,    94,    -1,    -1,
      97,    98,    -1,    -1,    -1,    -1,    -1,   104,   105,   106,
     107,    11,    -1,    13,    14,    15,    16,    17,    -1,    -1,
      20,    21,    22,    23,    24,    -1,    26,    27,    28,    29,
      30,    31,    -1,    -1,    -1,    -1,    -1,    -1,    38,    -1,
      -1,    -1,    -1,    -1,    -1,    -1,    -1,    -1,    63,    64,
      -1,    -1,    -1,    53,    -1,    55,    56,    57,    58,    59,
      60,    -1,    -1,    -1,    -1,    65,    66,    67,    68,    69,
      70,    71,    -1,    -1,    89,    90,    -1,    -1,    -1,    79,
      95,    96,    -1,    -1,    99,   100,   101,   102,    -1,    -1,
      -1,    91,    92,    -1,    94,    -1,    -1,    97,    98,    -1,
      -1,    -1,    -1,   103,   104,    -1,   106,   107,    11,    -1,
      13,    14,    15,    16,    17,    -1,    -1,    20,    21,    22,
      23,    24,    -1,    26,    27,    28,    29,    30,    31,    -1,
      -1,    -1,    -1,    -1,    -1,    38,    -1,    -1,    -1,    -1,
      -1,    -1,    -1,    -1,    -1,    -1,    -1,    -1,    -1,    -1,
      53,    -1,    55,    56,    57,    58,    59,    60,    -1,    -1,
      -1,    -1,    65,    66,    67,    68,    69,    70,    71,    -1,
      -1,    -1,    -1,    -1,    -1,    -1,    79,    -1,    -1,    -1,
      -1,    -1,    -1,    -1,    -1,    -1,    -1,    -1,    91,    92,
      -1,    94,    -1,    -1,    97,    98,    -1,    -1,    -1,    -1,
     103,   104,    -1,   106,   107,    11,    -1,    13,    14,    15,
      16,    17,    -1,    -1,    20,    21,    22,    23,    24,    -1,
      26,    27,    28,    29,    30,    31,    -1,    -1,    -1,    -1,
      -1,    -1,    38,    -1,    -1,    -1,    -1,    -1,    -1,    -1,
      -1,    -1,    -1,    -1,    -1,    -1,    -1,    53,    -1,    55,
      56,    57,    58,    59,    60,    -1,    -1,    -1,    -1,    65,
      66,    67,    68,    69,    70,    71,    -1,    -1,    -1,    -1,
      -1,    -1,    -1,    79,    -1,    -1,    -1,    -1,    -1,    -1,
      -1,    -1,    -1,    -1,    -1,    91,    92,    -1,    94,    -1,
      -1,    97,    98,    -1,    -1,    -1,    -1,   103,   104,    -1,
     106,   107,    11,    -1,    13,    14,    15,    16,    17,    -1,
      -1,    20,    21,    22,    23,    24,    -1,    26,    27,    28,
      29,    30,    31,    -1,    -1,    -1,    -1,    -1,    -1,    38,
      -1,    -1,    -1,    -1,    -1,    -1,    -1,    -1,    -1,    -1,
      -1,    -1,    -1,    -1,    53,    -1,    55,    56,    57,    58,
      59,    60,    -1,    -1,    -1,    -1,    65,    66,    67,    68,
      69,    70,    71,    -1,    -1,    -1,    -1,    -1,    -1,    -1,
      79,    -1,    -1,    -1,    -1,    -1,    -1,    -1,    -1,    -1,
      -1,    -1,    91,    92,    -1,    94,    -1,    -1,    97,    98,
      -1,    -1,    -1,    -1,   103,   104,    -1,   106,   107,    11,
      -1,    13,    14,    15,    16,    17,    -1,    -1,    20,    21,
      22,    23,    24,    -1,    26,    27,    28,    29,    30,    31,
      -1,    -1,    -1,    -1,    -1,    -1,    38,    -1,    -1,    -1,
      -1,    -1,    -1,    -1,    -1,    -1,    -1,    -1,    -1,    -1,
      -1,    53,    -1,    55,    56,    57,    58,    59,    60,    -1,
      -1,    -1,    -1,    65,    66,    67,    68,    69,    70,    71,
      -1,    -1,    -1,    -1,    -1,    -1,    -1,    79,    -1,    -1,
      -1,    -1,    -1,    -1,    -1,    -1,    -1,    -1,    -1,    91,
      92,    -1,    94,    -1,    -1,    97,    98,    -1,    -1,    -1,
      -1,   103,   104,    -1,   106,   107,    11,    -1,    13,    14,
      15,    16,    17,    -1,    -1,    20,    21,    22,    23,    24,
      -1,    26,    27,    28,    29,    30,    31,    -1,    -1,    -1,
      -1,    -1,    -1,    38,    -1,    -1,    -1,    -1,    -1,    -1,
      -1,    -1,    -1,    -1,    -1,    -1,    -1,    -1,    53,    -1,
      55,    56,    57,    58,    59,    60,    -1,    -1,    -1,    -1,
      65,    66,    67,    68,    69,    70,    71,    -1,    -1,    -1,
      -1,    -1,    -1,    -1,    79,    -1,    -1,    -1,    -1,    -1,
      -1,    -1,    -1,    -1,    -1,    -1,    91,    92,    -1,    94,
      -1,    -1,    97,    98,    -1,    -1,    -1,    -1,   103,   104,
      -1,   106,   107,    11,    -1,    13,    14,    15,    16,    17,
      -1,    -1,    20,    21,    22,    23,    24,    -1,    26,    27,
      28,    29,    30,    31,    -1,    -1,    -1,    -1,    -1,    -1,
      38,    -1,    -1,    -1,    -1,    -1,    -1,    -1,    -1,    -1,
      -1,    -1,    -1,    -1,    -1,    53,    -1,    55,    56,    57,
      58,    59,    60,    -1,    -1,    -1,    -1,    65,    66,    67,
      68,    69,    70,    71,    -1,    -1,    -1,    -1,    -1,    -1,
      -1,    79,    -1,    -1,    -1,    -1,    -1,    -1,    -1,    -1,
      -1,    -1,    -1,    91,    92,    -1,    94,    -1,    -1,    97,
      98,    -1,    -1,    -1,    -1,   103,   104,    -1,   106,   107,
      11,    -1,    13,    14,    15,    16,    17,    -1,    -1,    20,
      21,    22,    23,    24,    -1,    26,    27,    28,    29,    30,
      31,    -1,    -1,    -1,    -1,    -1,    -1,    38,    -1,    -1,
      -1,    -1,    -1,    -1,    -1,    -1,    -1,    -1,    -1,    -1,
      -1,    -1,    53,    -1,    55,    56,    57,    58,    59,    60,
      -1,    -1,    -1,    -1,    65,    66,    67,    68,    69,    70,
      71,    -1,    -1,    -1,    -1,    -1,    -1,    -1,    79,    -1,
      -1,    -1,    -1,    -1,    -1,    -1,    -1,    -1,    -1,    -1,
      91,    92,    -1,    94,    -1,    -1,    97,    98,    -1,    -1,
      -1,    -1,    -1,   104,    -1,   106,   107,    11,    -1,    13,
      14,    15,    16,    17,    -1,    -1,    20,    21,    22,    23,
      24,    -1,    26,    27,    28,    29,    30,    31,    -1,    -1,
      -1,    -1,    -1,    -1,    38,    -1,    -1,    -1,    -1,    -1,
      -1,    -1,    -1,    -1,    -1,    -1,    -1,    -1,    -1,    53,
      -1,    55,    56,    57,    58,    59,    60,    -1,    -1,    -1,
      -1,    65,    66,    67,    68,    69,    70,    71,    -1,    -1,
      -1,    -1,    -1,    -1,    -1,    79,    -1,    -1,    -1,    -1,
      -1,    -1,    -1,    -1,    -1,    -1,    -1,    91,    92,    54,
      94,    -1,    -1,    97,    98,    -1,    61,    62,    63,    64,
     104,    -1,   106,   107,    -1,    -1,    -1,    -1,    -1,    -1,
      -1,    -1,    -1,    -1,    -1,    -1,    81,    82,    83,    84,
      85,    86,    87,    88,    89,    90,    -1,    -1,    -1,    -1,
      95,    96,    54,    -1,    99,   100,   101,   102,    -1,    61,
      62,    63,    64,    -1,    -1,    -1,    -1,    -1,    -1,    -1,
      -1,    -1,    -1,    -1,    -1,    -1,    -1,    -1,    -1,    81,
      82,    -1,    84,    85,    86,    87,    88,    89,    90,    -1,
      -1,    -1,    -1,    95,    96,    54,    -1,    99,   100,   101,
     102,    -1,    61,    62,    63,    64,    -1,    -1,    -1,    -1,
      -1,    -1,    -1,    -1,    -1,    -1,    -1,    -1,    -1,    -1,
      -1,    -1,    -1,    82,    -1,    84,    85,    86,    87,    88,
      89,    90,    -1,    -1,    -1,    -1,    95,    96,    -1,    -1,
      99,   100,   101,   102
};

  /* YYSTOS[STATE-NUM] -- The (internal number of the) accessing
     symbol of state STATE-NUM.  */
static const yytype_uint8 yystos[] =
{
       0,     3,     4,     5,     6,     7,     8,   110,   111,   112,
     113,   114,   115,   116,     0,   119,    11,    13,    14,    15,
      16,    17,    20,    21,    22,    23,    24,    26,    27,    28,
      29,    30,    31,    38,    53,    55,    56,    57,    58,    59,
      60,    65,    66,    67,    68,    69,    70,    71,    79,    91,
      92,    94,    97,    98,   104,   106,   107,   158,   159,   160,
     163,   164,   165,   166,   167,   168,   170,   173,   181,   182,
     183,   185,   186,   187,   188,   189,   190,     9,   117,     1,
      32,    34,    35,    36,    37,    39,    40,    41,    42,    43,
      44,    45,    49,    50,    51,    52,   105,   117,   126,   137,
     147,   158,    33,   124,   125,   126,   122,   122,    12,   158,
     168,   168,    20,    25,   117,   182,   191,   191,   191,   191,
     191,   169,    11,   104,   168,   149,   149,   168,   104,   104,
     104,   117,   168,    20,   159,   172,   182,   191,   191,   117,
     168,   105,   158,    20,    25,   151,   168,    15,    94,   104,
     171,   182,   183,   184,   185,   168,   159,   168,   168,   168,
     168,   168,   103,   158,   191,   191,    76,    77,    78,    80,
       9,    11,   104,    54,    61,    62,    63,    64,    81,    82,
      84,    85,    86,    87,    88,    89,    90,    95,    96,    99,
     100,   101,   102,   104,     9,    11,     9,    11,     9,    11,
       9,   119,   150,    20,    20,   148,   104,   104,   104,   104,
      70,    94,   104,   119,   180,   182,   104,   104,   117,    48,
     139,   105,   151,    42,    43,    44,    45,    49,    51,   125,
     126,   124,    12,   172,   104,   104,   158,   103,   117,    23,
     119,   152,   103,   103,   158,   173,   191,   159,    10,   105,
     172,    25,   104,   168,   171,   182,   183,   185,   103,   158,
      72,   154,    11,   103,   158,   158,   158,   168,   158,   158,
     103,   158,   168,   168,   168,   168,   168,   168,   168,   168,
     168,   168,   168,   168,   168,   168,   168,     9,    11,    15,
      16,    17,    21,    65,   104,   106,   107,   162,   182,   103,
     158,   158,   158,   158,   158,   158,   158,   158,   122,    20,
     146,    20,     9,   129,   119,   119,   119,   119,    94,   119,
      70,   178,   179,   181,   182,   183,   185,   119,    26,   119,
      26,   104,   175,   119,   119,   117,   148,   158,   143,   158,
     158,   158,   158,   158,   173,   159,    12,   161,   104,   155,
      72,   153,   103,   103,   158,    10,    11,   103,   158,   154,
     103,    23,   158,    11,   105,    12,   103,    83,   158,   158,
     107,   107,   107,   107,   103,   158,   107,   107,   104,   103,
     105,    12,   105,    12,   105,    12,   105,    10,    18,   118,
       9,   105,   119,    20,   142,   158,   143,   144,   158,   144,
     177,   182,   104,   137,   141,   144,   145,   158,     9,   120,
     178,   176,   119,   144,   144,   127,   128,   103,   108,   174,
     172,   156,   153,    23,   117,   103,    23,   103,    12,   158,
      10,   168,   105,    12,   103,   173,    10,    10,    10,    10,
     119,   119,   134,    20,   103,   103,   103,   103,   175,   119,
     103,   105,   121,   139,   132,   104,   144,   103,   103,   152,
     119,   158,   103,   103,     9,    12,    12,    10,   103,   105,
     133,   122,   172,   140,   140,   120,   120,   144,   144,   120,
     130,   122,   104,   103,   120,   120,   153,   155,   122,    74,
     122,    10,   105,   120,   120,    46,    47,   138,   138,   103,
     103,   139,   142,    10,   144,   120,   105,   117,   157,   153,
      10,   123,    10,   139,   139,   120,   104,   120,   120,   105,
     103,   139,     9,    23,   105,   135,   144,   139,   139,   131,
     120,   122,    73,   136,    19,   103,   140,   139,    10,   122,
     120,   145,    74,   138,   103,   120
};

  /* YYR1[YYN] -- Symbol number of symbol that rule YYN derives.  */
static const yytype_uint8 yyr1[] =
{
       0,   109,   111,   110,   112,   110,   113,   110,   114,   110,
     115,   110,   116,   110,   117,   118,   119,   120,   121,   122,
     122,   123,   123,   124,   124,   125,   125,   126,   126,   127,
     126,   128,   126,   126,   129,   126,   126,   126,   126,   126,
     126,   126,   126,   130,   131,   126,   126,   126,   132,   126,
     126,   126,   126,   126,   133,   126,   134,   126,   126,   126,
     135,   136,   136,   137,   137,   137,   137,   137,   137,   137,
     137,   138,   138,   138,   139,   139,   140,   141,   141,   142,
     142,   143,   144,   145,   146,   146,   147,   147,   147,   148,
     149,   150,   151,   151,   152,   152,   153,   153,   153,   154,
     154,   156,   155,   157,   157,   158,   158,   158,   158,   159,
     159,   159,   160,   160,   160,   160,   160,   160,   160,   160,
     161,   160,   162,   162,   163,   163,   163,   163,   163,   163,
     163,   163,   163,   163,   163,   163,   163,   163,   164,   164,
     164,   164,   164,   164,   164,   164,   164,   164,   164,   164,
     164,   164,   165,   165,   165,   165,   165,   165,   165,   165,
     165,   165,   166,   166,   166,   166,   166,   166,   167,   167,
     168,   168,   168,   168,   168,   168,   168,   168,   168,   168,
     168,   168,   168,   168,   168,   168,   168,   168,   168,   168,
     168,   168,   168,   168,   168,   168,   168,   168,   168,   168,
     168,   168,   168,   168,   168,   168,   168,   168,   168,   168,
     168,   168,   168,   168,   168,   168,   168,   168,   168,   169,
     168,   168,   168,   168,   168,   170,   170,   170,   171,   171,
     171,   171,   171,   171,   172,   172,   173,   173,   174,   174,
     175,   176,   175,   177,   178,   178,   178,   179,   179,   180,
     180,   181,   182,   183,   184,   185,   186,   186,   187,   188,
     188,   189,   189,   190,   190,   191,   191,   191,   191
};

  /* YYR2[YYN] -- Number of symbols on the right hand side of rule YYN.  */
static const yytype_uint8 yyr2[] =
{
       0,     2,     0,     4,     0,     3,     0,     3,     0,     3,
       0,     3,     0,     3,     4,     7,     0,     4,     0,     0,
       2,     0,     2,     1,     1,     2,     2,     1,     4,     0,
       7,     0,    10,     4,     0,     7,     7,     7,     6,     6,
       2,     8,     8,     0,     0,    13,     9,     8,     0,    10,
       9,     7,     5,     2,     0,     8,     0,     7,     2,     1,
       2,     0,     3,     1,     1,     3,     3,     3,     3,     3,
       3,     0,     2,     6,     0,     2,     0,     0,     1,     0,
       1,     1,     1,     1,     1,     0,     1,     1,     1,     0,
       0,     0,     1,     1,     0,     1,     0,     2,     1,     2,
       1,     0,     3,     1,     1,     3,     3,     3,     1,     2,
       3,     1,     3,     5,     6,     3,     3,     5,     2,     4,
       0,     5,     1,     1,     5,     4,     5,     4,     5,     6,
       5,     4,     5,     4,     3,     6,     4,     5,     3,     3,
       3,     3,     3,     3,     3,     3,     3,     3,     3,     3,
       3,     3,     2,     2,     2,     2,     2,     2,     2,     2,
       2,     2,     3,     2,     4,     3,     5,     8,     2,     2,
       1,     1,     1,     1,     5,     2,     3,     1,     2,     3,
       1,     2,     1,     1,     1,     1,     1,     1,     4,     4,
       5,     5,     1,     1,     3,     4,     3,     4,     4,     4,
       4,     4,     1,     2,     2,     1,     2,     2,     1,     2,
       1,     2,     1,     3,     1,     3,     1,     3,     4,     0,
       6,     1,     1,     1,     1,     3,     2,     4,     3,     2,
       1,     1,     1,     1,     0,     1,     0,     1,     0,     2,
       1,     0,     3,     1,     1,     1,     1,     1,     1,     2,
       2,     2,     2,     2,     5,     2,     2,     4,     2,     1,
       3,     1,     3,     1,     3,     1,     1,     1,     1
};

typedef enum {
	toketype_ival, toketype_opval, toketype_pval
} toketypes;

/* type of each token/terminal */
static const toketypes yy_type_tab[] =
{
  toketype_ival, toketype_ival, toketype_ival, toketype_ival, toketype_ival, toketype_ival,
  toketype_ival, toketype_ival, toketype_ival, toketype_ival, toketype_ival, toketype_ival,
  toketype_ival, toketype_ival, toketype_ival, toketype_ival, toketype_ival, toketype_ival, toketype_ival, toketype_ival, toketype_opval,
  toketype_opval, toketype_opval, toketype_opval, toketype_opval, toketype_opval, toketype_opval,
  toketype_opval, toketype_opval, toketype_opval, toketype_opval, toketype_opval, toketype_opval,
  toketype_pval, toketype_ival, toketype_ival, toketype_ival, toketype_ival, toketype_ival, toketype_ival,
  toketype_ival, toketype_ival, toketype_ival, toketype_ival, toketype_ival, toketype_ival, toketype_ival, toketype_ival,
  toketype_ival, toketype_ival, toketype_ival, toketype_ival, toketype_ival, toketype_ival, toketype_ival,
  toketype_ival, toketype_ival, toketype_ival, toketype_ival, toketype_ival, toketype_ival, toketype_ival, toketype_ival,
  toketype_ival, toketype_ival, toketype_ival, toketype_ival, toketype_ival, toketype_ival, toketype_ival, toketype_ival,
  toketype_ival, toketype_ival, toketype_ival, toketype_ival, toketype_ival, toketype_ival,
  toketype_ival, toketype_ival, toketype_ival, toketype_ival, toketype_ival, toketype_ival, toketype_ival, toketype_ival,
  toketype_ival, toketype_ival, toketype_ival, toketype_ival, toketype_ival, toketype_ival, toketype_ival,
  toketype_ival, toketype_ival, toketype_ival, toketype_ival, toketype_ival, toketype_ival, toketype_ival,
  toketype_ival, toketype_ival, toketype_ival, toketype_ival, toketype_ival, toketype_ival, toketype_ival, toketype_ival,
  toketype_ival, toketype_ival, toketype_ival, toketype_ival, toketype_ival, toketype_ival, toketype_ival, toketype_ival, toketype_ival,
  toketype_ival, toketype_opval, toketype_opval, toketype_ival, toketype_opval, toketype_ival,
  toketype_opval, toketype_opval, toketype_opval, toketype_opval, toketype_opval, toketype_ival,
  toketype_ival, toketype_ival, toketype_ival, toketype_ival, toketype_ival, toketype_ival, toketype_ival, toketype_opval,
  toketype_opval, toketype_opval, toketype_opval, toketype_opval, toketype_ival, toketype_opval, toketype_opval, toketype_opval,
  toketype_opval, toketype_opval, toketype_opval, toketype_ival, toketype_ival, toketype_ival,
  toketype_ival, toketype_opval, toketype_opval, toketype_opval, toketype_opval,
  toketype_opval, toketype_ival, toketype_opval, toketype_opval, toketype_opval, toketype_opval, toketype_ival,
  toketype_opval, toketype_opval, toketype_opval, toketype_opval, toketype_opval, toketype_opval,
  toketype_opval, toketype_ival, toketype_opval, toketype_opval, toketype_opval, toketype_opval,
  toketype_opval, toketype_ival, toketype_ival, toketype_opval, toketype_opval, toketype_opval,
  toketype_ival, toketype_opval, toketype_opval, toketype_opval, toketype_opval, toketype_opval, toketype_opval,
  toketype_opval, toketype_opval, toketype_opval, toketype_opval, toketype_opval
};

/* Generated from:
 * 845824e4962cdc4e7f4928f1008c302d2d96b985b1db03db639a08c53f59896d perly.y
 * d75acf04e5e050e9d0de13999b5b46a13f176dcf9f75c07acf51e913fc41db9a regen_perly.pl
 * ex: set ro: */
