/* ex: set ro ft=c: -*- buffer-read-only: t -*-
   !!!!!!!   DO NOT EDIT THIS FILE   !!!!!!!
   This file is built by regen_perly.pl from perly.y.
   Any changes made here will be lost!
 */

#define YYFINAL  14
/* YYLAST -- Last index in YYTABLE.  */
#define YYLAST   3114

/* YYNTOKENS -- Number of terminals.  */
#define YYNTOKENS  106
/* YYNNTS -- Number of nonterminals.  */
#define YYNNTS  89
/* YYNRULES -- Number of rules.  */
#define YYNRULES  279
/* YYNSTATES -- Number of states.  */
#define YYNSTATES  554

/* YYTRANSLATE[YYX] -- Symbol number corresponding to YYX as returned
   by yylex, with out-of-bounds checking.  */
#define YYUNDEFTOK  2
#define YYMAXUTOK   338

#define YYTRANSLATE(YYX)                                                \
  ((unsigned int) (YYX) <= YYMAXUTOK ? yytranslate[YYX] : YYUNDEFTOK)

/* YYTRANSLATE[TOKEN-NUM] -- Symbol number corresponding to TOKEN-NUM
   as returned by yylex, without out-of-bounds checking.  */
static const yytype_uint8 yytranslate[] =
{
       0,     2,     2,     2,     2,     2,     2,     2,     2,     2,
       2,     2,     2,     2,     2,     2,     2,     2,     2,     2,
       2,     2,     2,     2,     2,     2,     2,     2,     2,     2,
       2,     2,     2,    88,     2,     2,   103,    16,    17,     2,
     101,   100,   104,    14,    77,    13,    19,   105,     2,     2,
       2,     2,     2,     2,     2,     2,     2,     2,    80,   102,
       2,    18,     2,    79,    15,     2,     2,     2,     2,     2,
       2,     2,     2,     2,     2,     2,     2,     2,     2,     2,
       2,     2,     2,     2,     2,     2,     2,     2,     2,     2,
       2,    11,     2,    12,     2,     2,     2,     2,     2,     2,
       2,     2,     2,     2,     2,     2,     2,     2,     2,     2,
       2,     2,     2,     2,     2,     2,     2,     2,     2,     2,
       2,     2,     2,     9,     2,    10,    89,     2,     2,     2,
       2,     2,     2,     2,     2,     2,     2,     2,     2,     2,
       2,     2,     2,     2,     2,     2,     2,     2,     2,     2,
       2,     2,     2,     2,     2,     2,     2,     2,     2,     2,
       2,     2,     2,     2,     2,     2,     2,     2,     2,     2,
       2,     2,     2,     2,     2,     2,     2,     2,     2,     2,
       2,     2,     2,     2,     2,     2,     2,     2,     2,     2,
       2,     2,     2,     2,     2,     2,     2,     2,     2,     2,
       2,     2,     2,     2,     2,     2,     2,     2,     2,     2,
       2,     2,     2,     2,     2,     2,     2,     2,     2,     2,
       2,     2,     2,     2,     2,     2,     2,     2,     2,     2,
       2,     2,     2,     2,     2,     2,     2,     2,     2,     2,
       2,     2,     2,     2,     2,     2,     2,     2,     2,     2,
       2,     2,     2,     2,     2,     2,     1,     2,     3,     4,
       5,     6,     7,     8,    20,    21,    22,    23,    24,    25,
      26,    27,    28,    29,    30,    31,    32,    33,    34,    35,
      36,    37,    38,    39,    40,    41,    42,    43,    44,    45,
      46,    47,    48,    49,    50,    51,    52,    53,    54,    55,
      56,    57,    58,    59,    60,    61,    62,    63,    64,    65,
      66,    67,    68,    69,    70,    71,    72,    73,    74,    75,
      76,    78,    81,    82,    83,    84,    85,    86,    87,    90,
      91,    92,    93,    94,    95,    96,    97,    98,    99
};

#if YYDEBUG
  /* YYRLINE[YYN] -- Source line where rule number YYN was defined.  */
static const yytype_uint16 yyrline[] =
{
       0,   120,   120,   119,   130,   129,   139,   138,   151,   150,
     163,   162,   175,   174,   186,   194,   202,   206,   214,   220,
     221,   231,   232,   241,   245,   249,   253,   260,   262,   272,
     271,   304,   303,   345,   353,   352,   361,   367,   373,   384,
     386,   388,   395,   403,   405,   402,   422,   427,   434,   433,
     443,   451,   457,   463,   470,   469,   484,   488,   496,   514,
     515,   520,   522,   524,   526,   528,   530,   532,   535,   541,
     542,   547,   558,   559,   565,   571,   572,   577,   580,   584,
     589,   593,   597,   598,   602,   608,   613,   618,   619,   624,
     625,   630,   631,   633,   638,   640,   651,   652,   660,   662,
     666,   714,   715,   717,   723,   801,   803,   809,   811,   815,
     821,   822,   827,   826,   907,   908,   912,   914,   916,   918,
     922,   924,   929,   933,   937,   941,   947,   952,   958,   964,
     966,   969,   968,   979,   980,   984,   988,   991,   996,  1001,
    1004,  1008,  1012,  1015,  1020,  1024,  1027,  1029,  1031,  1036,
    1038,  1040,  1045,  1047,  1049,  1051,  1053,  1055,  1057,  1059,
    1061,  1063,  1065,  1070,  1072,  1075,  1077,  1079,  1082,  1085,
    1096,  1099,  1102,  1109,  1111,  1113,  1115,  1117,  1120,  1139,
    1141,  1145,  1146,  1147,  1148,  1149,  1151,  1153,  1155,  1157,
    1159,  1161,  1163,  1165,  1167,  1169,  1171,  1173,  1175,  1177,
    1187,  1197,  1207,  1217,  1219,  1221,  1224,  1229,  1233,  1235,
    1237,  1239,  1242,  1244,  1247,  1249,  1251,  1253,  1255,  1257,
    1259,  1261,  1263,  1266,  1268,  1270,  1272,  1274,  1276,  1280,
    1283,  1282,  1295,  1296,  1297,  1302,  1306,  1308,  1310,  1315,
    1317,  1320,  1322,  1324,  1326,  1331,  1333,  1338,  1339,  1344,
    1345,  1349,  1352,  1351,  1359,  1363,  1364,  1365,  1368,  1369,
    1372,  1373,  1376,  1380,  1384,  1390,  1419,  1425,  1427,  1431,
    1435,  1436,  1440,  1441,  1445,  1446,  1451,  1453,  1455,  1458
};
#endif

#if YYDEBUG || YYERROR_VERBOSE || 0
/* YYTNAME[SYMBOL-NUM] -- String name of the symbol SYMBOL-NUM.
   First, the terminals, then, starting at YYNTOKENS, nonterminals.  */
static const char *const yytname[] =
{
  "$end", "error", "$undefined", "GRAMPROG", "GRAMEXPR", "GRAMBLOCK",
  "GRAMBARESTMT", "GRAMFULLSTMT", "GRAMSTMTSEQ", "'{'", "'}'", "'['",
  "']'", "'-'", "'+'", "'@'", "'%'", "'&'", "'='", "'.'", "BAREWORD",
  "METHOD", "FUNCMETH", "THING", "PMFUNC", "PRIVATEREF", "QWLIST",
  "FUNC0OP", "FUNC0SUB", "UNIOPSUB", "LSTOPSUB", "PLUGEXPR", "PLUGSTMT",
  "LABEL", "FORMAT", "SUB", "ANONSUB", "PACKAGE", "USE", "WHILE", "UNTIL",
  "IF", "UNLESS", "ELSE", "ELSIF", "CONTINUE", "FOR", "GIVEN", "WHEN",
  "DEFAULT", "LOOPEX", "DOTDOT", "YADAYADA", "FUNC0", "FUNC1", "FUNC",
  "UNIOP", "LSTOP", "RELOP", "EQOP", "MULOP", "ADDOP", "DOLSHARP", "DO",
  "HASHBRACK", "NOAMP", "LOCAL", "MY", "REQUIRE", "COLONATTR",
  "FORMLBRACK", "FORMRBRACK", "PREC_LOW", "OROP", "DOROP", "ANDOP",
  "NOTOP", "','", "ASSIGNOP", "'?'", "':'", "OROR", "DORDOR", "ANDAND",
  "BITOROP", "BITANDOP", "SHIFTOP", "MATCHOP", "'!'", "'~'", "UMINUS",
  "REFGEN", "POWOP", "POWCOP", "PREINC", "PREDEC", "POSTINC", "POSTDEC",
  "POSTJOIN", "ARROW", "')'", "'('", "';'", "'$'", "'*'", "'/'", "$accept",
  "grammar", "$@1", "$@2", "$@3", "$@4", "$@5", "$@6", "block",
  "formblock", "remember", "mblock", "mremember", "stmtseq", "formstmtseq",
  "fullstmt", "labfullstmt", "barestmt", "$@7", "$@8", "$@9", "$@10",
  "$@11", "@12", "$@13", "formline", "formarg", "sideff", "else", "cont",
  "mintro", "nexpr", "texpr", "iexpr", "mexpr", "mnexpr", "formname",
  "startsub", "startanonsub", "startformsub", "subname", "proto",
  "subattrlist", "myattrlist", "sigvarname", "sigslurpsigil",
  "sigslurpelem", "sigdefault", "sigscalarelem", "sigelem", "siglist",
  "siglistornull", "subsignature", "$@14", "optsubbody", "expr",
  "listexpr", "listop", "@15", "method", "subscripted", "termbinop",
  "termunop", "anonymous", "termdo", "term", "@16", "myattrterm", "myterm",
  "optlistexpr", "optexpr", "optrepl", "lpar_or_qw", "$@17", "my_scalar",
  "my_var", "refgen_topic", "my_refgen", "amper", "scalar", "ary",
  "sizearydecl", "hsh", "arylen", "star", "sliceme", "kvslice", "gelem",
  "indirob", YY_NULLPTR
};
#endif

# ifdef YYPRINT
/* YYTOKNUM[NUM] -- (External) token number corresponding to the
   (internal) symbol number NUM (which must be that of a token).  */
static const yytype_uint16 yytoknum[] =
{
       0,   256,   257,   258,   259,   260,   261,   262,   263,   123,
     125,    91,    93,    45,    43,    64,    37,    38,    61,    46,
     264,   265,   266,   267,   268,   269,   270,   271,   272,   273,
     274,   275,   276,   277,   278,   279,   280,   281,   282,   283,
     284,   285,   286,   287,   288,   289,   290,   291,   292,   293,
     294,   295,   296,   297,   298,   299,   300,   301,   302,   303,
     304,   305,   306,   307,   308,   309,   310,   311,   312,   313,
     314,   315,   316,   317,   318,   319,   320,    44,   321,    63,
      58,   322,   323,   324,   325,   326,   327,   328,    33,   126,
     329,   330,   331,   332,   333,   334,   335,   336,   337,   338,
      41,    40,    59,    36,    42,    47
};
# endif

#define YYPACT_NINF -458

#define yypact_value_is_default(Yystate) \
  (!!((Yystate) == (-458)))

#define YYTABLE_NINF -275

#define yytable_value_is_error(Yytable_value) \
  (!!((Yytable_value) == (-275)))

  /* YYPACT[STATE-NUM] -- Index in YYTABLE of the portion describing
     STATE-NUM.  */
static const yytype_int16 yypact[] =
{
     635,  -458,  -458,  -458,  -458,  -458,  -458,    21,  -458,  2895,
      37,  1573,  1477,  -458,  -458,  -458,  2049,  2895,  2895,    -3,
      -3,    -3,  -458,    -3,    -3,  -458,  -458,    39,   -47,  -458,
    2895,  -458,  -458,  -458,  2895,  -458,   -30,     2,    18,  1955,
    1859,    -3,  1955,  2143,    23,  2895,    24,  2895,  2895,  2895,
    2895,  2895,  2895,  2895,  2237,    -3,    -3,   137,    22,  -458,
      27,  -458,  -458,  -458,  -458,   467,  -458,  -458,    46,    53,
      63,    67,  -458,    58,    70,    76,   154,  -458,  -458,  -458,
    -458,  -458,    23,   152,  -458,    80,    98,    99,   113,   134,
     114,   123,    37,  -458,   157,  -458,   130,   377,  1477,  -458,
    -458,  -458,   709,   805,  -458,   101,   690,   690,  -458,  -458,
    -458,  -458,  -458,  -458,  -458,  2895,   132,   142,  2895,   146,
    2222,    37,    30,   467,   151,  2331,  1859,  -458,  2222,   606,
      22,  -458,   530,  2895,  -458,  -458,  2222,   261,   -18,  -458,
    -458,  2895,  2222,    17,  2989,  2425,   203,  -458,  -458,  -458,
    -458,  2222,    22,   690,   690,   690,   500,   500,   268,   174,
    -458,  -458,  2895,  2895,  2895,  2895,  2895,  2895,  2519,  2895,
    2895,  2895,  2895,  2895,  2895,  2895,  2895,  2895,  2895,  2895,
    2895,  2895,  2895,  2895,  -458,  -458,  -458,  -458,   366,  2613,
    2895,  2895,  2895,  2895,  2895,  2895,  2895,  -458,   257,  -458,
     262,  -458,  -458,  -458,  -458,  -458,   192,    79,  -458,   258,
    -458,   -15,  -458,  -458,  -458,    37,  -458,  -458,  2895,  2895,
    2895,  2895,  2895,  2895,  -458,  -458,  -458,  -458,  -458,  2895,
    2895,   110,  -458,  -458,  -458,   188,   217,  -458,  -458,   363,
     191,  2895,    22,  -458,   282,  -458,   284,  2707,   690,   203,
      40,    66,   169,  -458,   371,   273,  -458,  2895,   289,   228,
     228,  -458,   467,   248,   133,  -458,   419,  1656,   576,  2034,
     255,   487,   467,   417,  1749,  1749,  1844,  1940,  2128,  2182,
     690,   690,  2895,  2895,   200,   201,   213,  -458,   221,  2801,
      38,   225,   243,  -458,  -458,   432,   290,   155,   298,   167,
     311,   238,   324,   901,  -458,   340,   275,     0,   349,  2895,
    2895,  2895,  2895,  -458,   271,  -458,  -458,   277,  -458,  -458,
    -458,  -458,  1668,   379,    50,  -458,  -458,  -458,  2895,  2895,
    -458,   137,  -458,   137,   137,   137,   137,   137,   291,   -44,
    -458,  2895,  -458,   217,   367,    37,  -458,  -458,   461,  -458,
     373,   144,   482,  -458,  -458,  -458,   241,  2895,   391,  -458,
    -458,  2895,   356,   263,  -458,  -458,  -458,  -458,  -458,   520,
    -458,  -458,  2895,  -458,   393,  -458,   396,  -458,   398,  -458,
     400,  -458,  -458,  -458,   392,  -458,  -458,  -458,   394,   327,
     137,   332,   334,   137,   339,   -15,  -458,  -458,  -458,  -458,
     342,   322,   320,  -458,   157,  -458,   346,  2895,   343,   354,
    -458,  2895,   355,  -458,    54,   447,  -458,  -458,  -458,   450,
     185,  -458,   266,  -458,  3015,   449,  -458,  -458,   364,  -458,
    -458,  -458,  -458,   372,   217,   188,  -458,  2895,  -458,  -458,
     379,   379,  2895,  2895,   379,  -458,  -458,  -458,   382,  -458,
     365,   379,   379,   137,  -458,  -458,  -458,   448,   448,  -458,
    -458,  -458,   403,   384,  -458,  -458,  -458,  -458,  -458,   415,
      10,   217,  -458,   385,   379,   379,   126,   126,   389,   390,
     157,  2895,   997,  2895,   379,  -458,  -458,  -458,   413,   413,
      54,  -458,  1093,  -458,  -458,  -458,  -458,   502,  1189,  -458,
     157,   157,   379,   411,  -458,  -458,   379,   379,  -458,   418,
    -458,   421,   157,  2895,  -458,  -458,  -458,  -458,    -5,  -458,
    -458,  -458,  -458,  -458,  2895,   157,   157,  -458,   379,  -458,
     467,   453,   498,  -458,  1285,   431,  -458,  -458,  -458,   157,
    -458,  -458,  -458,  -458,   379,  1763,  -458,  1381,   126,   433,
    -458,  -458,   379,  -458
};

  /* YYDEFACT[STATE-NUM] -- Default reduction number in state STATE-NUM.
     Performed when YYTABLE does not specify something else to do.  Zero
     means the default is an error.  */
static const yytype_uint16 yydefact[] =
{
       0,     2,     4,     6,     8,    10,    12,     0,    16,   247,
       0,     0,     0,    19,     1,    19,     0,     0,     0,     0,
       0,     0,   232,     0,     0,   203,   230,   191,   225,   227,
     221,    85,   235,    85,   213,   234,   223,     0,     0,   216,
     245,     0,     0,     0,     0,     0,     0,   219,     0,     0,
       0,     0,     0,     0,     0,     0,     0,   248,   119,   233,
     198,   181,   182,   183,   184,   122,   188,     5,   204,   193,
     196,   195,   197,   194,     0,     0,     0,    16,     7,    61,
      27,    86,     0,     0,    84,     0,     0,     0,     0,    16,
       0,     0,     0,    57,    72,     9,     0,    62,     0,    11,
      24,    23,     0,     0,   174,     0,   163,   164,   276,   279,
     278,   277,   264,   266,   262,   245,     0,     0,     0,     0,
     222,     0,    89,   214,     0,     0,   247,   217,   218,   276,
     246,   129,   277,     0,   267,   180,   179,     0,     0,    87,
      88,   245,   189,     0,     0,     0,   237,   241,   244,   243,
     242,   220,   215,   165,   166,   186,   171,   172,   192,     0,
     263,   269,     0,     0,     0,   120,     0,     0,     0,     0,
       0,     0,     0,     0,     0,     0,     0,     0,     0,     0,
       0,     0,     0,     0,   170,   167,   168,   169,     0,     0,
       0,     0,     0,     0,     0,     0,     0,    19,    83,    84,
       0,    34,    16,    16,    16,    16,    16,     0,    16,     0,
      16,     0,    16,    16,    40,     0,    53,    56,     0,     0,
       0,     0,     0,     0,    26,    25,    20,   173,   127,   247,
       0,     0,   226,   131,    90,     0,    91,   224,   228,     0,
       0,     0,   123,   176,     0,   207,   279,     0,   187,     0,
     193,   196,   195,   240,     0,    95,   236,     0,   190,   117,
     118,   116,   121,     0,     0,   145,     0,   158,   154,   155,
     151,   152,   149,     0,   160,   161,   159,   157,   156,   153,
     162,   150,     0,     0,   271,   273,     0,   133,     0,     0,
       0,   275,   126,   134,   205,     0,     0,     0,     0,     0,
       0,     0,     0,     0,    82,     0,    29,     0,     0,    77,
       0,     0,     0,   260,     0,   261,   258,     0,   259,   255,
     256,   257,     0,     0,     0,   252,   251,    16,     0,     0,
      73,    65,    66,    79,    63,    64,    67,    68,     0,   249,
     147,   245,   112,    91,    93,     0,   229,   130,     0,   175,
       0,   192,     0,   238,   239,    94,     0,     0,     0,   138,
     144,     0,     0,     0,   209,   210,   211,   268,   142,     0,
     208,   212,   247,   206,     0,   136,     0,   199,     0,   200,
       0,    14,    16,    28,    89,    16,    16,    33,     0,     0,
      78,     0,     0,    80,     0,     0,   254,    16,    76,    81,
       0,     0,    62,    18,    72,    48,     0,     0,     0,     0,
     128,     0,     0,   132,   110,     0,    92,   177,   124,     0,
     190,   148,     0,   141,   185,     0,   137,   143,     0,   139,
     201,   202,   135,     0,    91,     0,    54,   245,    74,    74,
       0,     0,     0,     0,     0,    43,    19,    52,     0,   253,
       0,     0,     0,   250,   231,    98,    99,    96,    96,   106,
     105,   109,   111,     0,    19,   265,   146,   140,   125,     0,
       0,    91,    19,     0,     0,     0,    69,    69,     0,     0,
      72,    77,     0,     0,     0,    38,    39,    97,   101,   101,
     107,   113,     0,    21,   115,   114,    30,     0,     0,    35,
      72,    72,     0,     0,    36,    37,     0,     0,    51,     0,
      17,     0,    72,   102,   104,   100,   108,   178,     0,    19,
      55,    41,    42,    70,     0,    72,    72,    44,     0,    47,
     103,    59,     0,    22,     0,     0,    46,    50,    74,    72,
      19,    58,    15,    32,     0,     0,    49,     0,    69,     0,
      60,    71,     0,    45
};

  /* YYPGOTO[NTERM-NUM].  */
static const yytype_int16 yypgoto[] =
{
    -458,  -458,  -458,  -458,  -458,  -458,  -458,  -458,   -10,  -458,
     -54,   -95,  -458,   -11,  -458,   526,   442,    20,  -458,  -458,
    -458,  -458,  -458,  -458,  -458,  -458,  -458,  -319,  -457,  -303,
    -424,  -458,    62,   234,  -239,    13,  -458,   368,   529,  -458,
     491,   193,  -327,   326,   129,  -458,  -458,   112,  -458,   131,
    -458,  -458,   184,  -458,  -458,    -2,   -35,  -458,  -458,  -458,
    -458,  -458,  -458,  -458,  -458,    87,  -458,  -458,   480,  -107,
     -96,  -458,   230,  -458,  -458,   307,  -458,  -458,   426,   278,
     -36,  -458,   -34,  -458,  -458,  -458,  -458,  -458,     4
};

  /* YYDEFGOTO[NTERM-NUM].  */
static const yytype_int16 yydefgoto[] =
{
      -1,     7,     8,     9,    10,    11,    12,    13,   110,   383,
      15,   404,   446,   102,   518,   226,   100,   101,   384,   385,
     308,   481,   538,   448,   472,   533,   541,    96,   504,   216,
     474,   399,   389,   332,   392,   401,   305,   201,   121,   198,
     141,   236,   345,   256,   488,   458,   459,   514,   460,   461,
     462,   463,   343,   414,   496,    97,    58,    59,   341,   292,
      60,    61,    62,    63,    64,    65,   117,    66,   146,   131,
      67,   412,   327,   406,   395,   316,   317,   210,    68,    69,
      70,   149,    71,    72,    73,    74,    75,    76,   112
};

  /* YYTABLE[YYPACT[STATE-NUM]] -- What to do in state STATE-NUM.  If
     positive, shift that token.  If negative, reduce the rule whose
     number is the opposite.  If YYTABLE_NINF, syntax error.  */
static const yytype_int16 yytable[] =
{
      78,    94,    94,   398,   103,   130,    77,    57,   228,   386,
     148,   325,   150,   152,   105,   475,   415,   108,   531,    77,
     505,    14,   109,   197,   113,   114,    77,   115,   116,   127,
     240,    95,   135,   165,   245,   209,   166,   108,   167,   143,
      20,   138,   246,   139,   133,   134,    77,    77,   140,   190,
     118,   191,   159,   234,   119,   162,   163,   164,   108,   160,
     161,   411,   190,   109,   191,    19,    20,  -274,   235,   455,
     456,   124,  -270,   394,  -270,  -270,  -272,  -270,  -272,   192,
     130,   193,   214,   400,   244,   194,   326,   195,    94,   408,
     409,   551,    94,    94,    19,    20,    21,   532,   242,   165,
      55,   447,   387,   125,   106,   107,   130,   470,   251,  -241,
     252,   233,   494,   227,   545,   144,   231,   120,   225,   126,
      55,   123,   340,   239,    57,   145,   128,    55,   168,   136,
     241,   -16,   142,   338,   151,  -244,   153,   154,   155,   156,
     157,    55,   370,   254,   497,   359,   315,   189,   309,   310,
     311,   312,   314,    55,   322,   257,   324,   457,   328,   329,
     259,   260,   261,   196,   263,   264,   266,   375,   450,   502,
     503,   320,   200,   321,   162,   163,   164,   508,  -272,   377,
    -272,   202,    55,   162,   163,   164,   303,   295,   296,   297,
     298,   299,   300,   301,   302,   339,   357,   521,   522,   203,
     204,   206,   215,   478,   479,   330,   162,   163,   164,   529,
     162,   163,   164,  -240,   205,   212,   331,   333,   334,   335,
     336,   337,   536,   537,   213,   207,   398,    57,   162,   163,
     164,   248,   217,   229,   413,   208,   546,    55,  -242,   348,
     162,   163,   164,   230,   511,   352,   232,   162,   163,   164,
     379,   237,   262,   421,  -239,   356,   267,   268,   269,   270,
     271,   272,   273,   274,   275,   276,   277,   278,   279,   280,
     281,   243,   255,   407,   258,   426,   428,   304,   466,   257,
     362,   363,   307,   313,   323,   535,   344,   369,   320,   342,
     321,   347,   349,    94,   160,   350,   355,   111,   111,   111,
     357,   111,   111,   164,   364,   365,   130,   390,   333,   393,
     393,   162,   163,   164,   162,   163,   164,   366,   132,   111,
     402,   162,   163,   164,   147,   367,   393,   393,   433,   371,
     473,   435,   436,   111,   111,   417,   162,   163,   164,   162,
     163,   164,   182,   443,   372,   476,   477,   183,   184,   480,
     358,   185,   186,   187,   188,   422,   485,   486,   382,   218,
     219,   220,   221,   162,   163,   164,   222,   211,   223,   388,
      57,   162,   163,   164,    55,   282,   -31,   283,   397,   500,
     501,   284,   285,   286,   162,   163,   164,   287,   403,   512,
     416,   410,   374,   162,   163,   164,   419,   162,   163,   164,
     376,   423,   130,   429,   132,   393,   430,   523,   431,   453,
     432,   525,   526,   378,   437,   234,   218,   219,   220,   221,
     -80,   111,   250,   222,   445,   223,   380,   438,   288,   162,
     163,   164,   439,   539,   440,   482,   162,   163,   164,   441,
     393,   393,   444,   451,   162,   163,   164,   449,   424,   548,
     162,   163,   164,   492,   452,   454,   464,   553,   425,   467,
     495,   498,   465,   346,   468,   484,   293,   289,   169,   290,
     291,   354,    94,   487,   469,   170,   171,   172,   173,   390,
     490,   393,    94,   483,   491,   319,   493,   499,    94,   506,
     507,   513,   162,   163,   164,   174,   175,   361,   176,   177,
     178,   179,   180,   181,   182,   162,   163,   164,   534,   183,
     184,   519,   524,   185,   186,   187,   188,   542,   169,   360,
     527,   528,   393,   540,    94,   170,   171,   172,   173,   547,
    -193,   544,   373,   552,   162,   163,   164,    94,    99,   190,
     224,   191,  -193,   509,   391,   174,   175,   172,   176,   177,
     178,   179,   180,   181,   182,   162,   163,   164,   549,   183,
     184,   418,   122,   185,   186,   187,   188,   306,   111,  -193,
    -193,  -193,  -193,   199,   182,   353,  -193,   434,  -193,   183,
     184,  -193,   420,   185,   186,   187,   188,   489,  -193,  -193,
    -193,  -193,   396,   162,   163,   164,  -275,  -275,  -275,   188,
     530,   515,   319,  -193,  -193,  -193,  -232,  -193,  -193,  -193,
    -193,  -193,  -193,  -193,  -193,  -193,  -193,  -193,  -232,   471,
     427,   516,  -193,  -193,   249,   442,  -193,  -193,  -193,  -193,
    -193,   405,  -193,   318,  -275,  -193,   172,   173,     1,     2,
       3,     4,     5,     6,     0,  -232,  -232,  -232,  -232,     0,
       0,     0,  -232,     0,  -232,     0,     0,  -232,     0,     0,
       0,     0,   181,   182,  -232,  -232,  -232,  -232,   183,   184,
       0,     0,   185,   186,   187,   188,     0,     0,     0,  -232,
    -232,  -232,     0,  -232,  -232,  -232,  -232,  -232,  -232,  -232,
    -232,  -232,  -232,  -232,     0,     0,     0,     0,  -232,  -232,
       0,     0,  -232,  -232,  -232,  -232,  -232,     0,  -232,   -13,
      79,  -232,     0,     0,     0,     0,     0,     0,    77,     0,
      16,     0,    17,    18,    19,    20,    21,     0,     0,    22,
      23,    24,    25,    26,     0,    27,    28,    29,    30,    31,
      32,    80,    98,    81,    82,    33,    83,    84,    85,    86,
      87,    88,     0,     0,     0,    89,    90,    91,    92,    34,
       0,    35,    36,    37,    38,    39,    40,     0,     0,     0,
       0,    41,    42,    43,    44,    45,    46,    47,     0,     0,
       0,     0,   183,   184,     0,    48,   185,   186,   187,   188,
       0,     0,     0,     0,     0,     0,     0,    49,    50,     0,
      51,     0,     0,    52,    53,    -3,    79,     0,     0,     0,
      54,    93,    55,    56,    77,     0,    16,     0,    17,    18,
      19,    20,    21,     0,     0,    22,    23,    24,    25,    26,
       0,    27,    28,    29,    30,    31,    32,    80,    98,    81,
      82,    33,    83,    84,    85,    86,    87,    88,     0,     0,
       0,    89,    90,    91,    92,    34,     0,    35,    36,    37,
      38,    39,    40,     0,     0,     0,     0,    41,    42,    43,
      44,    45,    46,    47,     0,     0,     0,     0,     0,     0,
       0,    48,     0,     0,     0,     0,     0,     0,     0,     0,
       0,     0,     0,    49,    50,     0,    51,     0,     0,    52,
      53,     0,    79,     0,     0,     0,    54,    93,    55,    56,
      77,   381,    16,     0,    17,    18,    19,    20,    21,     0,
       0,    22,    23,    24,    25,    26,     0,    27,    28,    29,
      30,    31,    32,    80,    98,    81,    82,    33,    83,    84,
      85,    86,    87,    88,     0,     0,     0,    89,    90,    91,
      92,    34,     0,    35,    36,    37,    38,    39,    40,     0,
       0,     0,     0,    41,    42,    43,    44,    45,    46,    47,
       0,     0,     0,     0,     0,     0,     0,    48,     0,     0,
       0,     0,     0,     0,     0,     0,     0,     0,     0,    49,
      50,     0,    51,     0,     0,    52,    53,     0,    79,     0,
       0,     0,    54,    93,    55,    56,    77,   510,    16,     0,
      17,    18,    19,    20,    21,     0,     0,    22,    23,    24,
      25,    26,     0,    27,    28,    29,    30,    31,    32,    80,
      98,    81,    82,    33,    83,    84,    85,    86,    87,    88,
       0,     0,     0,    89,    90,    91,    92,    34,     0,    35,
      36,    37,    38,    39,    40,     0,     0,     0,     0,    41,
      42,    43,    44,    45,    46,    47,     0,     0,     0,     0,
       0,     0,     0,    48,     0,     0,     0,     0,     0,     0,
       0,     0,     0,     0,     0,    49,    50,     0,    51,     0,
       0,    52,    53,     0,    79,     0,     0,     0,    54,    93,
      55,    56,    77,   517,    16,     0,    17,    18,    19,    20,
      21,     0,     0,    22,    23,    24,    25,    26,     0,    27,
      28,    29,    30,    31,    32,    80,    98,    81,    82,    33,
      83,    84,    85,    86,    87,    88,     0,     0,     0,    89,
      90,    91,    92,    34,     0,    35,    36,    37,    38,    39,
      40,     0,     0,     0,     0,    41,    42,    43,    44,    45,
      46,    47,     0,     0,     0,     0,     0,     0,     0,    48,
       0,     0,     0,     0,     0,     0,     0,     0,     0,     0,
       0,    49,    50,     0,    51,     0,     0,    52,    53,     0,
      79,     0,     0,     0,    54,    93,    55,    56,    77,   520,
      16,     0,    17,    18,    19,    20,    21,     0,     0,    22,
      23,    24,    25,    26,     0,    27,    28,    29,    30,    31,
      32,    80,    98,    81,    82,    33,    83,    84,    85,    86,
      87,    88,     0,     0,     0,    89,    90,    91,    92,    34,
       0,    35,    36,    37,    38,    39,    40,     0,     0,     0,
       0,    41,    42,    43,    44,    45,    46,    47,     0,     0,
       0,     0,     0,     0,     0,    48,     0,     0,     0,     0,
       0,     0,     0,     0,     0,     0,     0,    49,    50,     0,
      51,     0,     0,    52,    53,     0,    79,     0,     0,     0,
      54,    93,    55,    56,    77,   543,    16,     0,    17,    18,
      19,    20,    21,     0,     0,    22,    23,    24,    25,    26,
       0,    27,    28,    29,    30,    31,    32,    80,    98,    81,
      82,    33,    83,    84,    85,    86,    87,    88,     0,     0,
       0,    89,    90,    91,    92,    34,     0,    35,    36,    37,
      38,    39,    40,     0,     0,     0,     0,    41,    42,    43,
      44,    45,    46,    47,     0,     0,     0,     0,     0,     0,
       0,    48,     0,     0,     0,     0,     0,     0,     0,     0,
       0,     0,     0,    49,    50,     0,    51,     0,     0,    52,
      53,     0,    79,     0,     0,     0,    54,    93,    55,    56,
      77,     0,    16,     0,    17,    18,    19,    20,    21,     0,
       0,    22,    23,    24,    25,    26,     0,    27,    28,    29,
      30,    31,    32,    80,    98,    81,    82,    33,    83,    84,
      85,    86,    87,    88,     0,     0,     0,    89,    90,    91,
      92,    34,     0,    35,    36,    37,    38,    39,    40,     0,
       0,     0,     0,    41,    42,    43,    44,    45,    46,    47,
       0,     0,   550,     0,     0,     0,     0,    48,     0,     0,
       0,     0,     0,     0,     0,     0,     0,     0,     0,    49,
      50,     0,    51,     0,     0,    52,    53,     0,    79,     0,
       0,     0,    54,    93,    55,    56,    77,     0,    16,     0,
      17,    18,    19,    20,    21,     0,     0,    22,    23,    24,
      25,    26,     0,    27,    28,    29,    30,    31,    32,    80,
      98,    81,    82,    33,    83,    84,    85,    86,    87,    88,
       0,     0,     0,    89,    90,    91,    92,    34,     0,    35,
      36,    37,    38,    39,    40,     0,     0,     0,     0,    41,
      42,    43,    44,    45,    46,    47,     0,     0,     0,     0,
       0,     0,     0,    48,     0,     0,     0,     0,     0,     0,
       0,     0,     0,     0,     0,    49,    50,     0,    51,     0,
       0,    52,    53,     0,    79,     0,     0,     0,    54,    93,
      55,    56,    77,     0,    16,     0,    17,    18,    19,    20,
      21,     0,     0,    22,    23,    24,    25,    26,     0,    27,
      28,    29,    30,    31,    32,    80,     0,    81,    82,    33,
      83,    84,    85,    86,    87,    88,     0,     0,     0,    89,
      90,    91,    92,    34,     0,    35,    36,    37,    38,    39,
      40,     0,     0,     0,     0,    41,    42,    43,    44,    45,
      46,    47,     0,     0,     0,     0,     0,     0,     0,    48,
       0,     0,     0,     0,     0,     0,     0,     0,     0,     0,
       0,    49,    50,     0,    51,     0,     0,    52,    53,    79,
       0,     0,     0,     0,    54,    93,    55,    56,     0,    16,
       0,    17,    18,    19,    20,    21,     0,     0,    22,    23,
      24,    25,    26,     0,    27,    28,    29,    30,    31,    32,
       0,     0,     0,     0,    33,     0,     0,  -275,     0,     0,
       0,     0,     0,     0,   170,   171,   172,   173,    34,     0,
      35,    36,    37,    38,    39,    40,     0,     0,     0,     0,
      41,    42,    43,    44,    45,    46,    47,   176,   177,   178,
     179,   180,   181,   182,    48,     0,     0,     0,   183,   184,
       0,     0,   185,   186,   187,   188,    49,    50,     0,    51,
       0,     0,    52,    53,    79,     0,     0,     0,     0,    54,
     -75,    55,    56,     0,    16,     0,    17,    18,    19,    20,
      21,     0,     0,    22,    23,    24,    25,    26,     0,    27,
      28,    29,    30,    31,    32,     0,     0,     0,     0,    33,
       0,     0,     0,     0,     0,     0,     0,   170,   171,   172,
     173,     0,     0,    34,     0,    35,    36,    37,    38,    39,
      40,     0,     0,     0,     0,    41,    42,    43,    44,    45,
      46,    47,   178,   179,   180,   181,   182,     0,     0,    48,
       0,   183,   184,     0,     0,   185,   186,   187,   188,     0,
       0,    49,    50,     0,    51,     0,     0,    52,    53,     0,
       0,     0,     0,   -75,    54,     0,    55,    56,    77,     0,
      16,     0,    17,    18,    19,    20,    21,     0,     0,   129,
      23,    24,    25,    26,   109,    27,    28,    29,    30,    31,
      32,     0,     0,     0,     0,    33,     0,     0,     0,     0,
       0,     0,   170,   171,   172,   173,     0,     0,     0,    34,
       0,    35,    36,    37,    38,    39,    40,     0,     0,     0,
       0,    41,    42,    43,    44,    45,    46,    47,   179,   180,
     181,   182,     0,     0,     0,    48,   183,   184,     0,     0,
     185,   186,   187,   188,     0,     0,     0,    49,    50,     0,
      51,     0,     0,    52,    53,     0,     0,     0,     0,     0,
      54,     0,    55,    56,    77,     0,    16,     0,    17,    18,
      19,    20,    21,     0,     0,    22,    23,    24,    25,    26,
       0,    27,    28,    29,    30,    31,    32,     0,     0,     0,
       0,    33,     0,     0,     0,     0,     0,     0,   170,   171,
     172,   173,     0,     0,     0,    34,     0,    35,    36,    37,
      38,    39,    40,     0,     0,     0,     0,    41,    42,    43,
      44,    45,    46,    47,     0,   180,   181,   182,     0,     0,
       0,    48,   183,   184,     0,     0,   185,   186,   187,   188,
       0,     0,     0,    49,    50,     0,    51,     0,     0,    52,
      53,     0,     0,     0,     0,     0,    54,     0,    55,    56,
      16,   104,    17,    18,    19,    20,    21,     0,     0,    22,
      23,    24,    25,    26,     0,    27,    28,    29,    30,    31,
      32,     0,     0,     0,     0,    33,     0,     0,     0,     0,
       0,     0,   170,  -275,   172,   173,     0,     0,     0,    34,
       0,    35,    36,    37,    38,    39,    40,     0,     0,     0,
       0,    41,    42,    43,    44,    45,    46,    47,     0,     0,
     181,   182,     0,     0,     0,    48,   183,   184,     0,     0,
     185,   186,   187,   188,     0,     0,     0,    49,    50,     0,
      51,     0,     0,    52,    53,     0,     0,     0,     0,     0,
      54,     0,    55,    56,    16,     0,    17,    18,    19,    20,
      21,     0,     0,    22,    23,    24,    25,    26,     0,    27,
      28,    29,    30,    31,    32,     0,     0,     0,     0,    33,
       0,     0,     0,     0,     0,     0,   170,   171,   172,   173,
       0,     0,     0,    34,     0,    35,    36,    37,    38,    39,
      40,     0,     0,     0,     0,    41,    42,    43,    44,    45,
      46,    47,     0,     0,   181,   182,     0,     0,     0,    48,
     183,   184,     0,     0,   185,   186,   187,   188,     0,     0,
       0,    49,    50,     0,    51,     0,     0,    52,    53,     0,
       0,     0,   172,   173,    54,   137,    55,    56,    16,     0,
      17,    18,    19,    20,    21,     0,     0,    22,    23,    24,
      25,    26,     0,    27,    28,    29,    30,    31,    32,   182,
       0,     0,     0,    33,   183,   184,     0,     0,   185,   186,
     187,   188,   172,   173,     0,     0,     0,    34,     0,    35,
      36,    37,    38,    39,    40,     0,     0,     0,     0,    41,
      42,    43,    44,    45,    46,    47,     0,     0,   181,   182,
       0,     0,     0,    48,   183,   184,     0,     0,   185,   186,
     187,   188,     0,     0,     0,    49,    50,     0,    51,     0,
       0,    52,    53,     0,     0,     0,     0,   158,    54,     0,
      55,    56,    16,     0,    17,    18,    19,    20,    21,     0,
       0,    22,    23,    24,    25,    26,     0,    27,    28,    29,
      30,    31,    32,     0,     0,     0,     0,    33,     0,     0,
       0,     0,     0,     0,     0,     0,     0,     0,     0,     0,
       0,    34,     0,    35,    36,    37,    38,    39,    40,     0,
       0,     0,     0,    41,    42,    43,    44,    45,    46,    47,
       0,     0,     0,     0,     0,     0,     0,    48,     0,     0,
       0,     0,     0,     0,     0,     0,     0,     0,     0,    49,
      50,     0,    51,     0,     0,    52,    53,     0,     0,     0,
       0,   238,    54,     0,    55,    56,    16,     0,    17,    18,
      19,    20,    21,     0,     0,    22,    23,    24,    25,    26,
       0,    27,    28,    29,    30,    31,    32,     0,     0,     0,
       0,    33,     0,     0,     0,     0,     0,     0,     0,     0,
       0,     0,     0,     0,     0,    34,     0,    35,    36,    37,
      38,    39,    40,     0,     0,     0,     0,    41,    42,    43,
      44,    45,    46,    47,     0,     0,     0,     0,     0,     0,
       0,    48,     0,     0,     0,     0,     0,     0,     0,     0,
       0,     0,     0,    49,    50,     0,    51,     0,     0,    52,
      53,     0,     0,     0,     0,   253,    54,     0,    55,    56,
      16,     0,    17,    18,    19,    20,    21,     0,     0,    22,
      23,    24,    25,    26,     0,    27,    28,    29,    30,    31,
      32,     0,     0,     0,     0,    33,     0,     0,     0,     0,
       0,     0,     0,     0,     0,     0,     0,     0,     0,    34,
       0,    35,    36,    37,    38,    39,    40,     0,     0,     0,
       0,    41,    42,    43,    44,    45,    46,    47,     0,     0,
       0,     0,     0,     0,     0,    48,     0,     0,     0,     0,
       0,     0,     0,     0,     0,     0,     0,    49,    50,     0,
      51,     0,     0,    52,    53,     0,     0,     0,     0,   265,
      54,     0,    55,    56,    16,     0,    17,    18,    19,    20,
      21,     0,     0,    22,    23,    24,    25,    26,     0,    27,
      28,    29,    30,    31,    32,     0,     0,     0,     0,    33,
       0,     0,     0,     0,     0,     0,     0,     0,     0,     0,
       0,     0,     0,    34,     0,    35,    36,    37,    38,    39,
      40,     0,     0,     0,     0,    41,    42,    43,    44,    45,
      46,    47,     0,     0,     0,     0,     0,     0,     0,    48,
       0,     0,     0,     0,     0,     0,     0,     0,     0,     0,
       0,    49,    50,     0,    51,     0,     0,    52,    53,     0,
       0,     0,     0,   294,    54,     0,    55,    56,    16,     0,
      17,    18,    19,    20,    21,     0,     0,    22,    23,    24,
      25,    26,     0,    27,    28,    29,    30,    31,    32,     0,
       0,     0,     0,    33,     0,     0,     0,     0,     0,     0,
       0,     0,     0,     0,     0,     0,     0,    34,     0,    35,
      36,    37,    38,    39,    40,     0,     0,     0,     0,    41,
      42,    43,    44,    45,    46,    47,     0,     0,     0,     0,
       0,     0,     0,    48,     0,     0,     0,     0,     0,     0,
       0,     0,     0,     0,     0,    49,    50,     0,    51,     0,
       0,    52,    53,     0,     0,     0,     0,   351,    54,     0,
      55,    56,    16,     0,    17,    18,    19,    20,    21,     0,
       0,    22,    23,    24,    25,    26,     0,    27,    28,    29,
      30,    31,    32,     0,     0,     0,     0,    33,     0,     0,
       0,     0,     0,     0,     0,     0,     0,     0,     0,     0,
       0,    34,     0,    35,    36,    37,    38,    39,    40,     0,
       0,     0,     0,    41,    42,    43,    44,    45,    46,    47,
       0,     0,     0,     0,     0,     0,     0,    48,     0,     0,
       0,     0,     0,     0,     0,     0,     0,     0,     0,    49,
      50,     0,    51,     0,     0,    52,    53,     0,     0,     0,
       0,   368,    54,     0,    55,    56,    16,     0,    17,    18,
      19,    20,    21,     0,     0,    22,    23,    24,    25,    26,
       0,    27,    28,    29,    30,    31,    32,     0,     0,     0,
       0,    33,     0,     0,     0,     0,     0,     0,     0,     0,
       0,     0,     0,     0,     0,    34,     0,    35,    36,    37,
      38,    39,    40,     0,     0,     0,     0,    41,    42,    43,
      44,    45,    46,    47,     0,     0,     0,     0,     0,     0,
       0,    48,     0,     0,     0,     0,     0,     0,     0,     0,
       0,     0,     0,    49,    50,     0,    51,     0,     0,    52,
      53,     0,     0,     0,     0,     0,    54,     0,    55,    56,
      16,     0,    17,    18,   143,    20,    21,     0,     0,    22,
      23,    24,    25,    26,     0,    27,    28,    29,    30,    31,
      32,     0,     0,     0,     0,    33,     0,     0,     0,     0,
       0,     0,     0,     0,     0,     0,     0,     0,     0,    34,
       0,    35,    36,    37,    38,    39,    40,     0,     0,     0,
       0,    41,    42,    43,    44,    45,    46,    47,     0,     0,
       0,     0,     0,     0,     0,    48,   169,     0,     0,     0,
       0,     0,     0,   170,   171,   172,   173,    49,    50,     0,
      51,     0,     0,    52,    53,     0,     0,     0,     0,     0,
     247,     0,    55,    56,   175,     0,   176,   177,   178,   179,
     180,   181,   182,     0,     0,     0,     0,   183,   184,     0,
       0,   185,   186,   187,   188
};

static const yytype_int16 yycheck[] =
{
      10,    11,    12,   322,    15,    40,     9,     9,   115,     9,
      46,    26,    46,    48,    16,   439,   343,    20,    23,     9,
     477,     0,    25,    77,    20,    21,     9,    23,    24,    39,
     126,    11,    42,    77,   141,    89,     9,    20,    11,    15,
      16,    43,    25,    20,    40,    41,     9,     9,    25,     9,
      11,    11,    54,    23,   101,    73,    74,    75,    20,    55,
      56,   105,     9,    25,    11,    15,    16,     9,   122,    15,
      16,   101,     9,   312,    11,     9,     9,    11,    11,     9,
     115,    11,    92,   322,   102,     9,   101,    11,    98,   328,
     329,   548,   102,   103,    15,    16,    17,   102,   133,    77,
     103,   404,   102,   101,    17,    18,   141,   434,   144,    69,
     144,   121,   102,    12,   538,    91,   118,    30,    98,   101,
     103,    34,    12,   125,   126,   101,    39,   103,   101,    42,
     126,   101,    45,   229,    47,    69,    49,    50,    51,    52,
      53,   103,   104,   145,   471,    12,    67,   101,   202,   203,
     204,   205,   206,   103,   208,    11,   210,   103,   212,   213,
     162,   163,   164,     9,   166,   167,   168,    12,   407,    43,
      44,   207,    20,   207,    73,    74,    75,   480,     9,    12,
      11,   101,   103,    73,    74,    75,   197,   189,   190,   191,
     192,   193,   194,   195,   196,   230,    11,   500,   501,   101,
     101,    67,    45,   442,   443,   215,    73,    74,    75,   512,
      73,    74,    75,    69,   101,   101,   218,   219,   220,   221,
     222,   223,   525,   526,   101,    91,   545,   229,    73,    74,
      75,   144,   102,   101,   341,   101,   539,   103,    69,   241,
      73,    74,    75,   101,   483,   247,   100,    73,    74,    75,
      12,   100,   165,    12,    69,   257,   169,   170,   171,   172,
     173,   174,   175,   176,   177,   178,   179,   180,   181,   182,
     183,    10,    69,   327,   100,    12,   372,    20,    12,    11,
     282,   283,    20,    91,    26,   524,    69,   289,   324,   101,
     324,   100,    10,   303,   290,    11,    23,    19,    20,    21,
      11,    23,    24,    75,   104,   104,   341,   309,   310,   311,
     312,    73,    74,    75,    73,    74,    75,   104,    40,    41,
     322,    73,    74,    75,    46,   104,   328,   329,   382,   104,
     437,   385,   386,    55,    56,   345,    73,    74,    75,    73,
      74,    75,    87,   397,   101,   440,   441,    92,    93,   444,
     102,    96,    97,    98,    99,   357,   451,   452,    18,    39,
      40,    41,    42,    73,    74,    75,    46,    89,    48,    20,
     372,    73,    74,    75,   103,     9,   101,    11,   101,   474,
     475,    15,    16,    17,    73,    74,    75,    21,     9,   484,
      23,   100,   102,    73,    74,    75,    23,    73,    74,    75,
     102,    10,   437,    10,   126,   407,    10,   502,    10,   411,
      10,   506,   507,   102,    20,    23,    39,    40,    41,    42,
     100,   143,   144,    46,   102,    48,   102,   100,    62,    73,
      74,    75,   100,   528,   100,   446,    73,    74,    75,   100,
     442,   443,   100,   100,    73,    74,    75,   101,   361,   544,
      73,    74,    75,   464,   100,   100,     9,   552,   102,    10,
     470,   472,    12,   100,   100,   100,   188,   101,    51,   103,
     104,   100,   482,    25,   102,    58,    59,    60,    61,   481,
      77,   483,   492,   101,   100,   207,    71,   102,   498,   100,
     100,    78,    73,    74,    75,    78,    79,    80,    81,    82,
      83,    84,    85,    86,    87,    73,    74,    75,   519,    92,
      93,     9,   101,    96,    97,    98,    99,    19,    51,   100,
     102,   100,   524,    70,   534,    58,    59,    60,    61,   540,
       0,   100,   100,   100,    73,    74,    75,   547,    12,     9,
      98,    11,    12,   481,   310,    78,    79,    60,    81,    82,
      83,    84,    85,    86,    87,    73,    74,    75,   545,    92,
      93,   100,    33,    96,    97,    98,    99,   199,   290,    39,
      40,    41,    42,    82,    87,   249,    46,   384,    48,    92,
      93,    51,   100,    96,    97,    98,    99,   458,    58,    59,
      60,    61,   314,    73,    74,    75,    96,    97,    98,    99,
     513,   489,   324,    73,    74,    75,     0,    77,    78,    79,
      80,    81,    82,    83,    84,    85,    86,    87,    12,   435,
     100,   490,    92,    93,   144,   395,    96,    97,    98,    99,
     100,   324,   102,   207,    58,   105,    60,    61,     3,     4,
       5,     6,     7,     8,    -1,    39,    40,    41,    42,    -1,
      -1,    -1,    46,    -1,    48,    -1,    -1,    51,    -1,    -1,
      -1,    -1,    86,    87,    58,    59,    60,    61,    92,    93,
      -1,    -1,    96,    97,    98,    99,    -1,    -1,    -1,    73,
      74,    75,    -1,    77,    78,    79,    80,    81,    82,    83,
      84,    85,    86,    87,    -1,    -1,    -1,    -1,    92,    93,
      -1,    -1,    96,    97,    98,    99,   100,    -1,   102,     0,
       1,   105,    -1,    -1,    -1,    -1,    -1,    -1,     9,    -1,
      11,    -1,    13,    14,    15,    16,    17,    -1,    -1,    20,
      21,    22,    23,    24,    -1,    26,    27,    28,    29,    30,
      31,    32,    33,    34,    35,    36,    37,    38,    39,    40,
      41,    42,    -1,    -1,    -1,    46,    47,    48,    49,    50,
      -1,    52,    53,    54,    55,    56,    57,    -1,    -1,    -1,
      -1,    62,    63,    64,    65,    66,    67,    68,    -1,    -1,
      -1,    -1,    92,    93,    -1,    76,    96,    97,    98,    99,
      -1,    -1,    -1,    -1,    -1,    -1,    -1,    88,    89,    -1,
      91,    -1,    -1,    94,    95,     0,     1,    -1,    -1,    -1,
     101,   102,   103,   104,     9,    -1,    11,    -1,    13,    14,
      15,    16,    17,    -1,    -1,    20,    21,    22,    23,    24,
      -1,    26,    27,    28,    29,    30,    31,    32,    33,    34,
      35,    36,    37,    38,    39,    40,    41,    42,    -1,    -1,
      -1,    46,    47,    48,    49,    50,    -1,    52,    53,    54,
      55,    56,    57,    -1,    -1,    -1,    -1,    62,    63,    64,
      65,    66,    67,    68,    -1,    -1,    -1,    -1,    -1,    -1,
      -1,    76,    -1,    -1,    -1,    -1,    -1,    -1,    -1,    -1,
      -1,    -1,    -1,    88,    89,    -1,    91,    -1,    -1,    94,
      95,    -1,     1,    -1,    -1,    -1,   101,   102,   103,   104,
       9,    10,    11,    -1,    13,    14,    15,    16,    17,    -1,
      -1,    20,    21,    22,    23,    24,    -1,    26,    27,    28,
      29,    30,    31,    32,    33,    34,    35,    36,    37,    38,
      39,    40,    41,    42,    -1,    -1,    -1,    46,    47,    48,
      49,    50,    -1,    52,    53,    54,    55,    56,    57,    -1,
      -1,    -1,    -1,    62,    63,    64,    65,    66,    67,    68,
      -1,    -1,    -1,    -1,    -1,    -1,    -1,    76,    -1,    -1,
      -1,    -1,    -1,    -1,    -1,    -1,    -1,    -1,    -1,    88,
      89,    -1,    91,    -1,    -1,    94,    95,    -1,     1,    -1,
      -1,    -1,   101,   102,   103,   104,     9,    10,    11,    -1,
      13,    14,    15,    16,    17,    -1,    -1,    20,    21,    22,
      23,    24,    -1,    26,    27,    28,    29,    30,    31,    32,
      33,    34,    35,    36,    37,    38,    39,    40,    41,    42,
      -1,    -1,    -1,    46,    47,    48,    49,    50,    -1,    52,
      53,    54,    55,    56,    57,    -1,    -1,    -1,    -1,    62,
      63,    64,    65,    66,    67,    68,    -1,    -1,    -1,    -1,
      -1,    -1,    -1,    76,    -1,    -1,    -1,    -1,    -1,    -1,
      -1,    -1,    -1,    -1,    -1,    88,    89,    -1,    91,    -1,
      -1,    94,    95,    -1,     1,    -1,    -1,    -1,   101,   102,
     103,   104,     9,    10,    11,    -1,    13,    14,    15,    16,
      17,    -1,    -1,    20,    21,    22,    23,    24,    -1,    26,
      27,    28,    29,    30,    31,    32,    33,    34,    35,    36,
      37,    38,    39,    40,    41,    42,    -1,    -1,    -1,    46,
      47,    48,    49,    50,    -1,    52,    53,    54,    55,    56,
      57,    -1,    -1,    -1,    -1,    62,    63,    64,    65,    66,
      67,    68,    -1,    -1,    -1,    -1,    -1,    -1,    -1,    76,
      -1,    -1,    -1,    -1,    -1,    -1,    -1,    -1,    -1,    -1,
      -1,    88,    89,    -1,    91,    -1,    -1,    94,    95,    -1,
       1,    -1,    -1,    -1,   101,   102,   103,   104,     9,    10,
      11,    -1,    13,    14,    15,    16,    17,    -1,    -1,    20,
      21,    22,    23,    24,    -1,    26,    27,    28,    29,    30,
      31,    32,    33,    34,    35,    36,    37,    38,    39,    40,
      41,    42,    -1,    -1,    -1,    46,    47,    48,    49,    50,
      -1,    52,    53,    54,    55,    56,    57,    -1,    -1,    -1,
      -1,    62,    63,    64,    65,    66,    67,    68,    -1,    -1,
      -1,    -1,    -1,    -1,    -1,    76,    -1,    -1,    -1,    -1,
      -1,    -1,    -1,    -1,    -1,    -1,    -1,    88,    89,    -1,
      91,    -1,    -1,    94,    95,    -1,     1,    -1,    -1,    -1,
     101,   102,   103,   104,     9,    10,    11,    -1,    13,    14,
      15,    16,    17,    -1,    -1,    20,    21,    22,    23,    24,
      -1,    26,    27,    28,    29,    30,    31,    32,    33,    34,
      35,    36,    37,    38,    39,    40,    41,    42,    -1,    -1,
      -1,    46,    47,    48,    49,    50,    -1,    52,    53,    54,
      55,    56,    57,    -1,    -1,    -1,    -1,    62,    63,    64,
      65,    66,    67,    68,    -1,    -1,    -1,    -1,    -1,    -1,
      -1,    76,    -1,    -1,    -1,    -1,    -1,    -1,    -1,    -1,
      -1,    -1,    -1,    88,    89,    -1,    91,    -1,    -1,    94,
      95,    -1,     1,    -1,    -1,    -1,   101,   102,   103,   104,
       9,    -1,    11,    -1,    13,    14,    15,    16,    17,    -1,
      -1,    20,    21,    22,    23,    24,    -1,    26,    27,    28,
      29,    30,    31,    32,    33,    34,    35,    36,    37,    38,
      39,    40,    41,    42,    -1,    -1,    -1,    46,    47,    48,
      49,    50,    -1,    52,    53,    54,    55,    56,    57,    -1,
      -1,    -1,    -1,    62,    63,    64,    65,    66,    67,    68,
      -1,    -1,    71,    -1,    -1,    -1,    -1,    76,    -1,    -1,
      -1,    -1,    -1,    -1,    -1,    -1,    -1,    -1,    -1,    88,
      89,    -1,    91,    -1,    -1,    94,    95,    -1,     1,    -1,
      -1,    -1,   101,   102,   103,   104,     9,    -1,    11,    -1,
      13,    14,    15,    16,    17,    -1,    -1,    20,    21,    22,
      23,    24,    -1,    26,    27,    28,    29,    30,    31,    32,
      33,    34,    35,    36,    37,    38,    39,    40,    41,    42,
      -1,    -1,    -1,    46,    47,    48,    49,    50,    -1,    52,
      53,    54,    55,    56,    57,    -1,    -1,    -1,    -1,    62,
      63,    64,    65,    66,    67,    68,    -1,    -1,    -1,    -1,
      -1,    -1,    -1,    76,    -1,    -1,    -1,    -1,    -1,    -1,
      -1,    -1,    -1,    -1,    -1,    88,    89,    -1,    91,    -1,
      -1,    94,    95,    -1,     1,    -1,    -1,    -1,   101,   102,
     103,   104,     9,    -1,    11,    -1,    13,    14,    15,    16,
      17,    -1,    -1,    20,    21,    22,    23,    24,    -1,    26,
      27,    28,    29,    30,    31,    32,    -1,    34,    35,    36,
      37,    38,    39,    40,    41,    42,    -1,    -1,    -1,    46,
      47,    48,    49,    50,    -1,    52,    53,    54,    55,    56,
      57,    -1,    -1,    -1,    -1,    62,    63,    64,    65,    66,
      67,    68,    -1,    -1,    -1,    -1,    -1,    -1,    -1,    76,
      -1,    -1,    -1,    -1,    -1,    -1,    -1,    -1,    -1,    -1,
      -1,    88,    89,    -1,    91,    -1,    -1,    94,    95,     1,
      -1,    -1,    -1,    -1,   101,   102,   103,   104,    -1,    11,
      -1,    13,    14,    15,    16,    17,    -1,    -1,    20,    21,
      22,    23,    24,    -1,    26,    27,    28,    29,    30,    31,
      -1,    -1,    -1,    -1,    36,    -1,    -1,    51,    -1,    -1,
      -1,    -1,    -1,    -1,    58,    59,    60,    61,    50,    -1,
      52,    53,    54,    55,    56,    57,    -1,    -1,    -1,    -1,
      62,    63,    64,    65,    66,    67,    68,    81,    82,    83,
      84,    85,    86,    87,    76,    -1,    -1,    -1,    92,    93,
      -1,    -1,    96,    97,    98,    99,    88,    89,    -1,    91,
      -1,    -1,    94,    95,     1,    -1,    -1,    -1,    -1,   101,
     102,   103,   104,    -1,    11,    -1,    13,    14,    15,    16,
      17,    -1,    -1,    20,    21,    22,    23,    24,    -1,    26,
      27,    28,    29,    30,    31,    -1,    -1,    -1,    -1,    36,
      -1,    -1,    -1,    -1,    -1,    -1,    -1,    58,    59,    60,
      61,    -1,    -1,    50,    -1,    52,    53,    54,    55,    56,
      57,    -1,    -1,    -1,    -1,    62,    63,    64,    65,    66,
      67,    68,    83,    84,    85,    86,    87,    -1,    -1,    76,
      -1,    92,    93,    -1,    -1,    96,    97,    98,    99,    -1,
      -1,    88,    89,    -1,    91,    -1,    -1,    94,    95,    -1,
      -1,    -1,    -1,   100,   101,    -1,   103,   104,     9,    -1,
      11,    -1,    13,    14,    15,    16,    17,    -1,    -1,    20,
      21,    22,    23,    24,    25,    26,    27,    28,    29,    30,
      31,    -1,    -1,    -1,    -1,    36,    -1,    -1,    -1,    -1,
      -1,    -1,    58,    59,    60,    61,    -1,    -1,    -1,    50,
      -1,    52,    53,    54,    55,    56,    57,    -1,    -1,    -1,
      -1,    62,    63,    64,    65,    66,    67,    68,    84,    85,
      86,    87,    -1,    -1,    -1,    76,    92,    93,    -1,    -1,
      96,    97,    98,    99,    -1,    -1,    -1,    88,    89,    -1,
      91,    -1,    -1,    94,    95,    -1,    -1,    -1,    -1,    -1,
     101,    -1,   103,   104,     9,    -1,    11,    -1,    13,    14,
      15,    16,    17,    -1,    -1,    20,    21,    22,    23,    24,
      -1,    26,    27,    28,    29,    30,    31,    -1,    -1,    -1,
      -1,    36,    -1,    -1,    -1,    -1,    -1,    -1,    58,    59,
      60,    61,    -1,    -1,    -1,    50,    -1,    52,    53,    54,
      55,    56,    57,    -1,    -1,    -1,    -1,    62,    63,    64,
      65,    66,    67,    68,    -1,    85,    86,    87,    -1,    -1,
      -1,    76,    92,    93,    -1,    -1,    96,    97,    98,    99,
      -1,    -1,    -1,    88,    89,    -1,    91,    -1,    -1,    94,
      95,    -1,    -1,    -1,    -1,    -1,   101,    -1,   103,   104,
      11,    12,    13,    14,    15,    16,    17,    -1,    -1,    20,
      21,    22,    23,    24,    -1,    26,    27,    28,    29,    30,
      31,    -1,    -1,    -1,    -1,    36,    -1,    -1,    -1,    -1,
      -1,    -1,    58,    59,    60,    61,    -1,    -1,    -1,    50,
      -1,    52,    53,    54,    55,    56,    57,    -1,    -1,    -1,
      -1,    62,    63,    64,    65,    66,    67,    68,    -1,    -1,
      86,    87,    -1,    -1,    -1,    76,    92,    93,    -1,    -1,
      96,    97,    98,    99,    -1,    -1,    -1,    88,    89,    -1,
      91,    -1,    -1,    94,    95,    -1,    -1,    -1,    -1,    -1,
     101,    -1,   103,   104,    11,    -1,    13,    14,    15,    16,
      17,    -1,    -1,    20,    21,    22,    23,    24,    -1,    26,
      27,    28,    29,    30,    31,    -1,    -1,    -1,    -1,    36,
      -1,    -1,    -1,    -1,    -1,    -1,    58,    59,    60,    61,
      -1,    -1,    -1,    50,    -1,    52,    53,    54,    55,    56,
      57,    -1,    -1,    -1,    -1,    62,    63,    64,    65,    66,
      67,    68,    -1,    -1,    86,    87,    -1,    -1,    -1,    76,
      92,    93,    -1,    -1,    96,    97,    98,    99,    -1,    -1,
      -1,    88,    89,    -1,    91,    -1,    -1,    94,    95,    -1,
      -1,    -1,    60,    61,   101,   102,   103,   104,    11,    -1,
      13,    14,    15,    16,    17,    -1,    -1,    20,    21,    22,
      23,    24,    -1,    26,    27,    28,    29,    30,    31,    87,
      -1,    -1,    -1,    36,    92,    93,    -1,    -1,    96,    97,
      98,    99,    60,    61,    -1,    -1,    -1,    50,    -1,    52,
      53,    54,    55,    56,    57,    -1,    -1,    -1,    -1,    62,
      63,    64,    65,    66,    67,    68,    -1,    -1,    86,    87,
      -1,    -1,    -1,    76,    92,    93,    -1,    -1,    96,    97,
      98,    99,    -1,    -1,    -1,    88,    89,    -1,    91,    -1,
      -1,    94,    95,    -1,    -1,    -1,    -1,   100,   101,    -1,
     103,   104,    11,    -1,    13,    14,    15,    16,    17,    -1,
      -1,    20,    21,    22,    23,    24,    -1,    26,    27,    28,
      29,    30,    31,    -1,    -1,    -1,    -1,    36,    -1,    -1,
      -1,    -1,    -1,    -1,    -1,    -1,    -1,    -1,    -1,    -1,
      -1,    50,    -1,    52,    53,    54,    55,    56,    57,    -1,
      -1,    -1,    -1,    62,    63,    64,    65,    66,    67,    68,
      -1,    -1,    -1,    -1,    -1,    -1,    -1,    76,    -1,    -1,
      -1,    -1,    -1,    -1,    -1,    -1,    -1,    -1,    -1,    88,
      89,    -1,    91,    -1,    -1,    94,    95,    -1,    -1,    -1,
      -1,   100,   101,    -1,   103,   104,    11,    -1,    13,    14,
      15,    16,    17,    -1,    -1,    20,    21,    22,    23,    24,
      -1,    26,    27,    28,    29,    30,    31,    -1,    -1,    -1,
      -1,    36,    -1,    -1,    -1,    -1,    -1,    -1,    -1,    -1,
      -1,    -1,    -1,    -1,    -1,    50,    -1,    52,    53,    54,
      55,    56,    57,    -1,    -1,    -1,    -1,    62,    63,    64,
      65,    66,    67,    68,    -1,    -1,    -1,    -1,    -1,    -1,
      -1,    76,    -1,    -1,    -1,    -1,    -1,    -1,    -1,    -1,
      -1,    -1,    -1,    88,    89,    -1,    91,    -1,    -1,    94,
      95,    -1,    -1,    -1,    -1,   100,   101,    -1,   103,   104,
      11,    -1,    13,    14,    15,    16,    17,    -1,    -1,    20,
      21,    22,    23,    24,    -1,    26,    27,    28,    29,    30,
      31,    -1,    -1,    -1,    -1,    36,    -1,    -1,    -1,    -1,
      -1,    -1,    -1,    -1,    -1,    -1,    -1,    -1,    -1,    50,
      -1,    52,    53,    54,    55,    56,    57,    -1,    -1,    -1,
      -1,    62,    63,    64,    65,    66,    67,    68,    -1,    -1,
      -1,    -1,    -1,    -1,    -1,    76,    -1,    -1,    -1,    -1,
      -1,    -1,    -1,    -1,    -1,    -1,    -1,    88,    89,    -1,
      91,    -1,    -1,    94,    95,    -1,    -1,    -1,    -1,   100,
     101,    -1,   103,   104,    11,    -1,    13,    14,    15,    16,
      17,    -1,    -1,    20,    21,    22,    23,    24,    -1,    26,
      27,    28,    29,    30,    31,    -1,    -1,    -1,    -1,    36,
      -1,    -1,    -1,    -1,    -1,    -1,    -1,    -1,    -1,    -1,
      -1,    -1,    -1,    50,    -1,    52,    53,    54,    55,    56,
      57,    -1,    -1,    -1,    -1,    62,    63,    64,    65,    66,
      67,    68,    -1,    -1,    -1,    -1,    -1,    -1,    -1,    76,
      -1,    -1,    -1,    -1,    -1,    -1,    -1,    -1,    -1,    -1,
      -1,    88,    89,    -1,    91,    -1,    -1,    94,    95,    -1,
      -1,    -1,    -1,   100,   101,    -1,   103,   104,    11,    -1,
      13,    14,    15,    16,    17,    -1,    -1,    20,    21,    22,
      23,    24,    -1,    26,    27,    28,    29,    30,    31,    -1,
      -1,    -1,    -1,    36,    -1,    -1,    -1,    -1,    -1,    -1,
      -1,    -1,    -1,    -1,    -1,    -1,    -1,    50,    -1,    52,
      53,    54,    55,    56,    57,    -1,    -1,    -1,    -1,    62,
      63,    64,    65,    66,    67,    68,    -1,    -1,    -1,    -1,
      -1,    -1,    -1,    76,    -1,    -1,    -1,    -1,    -1,    -1,
      -1,    -1,    -1,    -1,    -1,    88,    89,    -1,    91,    -1,
      -1,    94,    95,    -1,    -1,    -1,    -1,   100,   101,    -1,
     103,   104,    11,    -1,    13,    14,    15,    16,    17,    -1,
      -1,    20,    21,    22,    23,    24,    -1,    26,    27,    28,
      29,    30,    31,    -1,    -1,    -1,    -1,    36,    -1,    -1,
      -1,    -1,    -1,    -1,    -1,    -1,    -1,    -1,    -1,    -1,
      -1,    50,    -1,    52,    53,    54,    55,    56,    57,    -1,
      -1,    -1,    -1,    62,    63,    64,    65,    66,    67,    68,
      -1,    -1,    -1,    -1,    -1,    -1,    -1,    76,    -1,    -1,
      -1,    -1,    -1,    -1,    -1,    -1,    -1,    -1,    -1,    88,
      89,    -1,    91,    -1,    -1,    94,    95,    -1,    -1,    -1,
      -1,   100,   101,    -1,   103,   104,    11,    -1,    13,    14,
      15,    16,    17,    -1,    -1,    20,    21,    22,    23,    24,
      -1,    26,    27,    28,    29,    30,    31,    -1,    -1,    -1,
      -1,    36,    -1,    -1,    -1,    -1,    -1,    -1,    -1,    -1,
      -1,    -1,    -1,    -1,    -1,    50,    -1,    52,    53,    54,
      55,    56,    57,    -1,    -1,    -1,    -1,    62,    63,    64,
      65,    66,    67,    68,    -1,    -1,    -1,    -1,    -1,    -1,
      -1,    76,    -1,    -1,    -1,    -1,    -1,    -1,    -1,    -1,
      -1,    -1,    -1,    88,    89,    -1,    91,    -1,    -1,    94,
      95,    -1,    -1,    -1,    -1,    -1,   101,    -1,   103,   104,
      11,    -1,    13,    14,    15,    16,    17,    -1,    -1,    20,
      21,    22,    23,    24,    -1,    26,    27,    28,    29,    30,
      31,    -1,    -1,    -1,    -1,    36,    -1,    -1,    -1,    -1,
      -1,    -1,    -1,    -1,    -1,    -1,    -1,    -1,    -1,    50,
      -1,    52,    53,    54,    55,    56,    57,    -1,    -1,    -1,
      -1,    62,    63,    64,    65,    66,    67,    68,    -1,    -1,
      -1,    -1,    -1,    -1,    -1,    76,    51,    -1,    -1,    -1,
      -1,    -1,    -1,    58,    59,    60,    61,    88,    89,    -1,
      91,    -1,    -1,    94,    95,    -1,    -1,    -1,    -1,    -1,
     101,    -1,   103,   104,    79,    -1,    81,    82,    83,    84,
      85,    86,    87,    -1,    -1,    -1,    -1,    92,    93,    -1,
      -1,    96,    97,    98,    99
};

  /* YYSTOS[STATE-NUM] -- The (internal number of the) accessing
     symbol of state STATE-NUM.  */
static const yytype_uint8 yystos[] =
{
       0,     3,     4,     5,     6,     7,     8,   107,   108,   109,
     110,   111,   112,   113,     0,   116,    11,    13,    14,    15,
      16,    17,    20,    21,    22,    23,    24,    26,    27,    28,
      29,    30,    31,    36,    50,    52,    53,    54,    55,    56,
      57,    62,    63,    64,    65,    66,    67,    68,    76,    88,
      89,    91,    94,    95,   101,   103,   104,   161,   162,   163,
     166,   167,   168,   169,   170,   171,   173,   176,   184,   185,
     186,   188,   189,   190,   191,   192,   193,     9,   114,     1,
      32,    34,    35,    37,    38,    39,    40,    41,    42,    46,
      47,    48,    49,   102,   114,   123,   133,   161,    33,   121,
     122,   123,   119,   119,    12,   161,   171,   171,    20,    25,
     114,   185,   194,   194,   194,   194,   194,   172,    11,   101,
     171,   144,   144,   171,   101,   101,   101,   114,   171,    20,
     162,   175,   185,   194,   194,   114,   171,   102,   161,    20,
      25,   146,   171,    15,    91,   101,   174,   185,   186,   187,
     188,   171,   162,   171,   171,   171,   171,   171,   100,   161,
     194,   194,    73,    74,    75,    77,     9,    11,   101,    51,
      58,    59,    60,    61,    78,    79,    81,    82,    83,    84,
      85,    86,    87,    92,    93,    96,    97,    98,    99,   101,
       9,    11,     9,    11,     9,    11,     9,   116,   145,   146,
      20,   143,   101,   101,   101,   101,    67,    91,   101,   116,
     183,   185,   101,   101,   114,    45,   135,   102,    39,    40,
      41,    42,    46,    48,   122,   123,   121,    12,   175,   101,
     101,   161,   100,   114,    23,   116,   147,   100,   100,   161,
     176,   194,   162,    10,   102,   175,    25,   101,   171,   174,
     185,   186,   188,   100,   161,    69,   149,    11,   100,   161,
     161,   161,   171,   161,   161,   100,   161,   171,   171,   171,
     171,   171,   171,   171,   171,   171,   171,   171,   171,   171,
     171,   171,     9,    11,    15,    16,    17,    21,    62,   101,
     103,   104,   165,   185,   100,   161,   161,   161,   161,   161,
     161,   161,   161,   119,    20,   142,   143,    20,   126,   116,
     116,   116,   116,    91,   116,    67,   181,   182,   184,   185,
     186,   188,   116,    26,   116,    26,   101,   178,   116,   116,
     114,   161,   139,   161,   161,   161,   161,   161,   176,   162,
      12,   164,   101,   158,    69,   148,   100,   100,   161,    10,
      11,   100,   161,   149,   100,    23,   161,    11,   102,    12,
     100,    80,   161,   161,   104,   104,   104,   104,   100,   161,
     104,   104,   101,   100,   102,    12,   102,    12,   102,    12,
     102,    10,    18,   115,   124,   125,     9,   102,    20,   138,
     161,   139,   140,   161,   140,   180,   185,   101,   133,   137,
     140,   141,   161,     9,   117,   181,   179,   116,   140,   140,
     100,   105,   177,   175,   159,   148,    23,   114,   100,    23,
     100,    12,   161,    10,   171,   102,    12,   100,   176,    10,
      10,    10,    10,   116,   147,   116,   116,    20,   100,   100,
     100,   100,   178,   116,   100,   102,   118,   135,   129,   101,
     140,   100,   100,   161,   100,    15,    16,   103,   151,   152,
     154,   155,   156,   157,     9,    12,    12,    10,   100,   102,
     148,   158,   130,   175,   136,   136,   117,   117,   140,   140,
     117,   127,   119,   101,   100,   117,   117,    25,   150,   150,
      77,   100,   119,    71,   102,   114,   160,   148,   119,   102,
     117,   117,    43,    44,   134,   134,   100,   100,   135,   138,
      10,   140,   117,    78,   153,   153,   155,    10,   120,     9,
      10,   135,   135,   117,   101,   117,   117,   102,   100,   135,
     171,    23,   102,   131,   119,   140,   135,   135,   128,   117,
      70,   132,    19,    10,   100,   136,   135,   119,   117,   141,
      71,   134,   100,   117
};

  /* YYR1[YYN] -- Symbol number of symbol that rule YYN derives.  */
static const yytype_uint8 yyr1[] =
{
       0,   106,   108,   107,   109,   107,   110,   107,   111,   107,
     112,   107,   113,   107,   114,   115,   116,   117,   118,   119,
     119,   120,   120,   121,   121,   122,   122,   123,   123,   124,
     123,   125,   123,   123,   126,   123,   123,   123,   123,   123,
     123,   123,   123,   127,   128,   123,   123,   123,   129,   123,
     123,   123,   123,   123,   130,   123,   123,   123,   131,   132,
     132,   133,   133,   133,   133,   133,   133,   133,   133,   134,
     134,   134,   135,   135,   136,   137,   137,   138,   138,   139,
     140,   141,   142,   142,   143,   144,   145,   146,   146,   147,
     147,   148,   148,   148,   149,   149,   150,   150,   151,   151,
     152,   153,   153,   153,   154,   155,   155,   156,   156,   156,
     157,   157,   159,   158,   160,   160,   161,   161,   161,   161,
     162,   162,   162,   163,   163,   163,   163,   163,   163,   163,
     163,   164,   163,   165,   165,   166,   166,   166,   166,   166,
     166,   166,   166,   166,   166,   166,   166,   166,   166,   167,
     167,   167,   167,   167,   167,   167,   167,   167,   167,   167,
     167,   167,   167,   168,   168,   168,   168,   168,   168,   168,
     168,   168,   168,   169,   169,   169,   169,   169,   169,   170,
     170,   171,   171,   171,   171,   171,   171,   171,   171,   171,
     171,   171,   171,   171,   171,   171,   171,   171,   171,   171,
     171,   171,   171,   171,   171,   171,   171,   171,   171,   171,
     171,   171,   171,   171,   171,   171,   171,   171,   171,   171,
     171,   171,   171,   171,   171,   171,   171,   171,   171,   171,
     172,   171,   171,   171,   171,   171,   173,   173,   173,   174,
     174,   174,   174,   174,   174,   175,   175,   176,   176,   177,
     177,   178,   179,   178,   180,   181,   181,   181,   182,   182,
     183,   183,   184,   185,   186,   187,   188,   189,   189,   190,
     191,   191,   192,   192,   193,   193,   194,   194,   194,   194
};

  /* YYR2[YYN] -- Number of symbols on the right hand side of rule YYN.  */
static const yytype_uint8 yyr2[] =
{
       0,     2,     0,     4,     0,     3,     0,     3,     0,     3,
       0,     3,     0,     3,     4,     7,     0,     4,     0,     0,
       2,     0,     2,     1,     1,     2,     2,     1,     4,     0,
       7,     0,    10,     4,     0,     7,     7,     7,     6,     6,
       2,     8,     8,     0,     0,    13,     9,     8,     0,    10,
       9,     7,     5,     2,     0,     8,     2,     1,     2,     0,
       3,     1,     1,     3,     3,     3,     3,     3,     3,     0,
       2,     6,     0,     2,     0,     0,     1,     0,     1,     1,
       1,     1,     1,     0,     0,     0,     0,     1,     1,     0,
       1,     0,     2,     1,     2,     1,     0,     1,     1,     1,
       3,     0,     1,     2,     3,     1,     1,     2,     3,     1,
       0,     1,     0,     4,     1,     1,     3,     3,     3,     1,
       2,     3,     1,     3,     5,     6,     3,     3,     5,     2,
       4,     0,     5,     1,     1,     5,     4,     5,     4,     5,
       6,     5,     4,     5,     4,     3,     6,     4,     5,     3,
       3,     3,     3,     3,     3,     3,     3,     3,     3,     3,
       3,     3,     3,     2,     2,     2,     2,     2,     2,     2,
       2,     2,     2,     3,     2,     4,     3,     5,     8,     2,
       2,     1,     1,     1,     1,     5,     2,     3,     1,     2,
       3,     1,     2,     1,     1,     1,     1,     1,     1,     4,
       4,     5,     5,     1,     1,     3,     4,     3,     4,     4,
       4,     4,     4,     1,     2,     2,     1,     2,     2,     1,
       2,     1,     2,     1,     3,     1,     3,     1,     3,     4,
       0,     6,     1,     1,     1,     1,     3,     2,     4,     3,
       2,     1,     1,     1,     1,     0,     1,     0,     1,     0,
       2,     1,     0,     3,     1,     1,     1,     1,     1,     1,
       2,     2,     2,     2,     2,     5,     2,     2,     4,     2,
       1,     3,     1,     3,     1,     3,     1,     1,     1,     1
};

typedef enum {
	toketype_ival, toketype_opval, toketype_pval
} toketypes;

/* type of each token/terminal */
static const toketypes yy_type_tab[] =
{
  toketype_ival, toketype_ival, toketype_ival, toketype_ival, toketype_ival, toketype_ival,
  toketype_ival, toketype_ival, toketype_ival, toketype_ival, toketype_ival, toketype_ival,
  toketype_ival, toketype_ival, toketype_ival, toketype_ival, toketype_ival, toketype_ival, toketype_ival, toketype_ival, toketype_opval,
  toketype_opval, toketype_opval, toketype_opval, toketype_opval, toketype_opval, toketype_opval,
  toketype_opval, toketype_opval, toketype_opval, toketype_opval, toketype_opval, toketype_opval,
  toketype_pval, toketype_ival, toketype_ival, toketype_ival, toketype_ival, toketype_ival, toketype_ival, toketype_ival,
  toketype_ival, toketype_ival, toketype_ival, toketype_ival, toketype_ival, toketype_ival, toketype_ival, toketype_ival,
  toketype_ival, toketype_ival, toketype_ival, toketype_ival, toketype_ival, toketype_ival, toketype_ival,
  toketype_ival, toketype_ival, toketype_ival, toketype_ival, toketype_ival, toketype_ival, toketype_ival, toketype_ival,
  toketype_ival, toketype_ival, toketype_ival, toketype_ival, toketype_ival, toketype_ival,
  toketype_ival, toketype_ival, toketype_ival, toketype_ival, toketype_ival, toketype_ival,
  toketype_ival, toketype_ival, toketype_ival, toketype_ival, toketype_ival, toketype_ival, toketype_ival, toketype_ival,
  toketype_ival, toketype_ival, toketype_ival, toketype_ival, toketype_ival, toketype_ival, toketype_ival,
  toketype_ival, toketype_ival, toketype_ival, toketype_ival, toketype_ival, toketype_ival, toketype_ival,
  toketype_ival, toketype_ival, toketype_ival, toketype_ival, toketype_ival, toketype_ival, toketype_ival, toketype_ival, toketype_ival,
  toketype_ival, toketype_ival, toketype_ival, toketype_ival, toketype_ival, toketype_ival, toketype_ival, toketype_opval,
  toketype_opval, toketype_ival, toketype_opval, toketype_ival, toketype_opval, toketype_opval,
  toketype_opval, toketype_opval, toketype_opval, toketype_ival, toketype_ival, toketype_ival, toketype_ival,
  toketype_ival, toketype_ival, toketype_ival, toketype_opval, toketype_opval, toketype_opval, toketype_opval, toketype_opval,
  toketype_ival, toketype_opval, toketype_opval, toketype_opval, toketype_opval, toketype_opval, toketype_opval,
  toketype_ival, toketype_ival, toketype_ival, toketype_opval, toketype_opval,
  toketype_opval, toketype_opval, toketype_opval, toketype_ival,
  toketype_opval, toketype_opval, toketype_opval, toketype_opval, toketype_opval,
  toketype_opval, toketype_opval, toketype_ival, toketype_opval, toketype_opval,
  toketype_opval, toketype_opval, toketype_ival, toketype_opval, toketype_opval, toketype_opval,
  toketype_opval, toketype_opval, toketype_opval, toketype_opval, toketype_ival, toketype_opval, toketype_opval,
  toketype_opval, toketype_opval, toketype_opval, toketype_ival, toketype_ival, toketype_opval,
  toketype_opval, toketype_opval, toketype_ival, toketype_opval, toketype_opval, toketype_opval,
  toketype_opval, toketype_opval, toketype_opval, toketype_opval, toketype_opval, toketype_opval, toketype_opval,
  toketype_opval
};

/* Generated from:
 * 3085f2e6e64941cde98997a546a4cd981c41578b090996d8b4e793dc7097114a perly.y
 * d75acf04e5e050e9d0de13999b5b46a13f176dcf9f75c07acf51e913fc41db9a regen_perly.pl
 * ex: set ro: */
