/* ex: set ro ft=c: -*- buffer-read-only: t -*-
   !!!!!!!   DO NOT EDIT THIS FILE   !!!!!!!
   This file is built by regen_perly.pl from perly.y.
   Any changes made here will be lost!
 */

#define YYFINAL  14
/* YYLAST -- Last index in YYTABLE.  */
#define YYLAST   3377

/* YYNTOKENS -- Number of terminals.  */
#define YYNTOKENS  110
/* YYNNTS -- Number of nonterminals.  */
#define YYNNTS  86
/* YYNRULES -- Number of rules.  */
#define YYNRULES  276
/* YYNSTATES -- Number of states.  */
#define YYNSTATES  554

/* YYTRANSLATE[YYX] -- Symbol number corresponding to YYX as returned
   by yylex, with out-of-bounds checking.  */
#define YYUNDEFTOK  2
#define YYMAXUTOK   342

#define YYTRANSLATE(YYX)                                                \
  ((unsigned int) (YYX) <= YYMAXUTOK ? yytranslate[YYX] : YYUNDEFTOK)

/* YYTRANSLATE[TOKEN-NUM] -- Symbol number corresponding to TOKEN-NUM
   as returned by yylex, without out-of-bounds checking.  */
static const yytype_uint8 yytranslate[] =
{
       0,     2,     2,     2,     2,     2,     2,     2,     2,     2,
       2,     2,     2,     2,     2,     2,     2,     2,     2,     2,
       2,     2,     2,     2,     2,     2,     2,     2,     2,     2,
       2,     2,     2,    92,     2,     2,   107,    16,    17,     2,
     105,   104,   108,    14,    81,    13,    19,   109,     2,     2,
       2,     2,     2,     2,     2,     2,     2,     2,    84,   106,
       2,    18,     2,    83,    15,     2,     2,     2,     2,     2,
       2,     2,     2,     2,     2,     2,     2,     2,     2,     2,
       2,     2,     2,     2,     2,     2,     2,     2,     2,     2,
       2,    11,     2,    12,     2,     2,     2,     2,     2,     2,
       2,     2,     2,     2,     2,     2,     2,     2,     2,     2,
       2,     2,     2,     2,     2,     2,     2,     2,     2,     2,
       2,     2,     2,     9,     2,    10,    93,     2,     2,     2,
       2,     2,     2,     2,     2,     2,     2,     2,     2,     2,
       2,     2,     2,     2,     2,     2,     2,     2,     2,     2,
       2,     2,     2,     2,     2,     2,     2,     2,     2,     2,
       2,     2,     2,     2,     2,     2,     2,     2,     2,     2,
       2,     2,     2,     2,     2,     2,     2,     2,     2,     2,
       2,     2,     2,     2,     2,     2,     2,     2,     2,     2,
       2,     2,     2,     2,     2,     2,     2,     2,     2,     2,
       2,     2,     2,     2,     2,     2,     2,     2,     2,     2,
       2,     2,     2,     2,     2,     2,     2,     2,     2,     2,
       2,     2,     2,     2,     2,     2,     2,     2,     2,     2,
       2,     2,     2,     2,     2,     2,     2,     2,     2,     2,
       2,     2,     2,     2,     2,     2,     2,     2,     2,     2,
       2,     2,     2,     2,     2,     2,     1,     2,     3,     4,
       5,     6,     7,     8,    20,    21,    22,    23,    24,    25,
      26,    27,    28,    29,    30,    31,    32,    33,    34,    35,
      36,    37,    38,    39,    40,    41,    42,    43,    44,    45,
      46,    47,    48,    49,    50,    51,    52,    53,    54,    55,
      56,    57,    58,    59,    60,    61,    62,    63,    64,    65,
      66,    67,    68,    69,    70,    71,    72,    73,    74,    75,
      76,    77,    78,    79,    80,    82,    85,    86,    87,    88,
      89,    90,    91,    94,    95,    96,    97,    98,    99,   100,
     101,   102,   103
};

#if YYDEBUG
  /* YYRLINE[YYN] -- Source line where rule number YYN was defined.  */
static const yytype_uint16 yyrline[] =
{
       0,   117,   117,   116,   127,   126,   136,   135,   148,   147,
     160,   159,   172,   171,   183,   191,   199,   203,   211,   217,
     218,   228,   229,   238,   242,   246,   250,   257,   259,   269,
     268,   302,   301,   344,   352,   351,   360,   366,   372,   383,
     385,   387,   394,   402,   404,   401,   422,   421,   429,   428,
     437,   436,   446,   454,   461,   460,   468,   475,   474,   489,
     498,   502,   510,   528,   529,   534,   536,   538,   540,   542,
     544,   546,   549,   555,   556,   561,   572,   573,   579,   585,
     586,   591,   594,   598,   603,   607,   611,   612,   615,   616,
     617,   621,   626,   631,   636,   637,   642,   643,   648,   649,
     651,   656,   658,   664,   663,   682,   683,   687,   689,   691,
     693,   697,   699,   704,   708,   712,   716,   722,   727,   733,
     739,   741,   744,   743,   754,   755,   759,   763,   766,   771,
     776,   779,   783,   787,   790,   795,   799,   802,   804,   806,
     811,   813,   815,   820,   822,   824,   826,   828,   830,   832,
     834,   836,   838,   840,   845,   847,   850,   852,   854,   857,
     860,   871,   874,   877,   884,   886,   888,   890,   892,   895,
     914,   916,   920,   921,   922,   923,   924,   926,   928,   930,
     932,   934,   936,   938,   940,   942,   944,   946,   948,   950,
     952,   962,   972,   982,   992,   994,   996,   999,  1004,  1008,
    1010,  1012,  1014,  1017,  1019,  1022,  1024,  1026,  1028,  1030,
    1032,  1034,  1036,  1038,  1041,  1043,  1045,  1047,  1049,  1051,
    1055,  1058,  1057,  1070,  1071,  1072,  1077,  1081,  1083,  1085,
    1087,  1089,  1094,  1096,  1099,  1101,  1103,  1105,  1111,  1113,
    1115,  1117,  1122,  1124,  1129,  1130,  1135,  1136,  1140,  1143,
    1142,  1150,  1154,  1155,  1156,  1159,  1160,  1163,  1164,  1167,
    1171,  1175,  1181,  1210,  1216,  1218,  1222,  1226,  1227,  1231,
    1232,  1236,  1237,  1242,  1244,  1246,  1249
};
#endif

#if YYDEBUG || YYERROR_VERBOSE || 0
/* YYTNAME[SYMBOL-NUM] -- String name of the symbol SYMBOL-NUM.
   First, the terminals, then, starting at YYNTOKENS, nonterminals.  */
static const char *const yytname[] =
{
  "$end", "error", "$undefined", "GRAMPROG", "GRAMEXPR", "GRAMBLOCK",
  "GRAMBARESTMT", "GRAMFULLSTMT", "GRAMSTMTSEQ", "'{'", "'}'", "'['",
  "']'", "'-'", "'+'", "'@'", "'%'", "'&'", "'='", "'.'", "BAREWORD",
  "METHOD", "FUNCMETH", "THING", "PMFUNC", "PRIVATEREF", "QWLIST",
  "FUNC0OP", "FUNC0SUB", "UNIOPSUB", "LSTOPSUB", "PLUGEXPR", "PLUGSTMT",
  "CLASSDECL", "LABEL", "FORMAT", "SUB", "METHDECL", "MULTIDECL",
  "ANONSUB", "PACKAGE", "USE", "WHILE", "UNTIL", "IF", "UNLESS", "ELSE",
  "ELSIF", "CONTINUE", "FOR", "GIVEN", "WHEN", "DEFAULT", "LOOPEX",
  "DOTDOT", "YADAYADA", "FUNC0", "FUNC1", "FUNC", "UNIOP", "LSTOP",
  "RELOP", "EQOP", "MULOP", "ADDOP", "DOLSHARP", "DO", "HASHBRACK",
  "NOAMP", "LOCAL", "MY", "HAS", "REQUIRE", "COLONATTR", "FORMLBRACK",
  "FORMRBRACK", "PREC_LOW", "OROP", "DOROP", "ANDOP", "NOTOP", "','",
  "ASSIGNOP", "'?'", "':'", "OROR", "DORDOR", "ANDAND", "BITOROP",
  "BITANDOP", "SHIFTOP", "MATCHOP", "'!'", "'~'", "UMINUS", "REFGEN",
  "POWOP", "POWCOP", "PREINC", "PREDEC", "POSTINC", "POSTDEC", "POSTJOIN",
  "ARROW", "')'", "'('", "';'", "'$'", "'*'", "'/'", "$accept", "grammar",
  "$@1", "$@2", "$@3", "$@4", "$@5", "$@6", "block", "formblock",
  "remember", "mblock", "mremember", "stmtseq", "formstmtseq", "fullstmt",
  "labfullstmt", "barestmt", "$@7", "$@8", "$@9", "$@10", "$@11", "$@12",
  "$@13", "@14", "$@15", "$@16", "formline", "formarg", "sideff", "else",
  "cont", "mintro", "nexpr", "texpr", "iexpr", "mexpr", "mnexpr",
  "formname", "subdecl", "startsub", "startanonsub", "startformsub",
  "subname", "proto", "subattrlist", "myattrlist", "subsignature", "@17",
  "optsubbody", "expr", "listexpr", "listop", "@18", "method",
  "subscripted", "termbinop", "termunop", "anonymous", "termdo", "term",
  "@19", "myattrterm", "myterm", "hasterm", "optlistexpr", "optexpr",
  "optrepl", "lpar_or_qw", "$@20", "my_scalar", "my_var", "refgen_topic",
  "my_refgen", "amper", "scalar", "ary", "sizearydecl", "hsh", "arylen",
  "star", "sliceme", "kvslice", "gelem", "indirob", YY_NULLPTR
};
#endif

# ifdef YYPRINT
/* YYTOKNUM[NUM] -- (External) token number corresponding to the
   (internal) symbol number NUM (which must be that of a token).  */
static const yytype_uint16 yytoknum[] =
{
       0,   256,   257,   258,   259,   260,   261,   262,   263,   123,
     125,    91,    93,    45,    43,    64,    37,    38,    61,    46,
     264,   265,   266,   267,   268,   269,   270,   271,   272,   273,
     274,   275,   276,   277,   278,   279,   280,   281,   282,   283,
     284,   285,   286,   287,   288,   289,   290,   291,   292,   293,
     294,   295,   296,   297,   298,   299,   300,   301,   302,   303,
     304,   305,   306,   307,   308,   309,   310,   311,   312,   313,
     314,   315,   316,   317,   318,   319,   320,   321,   322,   323,
     324,    44,   325,    63,    58,   326,   327,   328,   329,   330,
     331,   332,    33,   126,   333,   334,   335,   336,   337,   338,
     339,   340,   341,   342,    41,    40,    59,    36,    42,    47
};
# endif

#define YYPACT_NINF -471

#define yypact_value_is_default(Yystate) \
  (!!((Yystate) == (-471)))

#define YYTABLE_NINF -272

#define yytable_value_is_error(Yytable_value) \
  (!!((Yytable_value) == (-272)))

  /* YYPACT[STATE-NUM] -- Index in YYTABLE of the portion describing
     STATE-NUM.  */
static const yytype_int16 yypact[] =
{
     628,  -471,  -471,  -471,  -471,  -471,  -471,    41,  -471,  3061,
      46,  1683,  1583,  -471,  -471,  -471,  2179,  3061,  3061,    -4,
      -4,    -4,  -471,    -4,    -4,  -471,  -471,    51,   -26,  -471,
    3061,  -471,  -471,  -471,  3061,  -471,   -20,   -16,    49,  2081,
    1981,    -4,  2081,  2277,     6,  3061,   144,    55,  3061,  3061,
    3061,  3061,  3061,  3061,  3061,  2375,    -4,    -4,   -43,    30,
    -471,    31,  -471,  -471,  -471,  -471,  3230,  -471,  -471,    97,
     118,   171,   197,  -471,   196,   208,   224,   201,  -471,  -471,
    -471,  -471,   202,  -471,  -471,  -471,  -471,   181,  -471,   116,
     117,   131,   135,   192,   138,   139,    46,  -471,   194,  -471,
     141,     6,  2275,  1583,  -471,  -471,  -471,   683,   783,  -471,
     137,   438,   438,  -471,  -471,  -471,  -471,  -471,  -471,  -471,
    3061,   143,   145,  3061,   150,   403,    46,    52,  3230,   156,
    2473,  1981,  -471,   403,   576,    30,  -471,   465,  3061,  -471,
    -471,   403,   251,   213,  -471,  -471,  3061,   403,    71,  3159,
    2571,   193,  -471,  -471,  -471,  -471,   193,  -471,  -471,  -471,
    -471,   403,    30,   438,   438,   438,   339,   339,   256,   413,
    -471,  -471,  3061,  3061,  3061,  3061,  3061,  3061,  2669,  3061,
    3061,  3061,  3061,  3061,  3061,  3061,  3061,  3061,  3061,  3061,
    3061,  3061,  3061,  3061,  -471,  -471,  -471,  -471,    48,  2767,
    3061,  3061,  3061,  3061,  3061,  3061,  3061,  -471,  -471,   273,
     276,  -471,  -471,  -471,  -471,  -471,   199,    78,  -471,   272,
    -471,    56,  -471,  -471,  -471,    46,  -471,  -471,  -471,  3061,
    3061,  3061,  3061,  3061,  3061,  -471,  -471,  -471,  -471,  -471,
    3061,  3061,   153,  -471,  -471,  -471,   200,   235,  -471,  -471,
     500,   209,  3061,    30,  -471,   304,  -471,   316,  2865,   438,
     193,    65,    90,   136,  -471,   503,   310,  -471,  -471,  3061,
     326,   259,   259,  -471,  3230,   244,   179,  -471,   512,  1770,
     308,  2066,   668,   509,  3230,  3186,   496,   496,  1866,  1966,
    2164,   323,   438,   438,  3061,  3061,   234,   240,   241,  -471,
     246,  2963,    96,   248,   250,  -471,  -471,   524,   268,   206,
     311,   225,   358,   233,   366,   883,  -471,  -471,   340,     3,
     343,  3061,  3061,  3061,  3061,  -471,   258,  -471,  -471,   263,
    -471,  -471,  -471,  -471,  1782,  -471,    82,  -471,  -471,  -471,
    3061,  3061,  -471,   270,   -43,  -471,   -43,   -43,   -43,   -43,
     -43,   269,   -51,  -471,  3061,  -471,   235,   355,    46,  -471,
    -471,   564,  -471,   359,    91,   570,  -471,  -471,  -471,   247,
    3061,   375,  -471,  -471,  3061,   380,   253,  -471,  -471,  -471,
    -471,  -471,   652,  -471,  -471,  3061,  -471,   383,  -471,   390,
    -471,   392,  -471,   406,  -471,   983,  -471,  -471,  -471,  -471,
     401,   318,   -43,   328,   330,   -43,   342,    56,  -471,  -471,
    -471,  -471,   348,   321,   352,   444,  -471,   357,  3061,   356,
     369,   424,  -471,  -471,  3061,   371,  -471,   374,   472,  -471,
    -471,  -471,   471,   140,  -471,   274,  -471,  3274,   474,  -471,
    -471,   381,  -471,  -471,  -471,  -471,  -471,   382,  -471,  3061,
    -471,  -471,   444,   444,  3061,  3061,   444,  -471,  -471,   194,
     384,  -471,   391,   444,   444,   235,   200,   -43,  -471,  -471,
    -471,  -471,  -471,  -471,  -471,   412,  -471,   395,   444,   444,
      86,    86,   393,   394,   194,  3061,  -471,  -471,  3061,  -471,
    -471,  -471,    20,   235,  1083,  -471,  1183,  -471,   194,   194,
     444,   397,  -471,  -471,  -471,   444,  -471,   405,  1283,   408,
     444,  -471,  -471,  -471,   511,  -471,     9,  -471,  -471,  -471,
    -471,  3061,   444,   194,  -471,  -471,   444,   194,  -471,   447,
     504,  -471,   418,   194,  -471,  -471,   194,  -471,  1383,  -471,
    -471,  -471,   444,  -471,  1881,  -471,  -471,  1483,    86,   421,
    -471,  -471,   444,  -471
};

  /* YYDEFACT[STATE-NUM] -- Default reduction number in state STATE-NUM.
     Performed when YYTABLE does not specify something else to do.  Zero
     means the default is an error.  */
static const yytype_uint16 yydefact[] =
{
       0,     2,     4,     6,     8,    10,    12,     0,    16,   244,
       0,     0,     0,    19,     1,    19,     0,     0,     0,     0,
       0,     0,   223,     0,     0,   194,   221,   182,   216,   218,
     212,    92,   226,    92,   204,   225,   214,     0,     0,   207,
     242,     0,     0,     0,     0,     0,     0,     0,   210,     0,
       0,     0,     0,     0,     0,     0,     0,     0,   245,   110,
     224,   189,   172,   173,   174,   175,   113,   179,     5,   195,
     184,   187,   186,   188,   185,     0,     0,     0,    16,     7,
      65,    27,     0,    93,    88,    89,    90,     0,    91,     0,
       0,     0,     0,    16,     0,     0,     0,    61,    76,     9,
       0,     0,    66,     0,    11,    24,    23,     0,     0,   165,
       0,   154,   155,   273,   276,   275,   274,   261,   263,   259,
     242,     0,     0,     0,     0,   213,     0,    96,   205,     0,
       0,   244,   208,   209,   273,   243,   120,   274,     0,   264,
     171,   170,     0,     0,    94,    95,   242,   180,     0,     0,
       0,   228,   234,   237,   236,   235,   230,   238,   241,   240,
     239,   211,   206,   156,   157,   177,   162,   163,   183,     0,
     260,   266,     0,     0,     0,   111,     0,     0,     0,     0,
       0,     0,     0,     0,     0,     0,     0,     0,     0,     0,
       0,     0,     0,     0,   161,   158,   159,   160,     0,     0,
       0,     0,     0,     0,     0,     0,     0,    19,    16,    87,
       0,    34,    16,    16,    16,    16,    16,     0,    16,     0,
      16,     0,    16,    16,    40,     0,    56,    60,    91,     0,
       0,     0,     0,     0,     0,    26,    25,    20,   164,   118,
     244,     0,     0,   217,   122,    97,     0,    98,   215,   219,
       0,     0,     0,   114,   167,     0,   198,   276,     0,   178,
       0,   184,   187,   186,   233,     0,   102,   227,   229,     0,
     181,   108,   109,   107,   112,     0,     0,   136,     0,   149,
     145,   146,   142,   143,   140,     0,   151,   152,   150,   148,
     147,   144,   153,   141,     0,     0,   268,   270,     0,   124,
       0,     0,     0,   272,   117,   125,   196,     0,     0,     0,
       0,     0,     0,     0,     0,     0,    19,    86,     0,     0,
       0,    81,     0,     0,     0,   257,     0,   258,   255,     0,
     256,   252,   253,   254,     0,    54,     0,   249,   248,    16,
       0,     0,    77,    29,    69,    70,    83,    67,    68,    71,
      72,     0,   246,   138,   242,   103,    98,   100,     0,   220,
     121,     0,   166,     0,   183,     0,   231,   232,   101,     0,
       0,     0,   129,   135,     0,     0,     0,   200,   201,   202,
     265,   133,     0,   199,   203,   244,   197,     0,   127,     0,
     190,     0,   191,     0,    14,     0,    16,    28,    16,    33,
       0,     0,    82,     0,     0,    84,     0,     0,   251,    16,
      80,    85,     0,     0,    66,     0,    50,     0,     0,     0,
       0,    96,    16,   119,     0,     0,   123,     0,     0,    99,
     168,   115,     0,   181,   139,     0,   132,   176,     0,   128,
     134,     0,   130,   192,   193,   126,    59,     0,    57,   242,
      78,    78,     0,     0,     0,     0,     0,    43,    18,    76,
       0,   250,     0,     0,     0,    98,     0,   247,   222,   104,
      19,   262,   137,   131,   116,     0,    19,     0,     0,     0,
      73,    73,     0,     0,    76,    81,    19,    55,     0,    48,
      38,    39,     0,    98,     0,    21,     0,    35,    76,    76,
       0,     0,    36,    37,    46,     0,    53,     0,     0,     0,
       0,   106,   105,    30,     0,   169,     0,    58,    41,    42,
      74,     0,     0,    76,    44,    17,     0,    76,    19,    63,
       0,    22,     0,    76,    52,    78,    76,    49,     0,    19,
      62,    15,     0,    47,     0,    51,    32,     0,    73,     0,
      64,    75,     0,    45
};

  /* YYPGOTO[NTERM-NUM].  */
static const yytype_int16 yypgoto[] =
{
    -471,  -471,  -471,  -471,  -471,  -471,  -471,  -471,     4,  -471,
     -39,   -72,  -471,   -15,  -471,   518,   428,    11,  -471,  -471,
    -471,  -471,  -471,  -471,  -471,  -471,  -471,  -471,  -471,  -471,
    -332,  -470,  -446,  -443,  -471,    47,   211,  -268,    -8,  -471,
    -471,   317,   530,  -471,   463,   149,  -347,  -152,   107,  -471,
    -471,    -6,   -34,  -471,  -471,  -471,  -471,  -471,  -471,  -471,
    -471,    89,  -471,  -471,   426,  -471,  -113,  -130,  -471,   187,
    -471,  -471,   277,  -471,  -471,   378,   320,   -29,   561,   -27,
    -471,  -471,  -471,  -471,  -471,    27
};

  /* YYDEFGOTO[NTERM-NUM].  */
static const yytype_int16 yydefgoto[] =
{
      -1,     7,     8,     9,    10,    11,    12,    13,    98,   397,
      15,   459,   486,   107,   516,   237,   105,   106,   421,   422,
     320,   485,   535,   522,   510,   460,   415,   476,   531,   540,
     100,   502,   226,   478,   411,   401,   345,   404,   413,   318,
     101,   211,   126,   209,   146,   247,   358,   267,   356,   427,
     513,   102,    59,    60,   354,   304,    61,    62,    63,    64,
      65,    66,   122,    67,   151,   156,   136,    68,   425,   339,
     417,   407,   328,   329,   220,    69,    70,    71,   154,    72,
      73,    74,    75,    76,    77,   117
};

  /* YYTABLE[YYPACT[STATE-NUM]] -- What to do in state STATE-NUM.  If
     positive, shift that token.  If negative, reduce the rule whose
     number is the opposite.  If YYTABLE_NINF, syntax error.  */
static const yytype_int16 yytable[] =
{
     108,   251,   410,    58,   268,    78,   135,   239,   479,   428,
     110,   503,   398,   487,    79,   162,   113,   153,   158,   155,
     160,   114,    99,   115,   115,   115,   144,   115,   115,    78,
     175,   145,   529,   256,   172,   173,   174,   143,   506,   207,
     176,    14,   177,   132,   115,   115,   140,   118,   119,   169,
     120,   121,   518,   519,   219,    78,   406,   294,   424,   295,
     115,   115,   123,   296,   297,   298,   412,   138,   139,   299,
     148,    20,   419,   420,   200,   245,   201,   534,   551,   124,
      78,   537,   337,   170,   171,   129,   135,   543,   246,   130,
     545,   113,   544,    19,    20,    21,   257,    19,    20,  -267,
     224,  -267,   269,    56,   253,    78,   111,   112,   366,   399,
     351,   175,   135,   300,   236,   530,   113,   242,   492,   125,
     262,   114,   263,   128,   250,    58,   511,   200,   133,   201,
     244,   141,   500,   501,   147,   115,   178,   161,  -234,   163,
     164,   165,   166,   167,   265,  -269,   514,  -269,   327,   238,
     462,   370,   115,   301,   131,   302,   303,   -16,   252,   148,
      20,   338,    56,  -237,  -233,   353,   271,   272,   273,   316,
     275,   276,   278,   321,   322,   323,   324,   326,    56,   334,
    -267,   336,  -267,   340,   341,    56,   482,   483,   332,    56,
     333,   372,   315,   307,   308,   309,   310,   311,   312,   313,
     314,   210,   199,    56,   383,  -271,  -269,   352,  -269,  -235,
     206,   208,   410,  -232,   172,   173,   174,   202,   388,   203,
     509,   212,   213,   344,   346,   347,   348,   349,   350,   342,
     172,   173,   174,   204,    58,   205,   214,   390,   259,   149,
     215,   426,   225,   222,   223,   392,   361,   227,   240,   150,
     241,    56,   365,   532,   243,   441,   172,   173,   174,   434,
     248,   254,   216,   369,   274,   439,   266,   269,   279,   280,
     281,   282,   283,   284,   285,   286,   287,   288,   289,   290,
     291,   292,   293,   172,   173,   174,   472,   217,   375,   376,
     172,   173,   174,   317,   325,   382,   319,   218,   335,    56,
     418,   395,   172,   173,   174,   355,   115,   332,   357,   333,
     172,   173,   174,   360,   362,   402,   346,   405,   405,   255,
     135,   172,   173,   174,   172,   173,   174,   363,   414,   170,
     172,   173,   174,   368,   405,   405,   477,   370,   174,   116,
     116,   116,   377,   116,   116,   172,   173,   174,   378,   379,
     371,   172,   173,   174,   380,   385,   384,   447,   396,   448,
     137,   116,   430,   400,   435,    56,   152,   157,   409,  -272,
     455,   182,   183,   423,   387,   -31,   116,   116,   429,    58,
     480,   481,   432,   466,   484,   436,   182,   183,   172,   173,
     174,   490,   491,   442,   229,   230,   231,   232,   191,   192,
     443,   233,   444,   234,   193,   194,   498,   499,   195,   196,
     197,   198,   405,   221,   192,   135,   445,   389,   467,   193,
     194,   449,   450,   195,   196,   197,   198,   457,   520,   172,
     173,   174,   451,   523,   452,   172,   173,   174,   527,  -272,
    -272,  -272,   198,   172,   173,   174,   453,   245,   405,   405,
     533,   137,   456,   458,   536,   494,   -84,   172,   173,   174,
     463,   496,   461,   437,   391,  -184,   182,   183,   116,   261,
     548,   508,   393,   464,   200,   468,   201,  -184,   469,   402,
     553,   470,   405,   471,   473,   474,   438,   495,   475,   488,
     172,   173,   174,   191,   192,   489,   512,   504,   505,   193,
     194,   497,   521,   195,   196,   197,   198,  -184,  -184,  -184,
    -184,   524,   526,   538,  -184,   405,  -184,   270,   305,  -184,
     528,   539,   542,   541,   547,   552,  -184,  -184,  -184,  -184,
     104,   235,   507,   403,   193,   194,   549,   331,   195,   196,
     197,   198,  -184,  -184,  -184,   343,  -184,  -184,  -184,  -184,
    -184,  -184,  -184,  -184,  -184,  -184,  -184,   180,   181,   182,
     183,  -184,  -184,   127,   228,  -184,  -184,  -184,  -184,  -184,
     465,  -184,   182,   493,  -184,   260,  -223,   172,   173,   174,
     172,   173,   174,   188,   189,   190,   191,   192,  -223,   172,
     173,   174,   193,   194,   454,   330,   195,   196,   197,   198,
     192,   172,   173,   174,   359,   193,   194,   367,   159,   195,
     196,   197,   198,   416,     0,     0,   373,     0,  -223,  -223,
    -223,  -223,   116,     0,     0,  -223,     0,  -223,   386,     0,
    -223,     1,     2,     3,     4,     5,     6,  -223,  -223,  -223,
    -223,   172,   173,   174,     0,     0,   408,   172,   173,   174,
       0,     0,     0,  -223,  -223,  -223,   331,  -223,  -223,  -223,
    -223,  -223,  -223,  -223,  -223,  -223,  -223,  -223,   431,     0,
       0,     0,  -223,  -223,   433,     0,  -223,  -223,  -223,  -223,
    -223,     0,  -223,   -13,    80,  -223,     0,     0,     0,     0,
       0,     0,    78,     0,    16,     0,    17,    18,    19,    20,
      21,     0,     0,    22,    23,    24,    25,    26,     0,    27,
      28,    29,    30,    31,    32,    81,    82,   103,    83,    84,
      85,    86,    33,    87,    88,    89,    90,    91,    92,   172,
     173,   174,    93,    94,    95,    96,    34,     0,    35,    36,
      37,    38,    39,    40,     0,     0,     0,     0,    41,    42,
      43,    44,    45,    46,    47,    48,   440,     0,     0,   192,
       0,     0,     0,    49,   193,   194,     0,     0,   195,   196,
     197,   198,     0,     0,     0,    50,    51,     0,    52,     0,
       0,    53,    54,    -3,    80,     0,     0,     0,    55,    97,
      56,    57,    78,     0,    16,     0,    17,    18,    19,    20,
      21,     0,     0,    22,    23,    24,    25,    26,     0,    27,
      28,    29,    30,    31,    32,    81,    82,   103,    83,    84,
      85,    86,    33,    87,    88,    89,    90,    91,    92,     0,
       0,     0,    93,    94,    95,    96,    34,     0,    35,    36,
      37,    38,    39,    40,     0,     0,     0,     0,    41,    42,
      43,    44,    45,    46,    47,    48,     0,     0,     0,     0,
       0,     0,     0,    49,     0,     0,     0,     0,     0,     0,
       0,     0,     0,     0,     0,    50,    51,     0,    52,     0,
       0,    53,    54,     0,    80,     0,     0,     0,    55,    97,
      56,    57,    78,   394,    16,     0,    17,    18,    19,    20,
      21,     0,     0,    22,    23,    24,    25,    26,     0,    27,
      28,    29,    30,    31,    32,    81,    82,   103,    83,    84,
      85,    86,    33,    87,    88,    89,    90,    91,    92,     0,
       0,     0,    93,    94,    95,    96,    34,     0,    35,    36,
      37,    38,    39,    40,     0,     0,     0,     0,    41,    42,
      43,    44,    45,    46,    47,    48,     0,     0,     0,     0,
       0,     0,     0,    49,     0,     0,     0,     0,     0,     0,
       0,     0,     0,     0,     0,    50,    51,     0,    52,     0,
       0,    53,    54,     0,    80,     0,     0,     0,    55,    97,
      56,    57,    78,   446,    16,     0,    17,    18,    19,    20,
      21,     0,     0,    22,    23,    24,    25,    26,     0,    27,
      28,    29,    30,    31,    32,    81,    82,   103,    83,    84,
      85,    86,    33,    87,    88,    89,    90,    91,    92,     0,
       0,     0,    93,    94,    95,    96,    34,     0,    35,    36,
      37,    38,    39,    40,     0,     0,     0,     0,    41,    42,
      43,    44,    45,    46,    47,    48,     0,     0,     0,     0,
       0,     0,     0,    49,     0,     0,     0,     0,     0,     0,
       0,     0,     0,     0,     0,    50,    51,     0,    52,     0,
       0,    53,    54,     0,    80,     0,     0,     0,    55,    97,
      56,    57,    78,   515,    16,     0,    17,    18,    19,    20,
      21,     0,     0,    22,    23,    24,    25,    26,     0,    27,
      28,    29,    30,    31,    32,    81,    82,   103,    83,    84,
      85,    86,    33,    87,    88,    89,    90,    91,    92,     0,
       0,     0,    93,    94,    95,    96,    34,     0,    35,    36,
      37,    38,    39,    40,     0,     0,     0,     0,    41,    42,
      43,    44,    45,    46,    47,    48,     0,     0,     0,     0,
       0,     0,     0,    49,     0,     0,     0,     0,     0,     0,
       0,     0,     0,     0,     0,    50,    51,     0,    52,     0,
       0,    53,    54,     0,    80,     0,     0,     0,    55,    97,
      56,    57,    78,   517,    16,     0,    17,    18,    19,    20,
      21,     0,     0,    22,    23,    24,    25,    26,     0,    27,
      28,    29,    30,    31,    32,    81,    82,   103,    83,    84,
      85,    86,    33,    87,    88,    89,    90,    91,    92,     0,
       0,     0,    93,    94,    95,    96,    34,     0,    35,    36,
      37,    38,    39,    40,     0,     0,     0,     0,    41,    42,
      43,    44,    45,    46,    47,    48,     0,     0,     0,     0,
       0,     0,     0,    49,     0,     0,     0,     0,     0,     0,
       0,     0,     0,     0,     0,    50,    51,     0,    52,     0,
       0,    53,    54,     0,    80,     0,     0,     0,    55,    97,
      56,    57,    78,   525,    16,     0,    17,    18,    19,    20,
      21,     0,     0,    22,    23,    24,    25,    26,     0,    27,
      28,    29,    30,    31,    32,    81,    82,   103,    83,    84,
      85,    86,    33,    87,    88,    89,    90,    91,    92,     0,
       0,     0,    93,    94,    95,    96,    34,     0,    35,    36,
      37,    38,    39,    40,     0,     0,     0,     0,    41,    42,
      43,    44,    45,    46,    47,    48,     0,     0,     0,     0,
       0,     0,     0,    49,     0,     0,     0,     0,     0,     0,
       0,     0,     0,     0,     0,    50,    51,     0,    52,     0,
       0,    53,    54,     0,    80,     0,     0,     0,    55,    97,
      56,    57,    78,   546,    16,     0,    17,    18,    19,    20,
      21,     0,     0,    22,    23,    24,    25,    26,     0,    27,
      28,    29,    30,    31,    32,    81,    82,   103,    83,    84,
      85,    86,    33,    87,    88,    89,    90,    91,    92,     0,
       0,     0,    93,    94,    95,    96,    34,     0,    35,    36,
      37,    38,    39,    40,     0,     0,     0,     0,    41,    42,
      43,    44,    45,    46,    47,    48,     0,     0,     0,     0,
       0,     0,     0,    49,     0,     0,     0,     0,     0,     0,
       0,     0,     0,     0,     0,    50,    51,     0,    52,     0,
       0,    53,    54,     0,    80,     0,     0,     0,    55,    97,
      56,    57,    78,     0,    16,     0,    17,    18,    19,    20,
      21,     0,     0,    22,    23,    24,    25,    26,     0,    27,
      28,    29,    30,    31,    32,    81,    82,   103,    83,    84,
      85,    86,    33,    87,    88,    89,    90,    91,    92,     0,
       0,     0,    93,    94,    95,    96,    34,     0,    35,    36,
      37,    38,    39,    40,     0,     0,     0,     0,    41,    42,
      43,    44,    45,    46,    47,    48,     0,     0,   550,     0,
       0,     0,     0,    49,     0,     0,     0,     0,     0,     0,
       0,     0,     0,     0,     0,    50,    51,     0,    52,     0,
       0,    53,    54,     0,    80,     0,     0,     0,    55,    97,
      56,    57,    78,     0,    16,     0,    17,    18,    19,    20,
      21,     0,     0,    22,    23,    24,    25,    26,     0,    27,
      28,    29,    30,    31,    32,    81,    82,   103,    83,    84,
      85,    86,    33,    87,    88,    89,    90,    91,    92,     0,
       0,     0,    93,    94,    95,    96,    34,     0,    35,    36,
      37,    38,    39,    40,     0,     0,     0,     0,    41,    42,
      43,    44,    45,    46,    47,    48,     0,     0,     0,     0,
       0,     0,     0,    49,     0,     0,     0,     0,     0,     0,
       0,     0,     0,     0,     0,    50,    51,     0,    52,     0,
       0,    53,    54,     0,    80,     0,     0,     0,    55,    97,
      56,    57,    78,     0,    16,     0,    17,    18,    19,    20,
      21,     0,     0,    22,    23,    24,    25,    26,     0,    27,
      28,    29,    30,    31,    32,    81,    82,     0,    83,    84,
      85,    86,    33,    87,    88,    89,    90,    91,    92,     0,
       0,     0,    93,    94,    95,    96,    34,     0,    35,    36,
      37,    38,    39,    40,     0,     0,     0,     0,    41,    42,
      43,    44,    45,    46,    47,    48,     0,     0,     0,     0,
       0,     0,     0,    49,     0,     0,     0,     0,     0,     0,
       0,     0,     0,     0,     0,    50,    51,     0,    52,     0,
       0,    53,    54,    80,     0,     0,     0,     0,    55,    97,
      56,    57,     0,    16,     0,    17,    18,    19,    20,    21,
       0,     0,    22,    23,    24,    25,    26,     0,    27,    28,
      29,    30,    31,    32,     0,     0,     0,     0,     0,     0,
       0,    33,     0,     0,  -272,     0,     0,     0,     0,     0,
       0,   180,   181,   182,   183,    34,     0,    35,    36,    37,
      38,    39,    40,     0,     0,     0,     0,    41,    42,    43,
      44,    45,    46,    47,    48,   186,   187,   188,   189,   190,
     191,   192,    49,     0,     0,     0,   193,   194,     0,     0,
     195,   196,   197,   198,    50,    51,     0,    52,     0,     0,
      53,    54,    80,     0,     0,     0,     0,    55,   -79,    56,
      57,     0,    16,     0,    17,    18,    19,    20,    21,     0,
       0,    22,    23,    24,    25,    26,     0,    27,    28,    29,
      30,    31,    32,     0,     0,     0,     0,     0,     0,     0,
      33,     0,     0,     0,     0,     0,     0,   180,   181,   182,
     183,     0,     0,     0,    34,     0,    35,    36,    37,    38,
      39,    40,     0,     0,     0,     0,    41,    42,    43,    44,
      45,    46,    47,    48,   189,   190,   191,   192,     0,     0,
       0,    49,   193,   194,     0,     0,   195,   196,   197,   198,
       0,     0,     0,    50,    51,     0,    52,     0,     0,    53,
      54,     0,     0,     0,     0,   -79,    55,     0,    56,    57,
      78,     0,    16,     0,    17,    18,    19,    20,    21,     0,
       0,   134,    23,    24,    25,    26,   114,    27,    28,    29,
      30,    31,    32,     0,     0,     0,     0,     0,     0,     0,
      33,     0,     0,     0,     0,     0,     0,   180,   181,   182,
     183,     0,     0,     0,    34,     0,    35,    36,    37,    38,
      39,    40,     0,     0,     0,     0,    41,    42,    43,    44,
      45,    46,    47,    48,     0,   190,   191,   192,     0,     0,
       0,    49,   193,   194,     0,     0,   195,   196,   197,   198,
       0,     0,     0,    50,    51,     0,    52,     0,     0,    53,
      54,     0,     0,     0,     0,     0,    55,     0,    56,    57,
      78,     0,    16,     0,    17,    18,    19,    20,    21,     0,
       0,    22,    23,    24,    25,    26,     0,    27,    28,    29,
      30,    31,    32,     0,     0,     0,     0,     0,     0,     0,
      33,     0,     0,     0,     0,     0,     0,   180,  -272,   182,
     183,     0,     0,     0,    34,     0,    35,    36,    37,    38,
      39,    40,     0,     0,     0,     0,    41,    42,    43,    44,
      45,    46,    47,    48,     0,     0,   191,   192,     0,     0,
       0,    49,   193,   194,     0,     0,   195,   196,   197,   198,
       0,     0,     0,    50,    51,     0,    52,     0,     0,    53,
      54,     0,     0,     0,     0,     0,    55,     0,    56,    57,
      16,   109,    17,    18,    19,    20,    21,     0,     0,    22,
      23,    24,    25,    26,     0,    27,    28,    29,    30,    31,
      32,     0,     0,     0,     0,     0,     0,     0,    33,     0,
       0,     0,     0,     0,     0,   180,   181,   182,   183,     0,
       0,     0,    34,     0,    35,    36,    37,    38,    39,    40,
       0,     0,     0,     0,    41,    42,    43,    44,    45,    46,
      47,    48,     0,     0,   191,   192,     0,     0,     0,    49,
     193,   194,     0,     0,   195,   196,   197,   198,     0,     0,
       0,    50,    51,     0,    52,     0,     0,    53,    54,     0,
       0,     0,     0,     0,    55,     0,    56,    57,    16,     0,
      17,    18,    19,    20,    21,     0,     0,    22,    23,    24,
      25,    26,     0,    27,    28,    29,    30,    31,    32,     0,
       0,     0,     0,     0,     0,     0,    33,   229,   230,   231,
     232,     0,     0,     0,   233,     0,   234,     0,     0,     0,
      34,     0,    35,    36,    37,    38,    39,    40,     0,     0,
       0,     0,    41,    42,    43,    44,    45,    46,    47,    48,
       0,     0,   172,   173,   174,     0,     0,    49,     0,     0,
       0,     0,     0,     0,     0,     0,     0,     0,     0,    50,
      51,     0,    52,     0,     0,    53,    54,     0,     0,     0,
       0,     0,    55,   142,    56,    57,    16,     0,    17,    18,
      19,    20,    21,     0,     0,    22,    23,    24,    25,    26,
       0,    27,    28,    29,    30,    31,    32,     0,     0,     0,
       0,     0,     0,     0,    33,     0,     0,     0,     0,     0,
       0,     0,     0,     0,     0,     0,     0,     0,    34,     0,
      35,    36,    37,    38,    39,    40,     0,     0,     0,     0,
      41,    42,    43,    44,    45,    46,    47,    48,     0,     0,
       0,     0,     0,     0,     0,    49,     0,     0,     0,     0,
       0,     0,     0,     0,     0,     0,     0,    50,    51,     0,
      52,     0,     0,    53,    54,     0,     0,     0,     0,   168,
      55,     0,    56,    57,    16,     0,    17,    18,    19,    20,
      21,     0,     0,    22,    23,    24,    25,    26,     0,    27,
      28,    29,    30,    31,    32,     0,     0,     0,     0,     0,
       0,     0,    33,     0,     0,     0,     0,     0,     0,     0,
       0,     0,     0,     0,     0,     0,    34,     0,    35,    36,
      37,    38,    39,    40,     0,     0,     0,     0,    41,    42,
      43,    44,    45,    46,    47,    48,     0,     0,     0,     0,
       0,     0,     0,    49,     0,     0,     0,     0,     0,     0,
       0,     0,     0,     0,     0,    50,    51,     0,    52,     0,
       0,    53,    54,     0,     0,     0,     0,   249,    55,     0,
      56,    57,    16,     0,    17,    18,    19,    20,    21,     0,
       0,    22,    23,    24,    25,    26,     0,    27,    28,    29,
      30,    31,    32,     0,     0,     0,     0,     0,     0,     0,
      33,     0,     0,     0,     0,     0,     0,     0,     0,     0,
       0,     0,     0,     0,    34,     0,    35,    36,    37,    38,
      39,    40,     0,     0,     0,     0,    41,    42,    43,    44,
      45,    46,    47,    48,     0,     0,     0,     0,     0,     0,
       0,    49,     0,     0,     0,     0,     0,     0,     0,     0,
       0,     0,     0,    50,    51,     0,    52,     0,     0,    53,
      54,     0,     0,     0,     0,   264,    55,     0,    56,    57,
      16,     0,    17,    18,    19,    20,    21,     0,     0,    22,
      23,    24,    25,    26,     0,    27,    28,    29,    30,    31,
      32,     0,     0,     0,     0,     0,     0,     0,    33,     0,
       0,     0,     0,     0,     0,     0,     0,     0,     0,     0,
       0,     0,    34,     0,    35,    36,    37,    38,    39,    40,
       0,     0,     0,     0,    41,    42,    43,    44,    45,    46,
      47,    48,     0,     0,     0,     0,     0,     0,     0,    49,
       0,     0,     0,     0,     0,     0,     0,     0,     0,     0,
       0,    50,    51,     0,    52,     0,     0,    53,    54,     0,
       0,     0,     0,   277,    55,     0,    56,    57,    16,     0,
      17,    18,    19,    20,    21,     0,     0,    22,    23,    24,
      25,    26,     0,    27,    28,    29,    30,    31,    32,     0,
       0,     0,     0,     0,     0,     0,    33,     0,     0,     0,
       0,     0,     0,     0,     0,     0,     0,     0,     0,     0,
      34,     0,    35,    36,    37,    38,    39,    40,     0,     0,
       0,     0,    41,    42,    43,    44,    45,    46,    47,    48,
       0,     0,     0,     0,     0,     0,     0,    49,     0,     0,
       0,     0,     0,     0,     0,     0,     0,     0,     0,    50,
      51,     0,    52,     0,     0,    53,    54,     0,     0,     0,
       0,   306,    55,     0,    56,    57,    16,     0,    17,    18,
      19,    20,    21,     0,     0,    22,    23,    24,    25,    26,
       0,    27,    28,    29,    30,    31,    32,     0,     0,     0,
       0,     0,     0,     0,    33,     0,     0,     0,     0,     0,
       0,     0,     0,     0,     0,     0,     0,     0,    34,     0,
      35,    36,    37,    38,    39,    40,     0,     0,     0,     0,
      41,    42,    43,    44,    45,    46,    47,    48,     0,     0,
       0,     0,     0,     0,     0,    49,     0,     0,     0,     0,
       0,     0,     0,     0,     0,     0,     0,    50,    51,     0,
      52,     0,     0,    53,    54,     0,     0,     0,     0,   364,
      55,     0,    56,    57,    16,     0,    17,    18,    19,    20,
      21,     0,     0,    22,    23,    24,    25,    26,     0,    27,
      28,    29,    30,    31,    32,     0,     0,     0,     0,     0,
       0,     0,    33,     0,     0,     0,     0,     0,     0,     0,
       0,     0,     0,     0,     0,     0,    34,     0,    35,    36,
      37,    38,    39,    40,     0,     0,     0,     0,    41,    42,
      43,    44,    45,    46,    47,    48,     0,     0,     0,     0,
       0,     0,     0,    49,     0,     0,     0,     0,     0,     0,
       0,     0,     0,     0,     0,    50,    51,     0,    52,     0,
       0,    53,    54,     0,     0,     0,     0,   381,    55,     0,
      56,    57,    16,     0,    17,    18,    19,    20,    21,     0,
       0,    22,    23,    24,    25,    26,     0,    27,    28,    29,
      30,    31,    32,     0,     0,     0,     0,     0,     0,     0,
      33,     0,     0,     0,     0,     0,     0,     0,     0,     0,
       0,     0,     0,     0,    34,     0,    35,    36,    37,    38,
      39,    40,     0,     0,     0,     0,    41,    42,    43,    44,
      45,    46,    47,    48,     0,     0,     0,     0,     0,     0,
       0,    49,     0,     0,     0,     0,     0,     0,     0,     0,
       0,     0,     0,    50,    51,     0,    52,     0,     0,    53,
      54,     0,     0,     0,     0,     0,    55,     0,    56,    57,
      16,     0,    17,    18,   148,    20,    21,     0,     0,    22,
      23,    24,    25,    26,     0,    27,    28,    29,    30,    31,
      32,     0,     0,     0,     0,     0,     0,     0,    33,     0,
       0,     0,     0,     0,     0,     0,     0,     0,     0,     0,
       0,     0,    34,     0,    35,    36,    37,    38,    39,    40,
       0,     0,     0,     0,    41,    42,    43,    44,    45,    46,
      47,    48,     0,     0,     0,     0,     0,     0,     0,    49,
     179,     0,     0,     0,     0,     0,     0,   180,   181,   182,
     183,    50,    51,     0,    52,     0,     0,    53,    54,     0,
       0,     0,     0,     0,   258,     0,    56,    57,   184,   185,
     374,   186,   187,   188,   189,   190,   191,   192,     0,     0,
       0,     0,   193,   194,   179,     0,   195,   196,   197,   198,
       0,   180,   181,   182,   183,     0,     0,     0,     0,     0,
       0,     0,     0,     0,     0,     0,     0,     0,     0,     0,
       0,     0,   184,   185,     0,   186,   187,   188,   189,   190,
     191,   192,     0,     0,     0,     0,   193,   194,   179,     0,
     195,   196,   197,   198,     0,   180,   181,   182,   183,     0,
       0,     0,     0,     0,     0,     0,     0,     0,     0,     0,
       0,     0,     0,     0,     0,     0,     0,   185,     0,   186,
     187,   188,   189,   190,   191,   192,     0,     0,     0,     0,
     193,   194,     0,     0,   195,   196,   197,   198
};

static const yytype_int16 yycheck[] =
{
      15,   131,   334,     9,   156,     9,    40,   120,   451,   356,
      16,   481,     9,   459,    10,    49,    20,    46,    47,    46,
      47,    25,    11,    19,    20,    21,    20,    23,    24,     9,
      81,    25,    23,   146,    77,    78,    79,    43,   484,    78,
       9,     0,    11,    39,    40,    41,    42,    20,    21,    55,
      23,    24,   498,   499,    93,     9,   324,     9,   109,    11,
      56,    57,    11,    15,    16,    17,   334,    40,    41,    21,
      15,    16,   340,   341,     9,    23,    11,   523,   548,   105,
       9,   527,    26,    56,    57,   105,   120,   533,   127,   105,
     536,    20,   535,    15,    16,    17,    25,    15,    16,     9,
      96,    11,    11,   107,   138,     9,    17,    18,   260,   106,
     240,    81,   146,    65,   103,   106,    20,   123,   465,    30,
     149,    25,   149,    34,   130,   131,   106,     9,    39,    11,
     126,    42,    46,    47,    45,   131,   105,    48,    73,    50,
      51,    52,    53,    54,   150,     9,   493,    11,    70,    12,
     418,    11,   148,   105,   105,   107,   108,   105,   131,    15,
      16,   105,   107,    73,    73,    12,   172,   173,   174,   208,
     176,   177,   178,   212,   213,   214,   215,   216,   107,   218,
       9,   220,    11,   222,   223,   107,   454,   455,   217,   107,
     217,    12,   207,   199,   200,   201,   202,   203,   204,   205,
     206,    20,   105,   107,   108,     9,     9,   241,    11,    73,
       9,     9,   544,    73,    77,    78,    79,     9,    12,    11,
     488,   105,   105,   229,   230,   231,   232,   233,   234,   225,
      77,    78,    79,     9,   240,    11,   105,    12,   149,    95,
     105,   354,    48,   105,   105,    12,   252,   106,   105,   105,
     105,   107,   258,   521,   104,   385,    77,    78,    79,    12,
     104,    10,    70,   269,   175,    12,    73,    11,   179,   180,
     181,   182,   183,   184,   185,   186,   187,   188,   189,   190,
     191,   192,   193,    77,    78,    79,    12,    95,   294,   295,
      77,    78,    79,    20,    95,   301,    20,   105,    26,   107,
     339,   316,    77,    78,    79,   105,   302,   336,    73,   336,
      77,    78,    79,   104,    10,   321,   322,   323,   324,   106,
     354,    77,    78,    79,    77,    78,    79,    11,   334,   302,
      77,    78,    79,    23,   340,   341,   449,    11,    79,    19,
      20,    21,   108,    23,    24,    77,    78,    79,   108,   108,
     106,    77,    78,    79,   108,   105,   108,   396,    18,   398,
      40,    41,   358,    20,   370,   107,    46,    47,   105,    61,
     409,    63,    64,   104,   106,   105,    56,    57,    23,   385,
     452,   453,    23,   422,   456,    10,    63,    64,    77,    78,
      79,   463,   464,    10,    42,    43,    44,    45,    90,    91,
      10,    49,    10,    51,    96,    97,   478,   479,   100,   101,
     102,   103,   418,    93,    91,   449,    10,   106,   424,    96,
      97,    20,   104,   100,   101,   102,   103,   106,   500,    77,
      78,    79,   104,   505,   104,    77,    78,    79,   510,   100,
     101,   102,   103,    77,    78,    79,   104,    23,   454,   455,
     522,   131,   104,     9,   526,   470,   104,    77,    78,    79,
     104,   476,   105,   374,   106,     0,    63,    64,   148,   149,
     542,   486,   106,   104,     9,   104,    11,    12,   104,   485,
     552,     9,   488,    12,    10,   104,   106,    75,   106,   105,
      77,    78,    79,    90,    91,   104,   492,   104,   104,    96,
      97,   106,   105,   100,   101,   102,   103,    42,    43,    44,
      45,   106,   104,   528,    49,   521,    51,   104,   198,    54,
       9,    74,   104,    19,   539,   104,    61,    62,    63,    64,
      12,   103,   485,   322,    96,    97,   544,   217,   100,   101,
     102,   103,    77,    78,    79,   228,    81,    82,    83,    84,
      85,    86,    87,    88,    89,    90,    91,    61,    62,    63,
      64,    96,    97,    33,   101,   100,   101,   102,   103,   104,
     421,   106,    63,   466,   109,   149,     0,    77,    78,    79,
      77,    78,    79,    87,    88,    89,    90,    91,    12,    77,
      78,    79,    96,    97,   407,   217,   100,   101,   102,   103,
      91,    77,    78,    79,   104,    96,    97,   104,    47,   100,
     101,   102,   103,   336,    -1,    -1,   104,    -1,    42,    43,
      44,    45,   302,    -1,    -1,    49,    -1,    51,   104,    -1,
      54,     3,     4,     5,     6,     7,     8,    61,    62,    63,
      64,    77,    78,    79,    -1,    -1,   326,    77,    78,    79,
      -1,    -1,    -1,    77,    78,    79,   336,    81,    82,    83,
      84,    85,    86,    87,    88,    89,    90,    91,   104,    -1,
      -1,    -1,    96,    97,   104,    -1,   100,   101,   102,   103,
     104,    -1,   106,     0,     1,   109,    -1,    -1,    -1,    -1,
      -1,    -1,     9,    -1,    11,    -1,    13,    14,    15,    16,
      17,    -1,    -1,    20,    21,    22,    23,    24,    -1,    26,
      27,    28,    29,    30,    31,    32,    33,    34,    35,    36,
      37,    38,    39,    40,    41,    42,    43,    44,    45,    77,
      78,    79,    49,    50,    51,    52,    53,    -1,    55,    56,
      57,    58,    59,    60,    -1,    -1,    -1,    -1,    65,    66,
      67,    68,    69,    70,    71,    72,   104,    -1,    -1,    91,
      -1,    -1,    -1,    80,    96,    97,    -1,    -1,   100,   101,
     102,   103,    -1,    -1,    -1,    92,    93,    -1,    95,    -1,
      -1,    98,    99,     0,     1,    -1,    -1,    -1,   105,   106,
     107,   108,     9,    -1,    11,    -1,    13,    14,    15,    16,
      17,    -1,    -1,    20,    21,    22,    23,    24,    -1,    26,
      27,    28,    29,    30,    31,    32,    33,    34,    35,    36,
      37,    38,    39,    40,    41,    42,    43,    44,    45,    -1,
      -1,    -1,    49,    50,    51,    52,    53,    -1,    55,    56,
      57,    58,    59,    60,    -1,    -1,    -1,    -1,    65,    66,
      67,    68,    69,    70,    71,    72,    -1,    -1,    -1,    -1,
      -1,    -1,    -1,    80,    -1,    -1,    -1,    -1,    -1,    -1,
      -1,    -1,    -1,    -1,    -1,    92,    93,    -1,    95,    -1,
      -1,    98,    99,    -1,     1,    -1,    -1,    -1,   105,   106,
     107,   108,     9,    10,    11,    -1,    13,    14,    15,    16,
      17,    -1,    -1,    20,    21,    22,    23,    24,    -1,    26,
      27,    28,    29,    30,    31,    32,    33,    34,    35,    36,
      37,    38,    39,    40,    41,    42,    43,    44,    45,    -1,
      -1,    -1,    49,    50,    51,    52,    53,    -1,    55,    56,
      57,    58,    59,    60,    -1,    -1,    -1,    -1,    65,    66,
      67,    68,    69,    70,    71,    72,    -1,    -1,    -1,    -1,
      -1,    -1,    -1,    80,    -1,    -1,    -1,    -1,    -1,    -1,
      -1,    -1,    -1,    -1,    -1,    92,    93,    -1,    95,    -1,
      -1,    98,    99,    -1,     1,    -1,    -1,    -1,   105,   106,
     107,   108,     9,    10,    11,    -1,    13,    14,    15,    16,
      17,    -1,    -1,    20,    21,    22,    23,    24,    -1,    26,
      27,    28,    29,    30,    31,    32,    33,    34,    35,    36,
      37,    38,    39,    40,    41,    42,    43,    44,    45,    -1,
      -1,    -1,    49,    50,    51,    52,    53,    -1,    55,    56,
      57,    58,    59,    60,    -1,    -1,    -1,    -1,    65,    66,
      67,    68,    69,    70,    71,    72,    -1,    -1,    -1,    -1,
      -1,    -1,    -1,    80,    -1,    -1,    -1,    -1,    -1,    -1,
      -1,    -1,    -1,    -1,    -1,    92,    93,    -1,    95,    -1,
      -1,    98,    99,    -1,     1,    -1,    -1,    -1,   105,   106,
     107,   108,     9,    10,    11,    -1,    13,    14,    15,    16,
      17,    -1,    -1,    20,    21,    22,    23,    24,    -1,    26,
      27,    28,    29,    30,    31,    32,    33,    34,    35,    36,
      37,    38,    39,    40,    41,    42,    43,    44,    45,    -1,
      -1,    -1,    49,    50,    51,    52,    53,    -1,    55,    56,
      57,    58,    59,    60,    -1,    -1,    -1,    -1,    65,    66,
      67,    68,    69,    70,    71,    72,    -1,    -1,    -1,    -1,
      -1,    -1,    -1,    80,    -1,    -1,    -1,    -1,    -1,    -1,
      -1,    -1,    -1,    -1,    -1,    92,    93,    -1,    95,    -1,
      -1,    98,    99,    -1,     1,    -1,    -1,    -1,   105,   106,
     107,   108,     9,    10,    11,    -1,    13,    14,    15,    16,
      17,    -1,    -1,    20,    21,    22,    23,    24,    -1,    26,
      27,    28,    29,    30,    31,    32,    33,    34,    35,    36,
      37,    38,    39,    40,    41,    42,    43,    44,    45,    -1,
      -1,    -1,    49,    50,    51,    52,    53,    -1,    55,    56,
      57,    58,    59,    60,    -1,    -1,    -1,    -1,    65,    66,
      67,    68,    69,    70,    71,    72,    -1,    -1,    -1,    -1,
      -1,    -1,    -1,    80,    -1,    -1,    -1,    -1,    -1,    -1,
      -1,    -1,    -1,    -1,    -1,    92,    93,    -1,    95,    -1,
      -1,    98,    99,    -1,     1,    -1,    -1,    -1,   105,   106,
     107,   108,     9,    10,    11,    -1,    13,    14,    15,    16,
      17,    -1,    -1,    20,    21,    22,    23,    24,    -1,    26,
      27,    28,    29,    30,    31,    32,    33,    34,    35,    36,
      37,    38,    39,    40,    41,    42,    43,    44,    45,    -1,
      -1,    -1,    49,    50,    51,    52,    53,    -1,    55,    56,
      57,    58,    59,    60,    -1,    -1,    -1,    -1,    65,    66,
      67,    68,    69,    70,    71,    72,    -1,    -1,    -1,    -1,
      -1,    -1,    -1,    80,    -1,    -1,    -1,    -1,    -1,    -1,
      -1,    -1,    -1,    -1,    -1,    92,    93,    -1,    95,    -1,
      -1,    98,    99,    -1,     1,    -1,    -1,    -1,   105,   106,
     107,   108,     9,    10,    11,    -1,    13,    14,    15,    16,
      17,    -1,    -1,    20,    21,    22,    23,    24,    -1,    26,
      27,    28,    29,    30,    31,    32,    33,    34,    35,    36,
      37,    38,    39,    40,    41,    42,    43,    44,    45,    -1,
      -1,    -1,    49,    50,    51,    52,    53,    -1,    55,    56,
      57,    58,    59,    60,    -1,    -1,    -1,    -1,    65,    66,
      67,    68,    69,    70,    71,    72,    -1,    -1,    -1,    -1,
      -1,    -1,    -1,    80,    -1,    -1,    -1,    -1,    -1,    -1,
      -1,    -1,    -1,    -1,    -1,    92,    93,    -1,    95,    -1,
      -1,    98,    99,    -1,     1,    -1,    -1,    -1,   105,   106,
     107,   108,     9,    -1,    11,    -1,    13,    14,    15,    16,
      17,    -1,    -1,    20,    21,    22,    23,    24,    -1,    26,
      27,    28,    29,    30,    31,    32,    33,    34,    35,    36,
      37,    38,    39,    40,    41,    42,    43,    44,    45,    -1,
      -1,    -1,    49,    50,    51,    52,    53,    -1,    55,    56,
      57,    58,    59,    60,    -1,    -1,    -1,    -1,    65,    66,
      67,    68,    69,    70,    71,    72,    -1,    -1,    75,    -1,
      -1,    -1,    -1,    80,    -1,    -1,    -1,    -1,    -1,    -1,
      -1,    -1,    -1,    -1,    -1,    92,    93,    -1,    95,    -1,
      -1,    98,    99,    -1,     1,    -1,    -1,    -1,   105,   106,
     107,   108,     9,    -1,    11,    -1,    13,    14,    15,    16,
      17,    -1,    -1,    20,    21,    22,    23,    24,    -1,    26,
      27,    28,    29,    30,    31,    32,    33,    34,    35,    36,
      37,    38,    39,    40,    41,    42,    43,    44,    45,    -1,
      -1,    -1,    49,    50,    51,    52,    53,    -1,    55,    56,
      57,    58,    59,    60,    -1,    -1,    -1,    -1,    65,    66,
      67,    68,    69,    70,    71,    72,    -1,    -1,    -1,    -1,
      -1,    -1,    -1,    80,    -1,    -1,    -1,    -1,    -1,    -1,
      -1,    -1,    -1,    -1,    -1,    92,    93,    -1,    95,    -1,
      -1,    98,    99,    -1,     1,    -1,    -1,    -1,   105,   106,
     107,   108,     9,    -1,    11,    -1,    13,    14,    15,    16,
      17,    -1,    -1,    20,    21,    22,    23,    24,    -1,    26,
      27,    28,    29,    30,    31,    32,    33,    -1,    35,    36,
      37,    38,    39,    40,    41,    42,    43,    44,    45,    -1,
      -1,    -1,    49,    50,    51,    52,    53,    -1,    55,    56,
      57,    58,    59,    60,    -1,    -1,    -1,    -1,    65,    66,
      67,    68,    69,    70,    71,    72,    -1,    -1,    -1,    -1,
      -1,    -1,    -1,    80,    -1,    -1,    -1,    -1,    -1,    -1,
      -1,    -1,    -1,    -1,    -1,    92,    93,    -1,    95,    -1,
      -1,    98,    99,     1,    -1,    -1,    -1,    -1,   105,   106,
     107,   108,    -1,    11,    -1,    13,    14,    15,    16,    17,
      -1,    -1,    20,    21,    22,    23,    24,    -1,    26,    27,
      28,    29,    30,    31,    -1,    -1,    -1,    -1,    -1,    -1,
      -1,    39,    -1,    -1,    54,    -1,    -1,    -1,    -1,    -1,
      -1,    61,    62,    63,    64,    53,    -1,    55,    56,    57,
      58,    59,    60,    -1,    -1,    -1,    -1,    65,    66,    67,
      68,    69,    70,    71,    72,    85,    86,    87,    88,    89,
      90,    91,    80,    -1,    -1,    -1,    96,    97,    -1,    -1,
     100,   101,   102,   103,    92,    93,    -1,    95,    -1,    -1,
      98,    99,     1,    -1,    -1,    -1,    -1,   105,   106,   107,
     108,    -1,    11,    -1,    13,    14,    15,    16,    17,    -1,
      -1,    20,    21,    22,    23,    24,    -1,    26,    27,    28,
      29,    30,    31,    -1,    -1,    -1,    -1,    -1,    -1,    -1,
      39,    -1,    -1,    -1,    -1,    -1,    -1,    61,    62,    63,
      64,    -1,    -1,    -1,    53,    -1,    55,    56,    57,    58,
      59,    60,    -1,    -1,    -1,    -1,    65,    66,    67,    68,
      69,    70,    71,    72,    88,    89,    90,    91,    -1,    -1,
      -1,    80,    96,    97,    -1,    -1,   100,   101,   102,   103,
      -1,    -1,    -1,    92,    93,    -1,    95,    -1,    -1,    98,
      99,    -1,    -1,    -1,    -1,   104,   105,    -1,   107,   108,
       9,    -1,    11,    -1,    13,    14,    15,    16,    17,    -1,
      -1,    20,    21,    22,    23,    24,    25,    26,    27,    28,
      29,    30,    31,    -1,    -1,    -1,    -1,    -1,    -1,    -1,
      39,    -1,    -1,    -1,    -1,    -1,    -1,    61,    62,    63,
      64,    -1,    -1,    -1,    53,    -1,    55,    56,    57,    58,
      59,    60,    -1,    -1,    -1,    -1,    65,    66,    67,    68,
      69,    70,    71,    72,    -1,    89,    90,    91,    -1,    -1,
      -1,    80,    96,    97,    -1,    -1,   100,   101,   102,   103,
      -1,    -1,    -1,    92,    93,    -1,    95,    -1,    -1,    98,
      99,    -1,    -1,    -1,    -1,    -1,   105,    -1,   107,   108,
       9,    -1,    11,    -1,    13,    14,    15,    16,    17,    -1,
      -1,    20,    21,    22,    23,    24,    -1,    26,    27,    28,
      29,    30,    31,    -1,    -1,    -1,    -1,    -1,    -1,    -1,
      39,    -1,    -1,    -1,    -1,    -1,    -1,    61,    62,    63,
      64,    -1,    -1,    -1,    53,    -1,    55,    56,    57,    58,
      59,    60,    -1,    -1,    -1,    -1,    65,    66,    67,    68,
      69,    70,    71,    72,    -1,    -1,    90,    91,    -1,    -1,
      -1,    80,    96,    97,    -1,    -1,   100,   101,   102,   103,
      -1,    -1,    -1,    92,    93,    -1,    95,    -1,    -1,    98,
      99,    -1,    -1,    -1,    -1,    -1,   105,    -1,   107,   108,
      11,    12,    13,    14,    15,    16,    17,    -1,    -1,    20,
      21,    22,    23,    24,    -1,    26,    27,    28,    29,    30,
      31,    -1,    -1,    -1,    -1,    -1,    -1,    -1,    39,    -1,
      -1,    -1,    -1,    -1,    -1,    61,    62,    63,    64,    -1,
      -1,    -1,    53,    -1,    55,    56,    57,    58,    59,    60,
      -1,    -1,    -1,    -1,    65,    66,    67,    68,    69,    70,
      71,    72,    -1,    -1,    90,    91,    -1,    -1,    -1,    80,
      96,    97,    -1,    -1,   100,   101,   102,   103,    -1,    -1,
      -1,    92,    93,    -1,    95,    -1,    -1,    98,    99,    -1,
      -1,    -1,    -1,    -1,   105,    -1,   107,   108,    11,    -1,
      13,    14,    15,    16,    17,    -1,    -1,    20,    21,    22,
      23,    24,    -1,    26,    27,    28,    29,    30,    31,    -1,
      -1,    -1,    -1,    -1,    -1,    -1,    39,    42,    43,    44,
      45,    -1,    -1,    -1,    49,    -1,    51,    -1,    -1,    -1,
      53,    -1,    55,    56,    57,    58,    59,    60,    -1,    -1,
      -1,    -1,    65,    66,    67,    68,    69,    70,    71,    72,
      -1,    -1,    77,    78,    79,    -1,    -1,    80,    -1,    -1,
      -1,    -1,    -1,    -1,    -1,    -1,    -1,    -1,    -1,    92,
      93,    -1,    95,    -1,    -1,    98,    99,    -1,    -1,    -1,
      -1,    -1,   105,   106,   107,   108,    11,    -1,    13,    14,
      15,    16,    17,    -1,    -1,    20,    21,    22,    23,    24,
      -1,    26,    27,    28,    29,    30,    31,    -1,    -1,    -1,
      -1,    -1,    -1,    -1,    39,    -1,    -1,    -1,    -1,    -1,
      -1,    -1,    -1,    -1,    -1,    -1,    -1,    -1,    53,    -1,
      55,    56,    57,    58,    59,    60,    -1,    -1,    -1,    -1,
      65,    66,    67,    68,    69,    70,    71,    72,    -1,    -1,
      -1,    -1,    -1,    -1,    -1,    80,    -1,    -1,    -1,    -1,
      -1,    -1,    -1,    -1,    -1,    -1,    -1,    92,    93,    -1,
      95,    -1,    -1,    98,    99,    -1,    -1,    -1,    -1,   104,
     105,    -1,   107,   108,    11,    -1,    13,    14,    15,    16,
      17,    -1,    -1,    20,    21,    22,    23,    24,    -1,    26,
      27,    28,    29,    30,    31,    -1,    -1,    -1,    -1,    -1,
      -1,    -1,    39,    -1,    -1,    -1,    -1,    -1,    -1,    -1,
      -1,    -1,    -1,    -1,    -1,    -1,    53,    -1,    55,    56,
      57,    58,    59,    60,    -1,    -1,    -1,    -1,    65,    66,
      67,    68,    69,    70,    71,    72,    -1,    -1,    -1,    -1,
      -1,    -1,    -1,    80,    -1,    -1,    -1,    -1,    -1,    -1,
      -1,    -1,    -1,    -1,    -1,    92,    93,    -1,    95,    -1,
      -1,    98,    99,    -1,    -1,    -1,    -1,   104,   105,    -1,
     107,   108,    11,    -1,    13,    14,    15,    16,    17,    -1,
      -1,    20,    21,    22,    23,    24,    -1,    26,    27,    28,
      29,    30,    31,    -1,    -1,    -1,    -1,    -1,    -1,    -1,
      39,    -1,    -1,    -1,    -1,    -1,    -1,    -1,    -1,    -1,
      -1,    -1,    -1,    -1,    53,    -1,    55,    56,    57,    58,
      59,    60,    -1,    -1,    -1,    -1,    65,    66,    67,    68,
      69,    70,    71,    72,    -1,    -1,    -1,    -1,    -1,    -1,
      -1,    80,    -1,    -1,    -1,    -1,    -1,    -1,    -1,    -1,
      -1,    -1,    -1,    92,    93,    -1,    95,    -1,    -1,    98,
      99,    -1,    -1,    -1,    -1,   104,   105,    -1,   107,   108,
      11,    -1,    13,    14,    15,    16,    17,    -1,    -1,    20,
      21,    22,    23,    24,    -1,    26,    27,    28,    29,    30,
      31,    -1,    -1,    -1,    -1,    -1,    -1,    -1,    39,    -1,
      -1,    -1,    -1,    -1,    -1,    -1,    -1,    -1,    -1,    -1,
      -1,    -1,    53,    -1,    55,    56,    57,    58,    59,    60,
      -1,    -1,    -1,    -1,    65,    66,    67,    68,    69,    70,
      71,    72,    -1,    -1,    -1,    -1,    -1,    -1,    -1,    80,
      -1,    -1,    -1,    -1,    -1,    -1,    -1,    -1,    -1,    -1,
      -1,    92,    93,    -1,    95,    -1,    -1,    98,    99,    -1,
      -1,    -1,    -1,   104,   105,    -1,   107,   108,    11,    -1,
      13,    14,    15,    16,    17,    -1,    -1,    20,    21,    22,
      23,    24,    -1,    26,    27,    28,    29,    30,    31,    -1,
      -1,    -1,    -1,    -1,    -1,    -1,    39,    -1,    -1,    -1,
      -1,    -1,    -1,    -1,    -1,    -1,    -1,    -1,    -1,    -1,
      53,    -1,    55,    56,    57,    58,    59,    60,    -1,    -1,
      -1,    -1,    65,    66,    67,    68,    69,    70,    71,    72,
      -1,    -1,    -1,    -1,    -1,    -1,    -1,    80,    -1,    -1,
      -1,    -1,    -1,    -1,    -1,    -1,    -1,    -1,    -1,    92,
      93,    -1,    95,    -1,    -1,    98,    99,    -1,    -1,    -1,
      -1,   104,   105,    -1,   107,   108,    11,    -1,    13,    14,
      15,    16,    17,    -1,    -1,    20,    21,    22,    23,    24,
      -1,    26,    27,    28,    29,    30,    31,    -1,    -1,    -1,
      -1,    -1,    -1,    -1,    39,    -1,    -1,    -1,    -1,    -1,
      -1,    -1,    -1,    -1,    -1,    -1,    -1,    -1,    53,    -1,
      55,    56,    57,    58,    59,    60,    -1,    -1,    -1,    -1,
      65,    66,    67,    68,    69,    70,    71,    72,    -1,    -1,
      -1,    -1,    -1,    -1,    -1,    80,    -1,    -1,    -1,    -1,
      -1,    -1,    -1,    -1,    -1,    -1,    -1,    92,    93,    -1,
      95,    -1,    -1,    98,    99,    -1,    -1,    -1,    -1,   104,
     105,    -1,   107,   108,    11,    -1,    13,    14,    15,    16,
      17,    -1,    -1,    20,    21,    22,    23,    24,    -1,    26,
      27,    28,    29,    30,    31,    -1,    -1,    -1,    -1,    -1,
      -1,    -1,    39,    -1,    -1,    -1,    -1,    -1,    -1,    -1,
      -1,    -1,    -1,    -1,    -1,    -1,    53,    -1,    55,    56,
      57,    58,    59,    60,    -1,    -1,    -1,    -1,    65,    66,
      67,    68,    69,    70,    71,    72,    -1,    -1,    -1,    -1,
      -1,    -1,    -1,    80,    -1,    -1,    -1,    -1,    -1,    -1,
      -1,    -1,    -1,    -1,    -1,    92,    93,    -1,    95,    -1,
      -1,    98,    99,    -1,    -1,    -1,    -1,   104,   105,    -1,
     107,   108,    11,    -1,    13,    14,    15,    16,    17,    -1,
      -1,    20,    21,    22,    23,    24,    -1,    26,    27,    28,
      29,    30,    31,    -1,    -1,    -1,    -1,    -1,    -1,    -1,
      39,    -1,    -1,    -1,    -1,    -1,    -1,    -1,    -1,    -1,
      -1,    -1,    -1,    -1,    53,    -1,    55,    56,    57,    58,
      59,    60,    -1,    -1,    -1,    -1,    65,    66,    67,    68,
      69,    70,    71,    72,    -1,    -1,    -1,    -1,    -1,    -1,
      -1,    80,    -1,    -1,    -1,    -1,    -1,    -1,    -1,    -1,
      -1,    -1,    -1,    92,    93,    -1,    95,    -1,    -1,    98,
      99,    -1,    -1,    -1,    -1,    -1,   105,    -1,   107,   108,
      11,    -1,    13,    14,    15,    16,    17,    -1,    -1,    20,
      21,    22,    23,    24,    -1,    26,    27,    28,    29,    30,
      31,    -1,    -1,    -1,    -1,    -1,    -1,    -1,    39,    -1,
      -1,    -1,    -1,    -1,    -1,    -1,    -1,    -1,    -1,    -1,
      -1,    -1,    53,    -1,    55,    56,    57,    58,    59,    60,
      -1,    -1,    -1,    -1,    65,    66,    67,    68,    69,    70,
      71,    72,    -1,    -1,    -1,    -1,    -1,    -1,    -1,    80,
      54,    -1,    -1,    -1,    -1,    -1,    -1,    61,    62,    63,
      64,    92,    93,    -1,    95,    -1,    -1,    98,    99,    -1,
      -1,    -1,    -1,    -1,   105,    -1,   107,   108,    82,    83,
      84,    85,    86,    87,    88,    89,    90,    91,    -1,    -1,
      -1,    -1,    96,    97,    54,    -1,   100,   101,   102,   103,
      -1,    61,    62,    63,    64,    -1,    -1,    -1,    -1,    -1,
      -1,    -1,    -1,    -1,    -1,    -1,    -1,    -1,    -1,    -1,
      -1,    -1,    82,    83,    -1,    85,    86,    87,    88,    89,
      90,    91,    -1,    -1,    -1,    -1,    96,    97,    54,    -1,
     100,   101,   102,   103,    -1,    61,    62,    63,    64,    -1,
      -1,    -1,    -1,    -1,    -1,    -1,    -1,    -1,    -1,    -1,
      -1,    -1,    -1,    -1,    -1,    -1,    -1,    83,    -1,    85,
      86,    87,    88,    89,    90,    91,    -1,    -1,    -1,    -1,
      96,    97,    -1,    -1,   100,   101,   102,   103
};

  /* YYSTOS[STATE-NUM] -- The (internal number of the) accessing
     symbol of state STATE-NUM.  */
static const yytype_uint8 yystos[] =
{
       0,     3,     4,     5,     6,     7,     8,   111,   112,   113,
     114,   115,   116,   117,     0,   120,    11,    13,    14,    15,
      16,    17,    20,    21,    22,    23,    24,    26,    27,    28,
      29,    30,    31,    39,    53,    55,    56,    57,    58,    59,
      60,    65,    66,    67,    68,    69,    70,    71,    72,    80,
      92,    93,    95,    98,    99,   105,   107,   108,   161,   162,
     163,   166,   167,   168,   169,   170,   171,   173,   177,   185,
     186,   187,   189,   190,   191,   192,   193,   194,     9,   118,
       1,    32,    33,    35,    36,    37,    38,    40,    41,    42,
      43,    44,    45,    49,    50,    51,    52,   106,   118,   127,
     140,   150,   161,    34,   125,   126,   127,   123,   123,    12,
     161,   171,   171,    20,    25,   118,   186,   195,   195,   195,
     195,   195,   172,    11,   105,   171,   152,   152,   171,   105,
     105,   105,   118,   171,    20,   162,   176,   186,   195,   195,
     118,   171,   106,   161,    20,    25,   154,   171,    15,    95,
     105,   174,   186,   187,   188,   189,   175,   186,   187,   188,
     189,   171,   162,   171,   171,   171,   171,   171,   104,   161,
     195,   195,    77,    78,    79,    81,     9,    11,   105,    54,
      61,    62,    63,    64,    82,    83,    85,    86,    87,    88,
      89,    90,    91,    96,    97,   100,   101,   102,   103,   105,
       9,    11,     9,    11,     9,    11,     9,   120,     9,   153,
      20,   151,   105,   105,   105,   105,    70,    95,   105,   120,
     184,   186,   105,   105,   118,    48,   142,   106,   154,    42,
      43,    44,    45,    49,    51,   126,   127,   125,    12,   176,
     105,   105,   161,   104,   118,    23,   120,   155,   104,   104,
     161,   177,   195,   162,    10,   106,   176,    25,   105,   171,
     174,   186,   187,   189,   104,   161,    73,   157,   157,    11,
     104,   161,   161,   161,   171,   161,   161,   104,   161,   171,
     171,   171,   171,   171,   171,   171,   171,   171,   171,   171,
     171,   171,   171,   171,     9,    11,    15,    16,    17,    21,
      65,   105,   107,   108,   165,   186,   104,   161,   161,   161,
     161,   161,   161,   161,   161,   123,   120,    20,   149,    20,
     130,   120,   120,   120,   120,    95,   120,    70,   182,   183,
     185,   186,   187,   189,   120,    26,   120,    26,   105,   179,
     120,   120,   118,   151,   161,   146,   161,   161,   161,   161,
     161,   177,   162,    12,   164,   105,   158,    73,   156,   104,
     104,   161,    10,    11,   104,   161,   157,   104,    23,   161,
      11,   106,    12,   104,    84,   161,   161,   108,   108,   108,
     108,   104,   161,   108,   108,   105,   104,   106,    12,   106,
      12,   106,    12,   106,    10,   123,    18,   119,     9,   106,
      20,   145,   161,   146,   147,   161,   147,   181,   186,   105,
     140,   144,   147,   148,   161,   136,   182,   180,   120,   147,
     147,   128,   129,   104,   109,   178,   176,   159,   156,    23,
     118,   104,    23,   104,    12,   161,    10,   171,   106,    12,
     104,   177,    10,    10,    10,    10,    10,   120,   120,    20,
     104,   104,   104,   104,   179,   120,   104,   106,     9,   121,
     135,   105,   147,   104,   104,   155,   120,   161,   104,   104,
       9,    12,    12,    10,   104,   106,   137,   176,   143,   143,
     121,   121,   147,   147,   121,   131,   122,   142,   105,   104,
     121,   121,   156,   158,   123,    75,   123,   106,   121,   121,
      46,    47,   141,   141,   104,   104,   142,   145,   123,   147,
     134,   106,   118,   160,   156,    10,   124,    10,   142,   142,
     121,   105,   133,   121,   106,    10,   104,   121,     9,    23,
     106,   138,   147,   121,   142,   132,   121,   142,   123,    74,
     139,    19,   104,   142,   143,   142,    10,   123,   121,   148,
      75,   141,   104,   121
};

  /* YYR1[YYN] -- Symbol number of symbol that rule YYN derives.  */
static const yytype_uint8 yyr1[] =
{
       0,   110,   112,   111,   113,   111,   114,   111,   115,   111,
     116,   111,   117,   111,   118,   119,   120,   121,   122,   123,
     123,   124,   124,   125,   125,   126,   126,   127,   127,   128,
     127,   129,   127,   127,   130,   127,   127,   127,   127,   127,
     127,   127,   127,   131,   132,   127,   133,   127,   134,   127,
     135,   127,   127,   127,   136,   127,   127,   137,   127,   127,
     127,   127,   138,   139,   139,   140,   140,   140,   140,   140,
     140,   140,   140,   141,   141,   141,   142,   142,   143,   144,
     144,   145,   145,   146,   147,   148,   149,   149,   150,   150,
     150,   151,   152,   153,   154,   154,   155,   155,   156,   156,
     156,   157,   157,   159,   158,   160,   160,   161,   161,   161,
     161,   162,   162,   162,   163,   163,   163,   163,   163,   163,
     163,   163,   164,   163,   165,   165,   166,   166,   166,   166,
     166,   166,   166,   166,   166,   166,   166,   166,   166,   166,
     167,   167,   167,   167,   167,   167,   167,   167,   167,   167,
     167,   167,   167,   167,   168,   168,   168,   168,   168,   168,
     168,   168,   168,   168,   169,   169,   169,   169,   169,   169,
     170,   170,   171,   171,   171,   171,   171,   171,   171,   171,
     171,   171,   171,   171,   171,   171,   171,   171,   171,   171,
     171,   171,   171,   171,   171,   171,   171,   171,   171,   171,
     171,   171,   171,   171,   171,   171,   171,   171,   171,   171,
     171,   171,   171,   171,   171,   171,   171,   171,   171,   171,
     171,   172,   171,   171,   171,   171,   171,   173,   173,   173,
     173,   173,   174,   174,   174,   174,   174,   174,   175,   175,
     175,   175,   176,   176,   177,   177,   178,   178,   179,   180,
     179,   181,   182,   182,   182,   183,   183,   184,   184,   185,
     186,   187,   188,   189,   190,   190,   191,   192,   192,   193,
     193,   194,   194,   195,   195,   195,   195
};

  /* YYR2[YYN] -- Number of symbols on the right hand side of rule YYN.  */
static const yytype_uint8 yyr2[] =
{
       0,     2,     0,     4,     0,     3,     0,     3,     0,     3,
       0,     3,     0,     3,     4,     7,     0,     4,     0,     0,
       2,     0,     2,     1,     1,     2,     2,     1,     4,     0,
       7,     0,    10,     4,     0,     7,     7,     7,     6,     6,
       2,     8,     8,     0,     0,    13,     0,    10,     0,     9,
       0,    10,     9,     7,     0,     6,     2,     0,     8,     5,
       2,     1,     2,     0,     3,     1,     1,     3,     3,     3,
       3,     3,     3,     0,     2,     6,     0,     2,     0,     0,
       1,     0,     1,     1,     1,     1,     1,     0,     1,     1,
       1,     0,     0,     0,     1,     1,     0,     1,     0,     2,
       1,     2,     1,     0,     3,     1,     1,     3,     3,     3,
       1,     2,     3,     1,     3,     5,     6,     3,     3,     5,
       2,     4,     0,     5,     1,     1,     5,     4,     5,     4,
       5,     6,     5,     4,     5,     4,     3,     6,     4,     5,
       3,     3,     3,     3,     3,     3,     3,     3,     3,     3,
       3,     3,     3,     3,     2,     2,     2,     2,     2,     2,
       2,     2,     2,     2,     3,     2,     4,     3,     5,     8,
       2,     2,     1,     1,     1,     1,     5,     2,     3,     1,
       2,     3,     1,     2,     1,     1,     1,     1,     1,     1,
       4,     4,     5,     5,     1,     1,     3,     4,     3,     4,
       4,     4,     4,     4,     1,     2,     2,     1,     2,     2,
       1,     2,     1,     2,     1,     3,     1,     3,     1,     3,
       4,     0,     6,     1,     1,     1,     1,     3,     2,     3,
       2,     4,     3,     2,     1,     1,     1,     1,     1,     1,
       1,     1,     0,     1,     0,     1,     0,     2,     1,     0,
       3,     1,     1,     1,     1,     1,     1,     2,     2,     2,
       2,     2,     5,     2,     2,     4,     2,     1,     3,     1,
       3,     1,     3,     1,     1,     1,     1
};

typedef enum {
	toketype_ival, toketype_opval, toketype_pval
} toketypes;

/* type of each token/terminal */
static const toketypes yy_type_tab[] =
{
  toketype_ival, toketype_ival, toketype_ival, toketype_ival, toketype_ival, toketype_ival,
  toketype_ival, toketype_ival, toketype_ival, toketype_ival, toketype_ival, toketype_ival,
  toketype_ival, toketype_ival, toketype_ival, toketype_ival, toketype_ival, toketype_ival, toketype_ival, toketype_ival, toketype_opval,
  toketype_opval, toketype_opval, toketype_opval, toketype_opval, toketype_opval, toketype_opval,
  toketype_opval, toketype_opval, toketype_opval, toketype_opval, toketype_opval, toketype_opval,
  toketype_opval, toketype_pval, toketype_ival, toketype_ival, toketype_ival, toketype_ival,
  toketype_ival, toketype_ival, toketype_ival, toketype_ival, toketype_ival, toketype_ival, toketype_ival, toketype_ival,
  toketype_ival, toketype_ival, toketype_ival, toketype_ival, toketype_ival, toketype_ival, toketype_ival,
  toketype_ival, toketype_ival, toketype_ival, toketype_ival, toketype_ival, toketype_ival, toketype_ival,
  toketype_ival, toketype_ival, toketype_ival, toketype_ival, toketype_ival, toketype_ival, toketype_ival,
  toketype_ival, toketype_ival, toketype_ival, toketype_ival, toketype_ival, toketype_ival, toketype_ival,
  toketype_ival, toketype_ival, toketype_ival, toketype_ival, toketype_ival, toketype_ival, toketype_ival,
  toketype_ival, toketype_ival, toketype_ival, toketype_ival, toketype_ival, toketype_ival, toketype_ival,
  toketype_ival, toketype_ival, toketype_ival, toketype_ival, toketype_ival, toketype_ival, toketype_ival,
  toketype_ival, toketype_ival, toketype_ival, toketype_ival, toketype_ival, toketype_ival, toketype_ival,
  toketype_ival, toketype_ival, toketype_ival, toketype_ival, toketype_ival, toketype_ival, toketype_ival, toketype_ival, toketype_ival,
  toketype_ival, toketype_ival, toketype_ival, toketype_ival, toketype_ival, toketype_ival, toketype_opval, toketype_opval,
  toketype_ival, toketype_opval, toketype_ival, toketype_opval, toketype_opval, toketype_opval,
  toketype_opval, toketype_opval, toketype_ival, toketype_ival, toketype_ival, toketype_ival, toketype_ival, toketype_ival,
  toketype_ival, toketype_ival, toketype_ival, toketype_ival, toketype_opval, toketype_opval, toketype_opval, toketype_opval,
  toketype_opval, toketype_ival, toketype_opval, toketype_opval, toketype_opval, toketype_opval, toketype_opval,
  toketype_opval, toketype_ival, toketype_ival, toketype_ival, toketype_ival,
  toketype_opval, toketype_opval, toketype_opval, toketype_opval, toketype_opval, toketype_ival,
  toketype_opval, toketype_opval, toketype_opval, toketype_opval, toketype_ival, toketype_opval,
  toketype_opval, toketype_opval, toketype_opval, toketype_opval, toketype_opval, toketype_opval,
  toketype_ival, toketype_opval, toketype_opval, toketype_opval, toketype_opval, toketype_opval,
  toketype_opval, toketype_ival, toketype_ival, toketype_opval, toketype_opval, toketype_opval,
  toketype_ival, toketype_opval, toketype_opval, toketype_opval, toketype_opval, toketype_opval, toketype_opval,
  toketype_opval, toketype_opval, toketype_opval, toketype_opval, toketype_opval
};

/* Generated from:
 * e06ce28aa0b58da54828e69d8e65938c79c280a90303d63f2678e2e8dd186158 perly.y
 * 34c0653ef7c691f2b4ac71336f4ea94e2bd925344002392f88ceeb0b435555fa regen_perly.pl
 * ex: set ro: */
