/* ex: set ro ft=c: -*- mode: c; buffer-read-only: t -*-
   !!!!!!!   DO NOT EDIT THIS FILE   !!!!!!!
   This file is built by regen_perly.pl from perly.y.
   Any changes made here will be lost!
 */

#define YYFINAL  14
/* YYLAST -- Last index in YYTABLE.  */
#define YYLAST   3594

/* YYNTOKENS -- Number of terminals.  */
#define YYNTOKENS  113
/* YYNNTS -- Number of nonterminals.  */
#define YYNNTS  88
/* YYNRULES -- Number of rules.  */
#define YYNRULES  282
/* YYNSTATES -- Number of states.  */
#define YYNSTATES  574

/* YYTRANSLATE[YYX] -- Symbol number corresponding to YYX as returned
   by yylex, with out-of-bounds checking.  */
#define YYUNDEFTOK  2
#define YYMAXUTOK   345

#define YYTRANSLATE(YYX)                                                \
  ((unsigned int) (YYX) <= YYMAXUTOK ? yytranslate[YYX] : YYUNDEFTOK)

/* YYTRANSLATE[TOKEN-NUM] -- Symbol number corresponding to TOKEN-NUM
   as returned by yylex, without out-of-bounds checking.  */
static const yytype_uint8 yytranslate[] =
{
       0,     2,     2,     2,     2,     2,     2,     2,     2,     2,
       2,     2,     2,     2,     2,     2,     2,     2,     2,     2,
       2,     2,     2,     2,     2,     2,     2,     2,     2,     2,
       2,     2,     2,    95,     2,     2,   110,    16,    17,     2,
     108,   107,   111,    14,    84,    13,    19,   112,     2,     2,
       2,     2,     2,     2,     2,     2,     2,     2,    87,   109,
       2,    18,     2,    86,    15,     2,     2,     2,     2,     2,
       2,     2,     2,     2,     2,     2,     2,     2,     2,     2,
       2,     2,     2,     2,     2,     2,     2,     2,     2,     2,
       2,    11,     2,    12,     2,     2,     2,     2,     2,     2,
       2,     2,     2,     2,     2,     2,     2,     2,     2,     2,
       2,     2,     2,     2,     2,     2,     2,     2,     2,     2,
       2,     2,     2,     9,     2,    10,    96,     2,     2,     2,
       2,     2,     2,     2,     2,     2,     2,     2,     2,     2,
       2,     2,     2,     2,     2,     2,     2,     2,     2,     2,
       2,     2,     2,     2,     2,     2,     2,     2,     2,     2,
       2,     2,     2,     2,     2,     2,     2,     2,     2,     2,
       2,     2,     2,     2,     2,     2,     2,     2,     2,     2,
       2,     2,     2,     2,     2,     2,     2,     2,     2,     2,
       2,     2,     2,     2,     2,     2,     2,     2,     2,     2,
       2,     2,     2,     2,     2,     2,     2,     2,     2,     2,
       2,     2,     2,     2,     2,     2,     2,     2,     2,     2,
       2,     2,     2,     2,     2,     2,     2,     2,     2,     2,
       2,     2,     2,     2,     2,     2,     2,     2,     2,     2,
       2,     2,     2,     2,     2,     2,     2,     2,     2,     2,
       2,     2,     2,     2,     2,     2,     1,     2,     3,     4,
       5,     6,     7,     8,    20,    21,    22,    23,    24,    25,
      26,    27,    28,    29,    30,    31,    32,    33,    34,    35,
      36,    37,    38,    39,    40,    41,    42,    43,    44,    45,
      46,    47,    48,    49,    50,    51,    52,    53,    54,    55,
      56,    57,    58,    59,    60,    61,    62,    63,    64,    65,
      66,    67,    68,    69,    70,    71,    72,    73,    74,    75,
      76,    77,    78,    79,    80,    81,    82,    83,    85,    88,
      89,    90,    91,    92,    93,    94,    97,    98,    99,   100,
     101,   102,   103,   104,   105,   106
};

#if YYDEBUG
  /* YYRLINE[YYN] -- Source line where rule number YYN was defined.  */
static const yytype_uint16 yyrline[] =
{
       0,   118,   118,   117,   129,   128,   139,   138,   152,   151,
     165,   164,   178,   177,   190,   198,   206,   210,   218,   224,
     225,   235,   236,   245,   249,   253,   257,   264,   266,   276,
     275,   309,   308,   352,   360,   359,   368,   374,   380,   391,
     393,   395,   402,   410,   412,   409,   430,   429,   437,   436,
     445,   444,   454,   462,   469,   468,   476,   483,   482,   498,
     497,   508,   510,   514,   522,   540,   541,   546,   548,   550,
     552,   554,   556,   558,   561,   567,   568,   573,   584,   585,
     591,   597,   598,   603,   606,   610,   615,   619,   623,   624,
     627,   628,   629,   633,   638,   643,   648,   649,   654,   655,
     660,   661,   663,   668,   670,   676,   675,   694,   695,   699,
     701,   703,   705,   709,   711,   716,   720,   724,   728,   734,
     739,   745,   751,   753,   756,   755,   766,   767,   771,   775,
     778,   783,   788,   791,   795,   799,   802,   807,   811,   814,
     816,   818,   823,   825,   827,   832,   837,   839,   841,   843,
     845,   847,   849,   851,   853,   855,   857,   862,   864,   867,
     869,   871,   874,   877,   888,   891,   894,   901,   903,   905,
     907,   909,   912,   931,   933,   937,   938,   939,   940,   941,
     943,   945,   947,   949,   951,   953,   955,   957,   959,   961,
     963,   965,   967,   969,   979,   989,   999,  1009,  1011,  1013,
    1016,  1021,  1025,  1027,  1029,  1031,  1034,  1036,  1039,  1041,
    1043,  1045,  1047,  1049,  1051,  1053,  1055,  1058,  1060,  1062,
    1064,  1066,  1068,  1072,  1075,  1074,  1087,  1088,  1089,  1094,
    1098,  1100,  1102,  1104,  1106,  1108,  1118,  1130,  1132,  1135,
    1137,  1139,  1141,  1147,  1149,  1151,  1153,  1158,  1160,  1165,
    1166,  1171,  1172,  1176,  1179,  1178,  1186,  1190,  1191,  1192,
    1195,  1196,  1199,  1200,  1203,  1207,  1211,  1217,  1245,  1259,
    1265,  1267,  1271,  1275,  1276,  1280,  1281,  1285,  1286,  1291,
    1293,  1295,  1298
};
#endif

#if 1 /* YYDEBUG || YYERROR_VERBOSE || 0 */
/* YYTNAME[SYMBOL-NUM] -- String name of the symbol SYMBOL-NUM.
   First, the terminals, then, starting at YYNTOKENS, nonterminals.  */
static const char *const yytname[] =
{
  "$end", "error", "$undefined", "GRAMPROG", "GRAMEXPR", "GRAMBLOCK",
  "GRAMBARESTMT", "GRAMFULLSTMT", "GRAMSTMTSEQ", "'{'", "'}'", "'['",
  "']'", "'-'", "'+'", "'@'", "'%'", "'&'", "'='", "'.'", "BAREWORD",
  "METHOD", "FUNCMETH", "THING", "PMFUNC", "PRIVATEREF", "QWLIST",
  "FUNC0OP", "FUNC0SUB", "UNIOPSUB", "LSTOPSUB", "PLUGEXPR", "PLUGSTMT",
  "CLASSDECL", "MACRODEF", "LABEL", "MACRO", "FORMAT", "SUB", "METHDECL",
  "MULTIDECL", "ANONSUB", "PACKAGE", "USE", "WHILE", "UNTIL", "IF",
  "UNLESS", "ELSE", "ELSIF", "CONTINUE", "FOR", "GIVEN", "WHEN", "DEFAULT",
  "LOOPEX", "DOTDOT", "YADAYADA", "FUNC0", "FUNC1", "FUNC", "UNIOP",
  "LSTOP", "RELOP", "EQOP", "MULOP", "UNIMULOP", "ADDOP", "DOLSHARP", "DO",
  "HASHBRACK", "NOAMP", "LOCAL", "MY", "HAS", "REQUIRE", "COLONATTR",
  "FORMLBRACK", "FORMRBRACK", "PREC_LOW", "OROP", "DOROP", "ANDOP",
  "NOTOP", "','", "ASSIGNOP", "'?'", "':'", "OROR", "DORDOR", "ANDAND",
  "BITOROP", "BITANDOP", "SHIFTOP", "MATCHOP", "'!'", "'~'", "UMINUS",
  "REFGEN", "POWOP", "POWCOP", "PREINC", "PREDEC", "POSTINC", "POSTDEC",
  "POSTJOIN", "ARROW", "')'", "'('", "';'", "'$'", "'*'", "'/'", "$accept",
  "grammar", "@1", "@2", "@3", "@4", "@5", "@6", "block", "formblock",
  "remember", "mblock", "mremember", "stmtseq", "formstmtseq", "fullstmt",
  "labfullstmt", "barestmt", "$@7", "$@8", "$@9", "$@10", "$@11", "$@12",
  "$@13", "@14", "$@15", "$@16", "$@17", "formline", "formarg", "sideff",
  "else", "cont", "mintro", "nexpr", "texpr", "iexpr", "mexpr", "mnexpr",
  "formname", "subdecl", "startsub", "startanonsub", "startformsub",
  "subname", "proto", "subattrlist", "myattrlist", "subsignature", "@18",
  "optsubbody", "expr", "listexpr", "listop", "@19", "method",
  "subscripted", "termbinop", "termunop", "anonymous", "termdo", "term",
  "@20", "myattrterm", "myterm", "hasterm", "optlistexpr", "optexpr",
  "optrepl", "lpar_or_qw", "$@21", "my_scalar", "my_var", "refgen_topic",
  "my_refgen", "amper", "scalar", "ary", "sizearydecl",
  "computedsizearydecl", "hsh", "arylen", "star", "sliceme", "kvslice",
  "gelem", "indirob", YY_NULLPTR
};
#endif

# ifdef YYPRINT
/* YYTOKNUM[NUM] -- (External) token number corresponding to the
   (internal) symbol number NUM (which must be that of a token).  */
static const yytype_uint16 yytoknum[] =
{
       0,   256,   257,   258,   259,   260,   261,   262,   263,   123,
     125,    91,    93,    45,    43,    64,    37,    38,    61,    46,
     264,   265,   266,   267,   268,   269,   270,   271,   272,   273,
     274,   275,   276,   277,   278,   279,   280,   281,   282,   283,
     284,   285,   286,   287,   288,   289,   290,   291,   292,   293,
     294,   295,   296,   297,   298,   299,   300,   301,   302,   303,
     304,   305,   306,   307,   308,   309,   310,   311,   312,   313,
     314,   315,   316,   317,   318,   319,   320,   321,   322,   323,
     324,   325,   326,   327,    44,   328,    63,    58,   329,   330,
     331,   332,   333,   334,   335,    33,   126,   336,   337,   338,
     339,   340,   341,   342,   343,   344,   345,    41,    40,    59,
      36,    42,    47
};
# endif

#define YYPACT_NINF -476

#define yypact_value_is_default(Yystate) \
  (!!((Yystate) == (-476)))

#define YYTABLE_NINF -278

#define yytable_value_is_error(Yytable_value) \
  (!!((Yytable_value) == (-278)))

  /* YYPACT[STATE-NUM] -- Index in YYTABLE of the portion describing
     STATE-NUM.  */
static const yytype_int16 yypact[] =
{
     568,  -476,  -476,  -476,  -476,  -476,  -476,    31,  -476,  3203,
      37,  1765,  1662,  -476,  -476,  -476,  2294,  3203,  3203,    58,
      58,    58,  -476,    58,    58,  -476,  -476,    68,   -26,  -476,
    3203,  -476,  -476,  -476,  3203,  -476,    -8,    -3,    23,  2193,
    2090,    58,  2193,  2395,    70,  3203,    11,    39,  3203,  3203,
    3203,  3203,  3203,  3203,  3203,  2496,    58,    58,   151,     8,
    -476,     3,  -476,  -476,  -476,  -476,  3398,  -476,  -476,    40,
     283,   291,   311,  -476,    72,   320,   348,   161,  -476,  -476,
    -476,  -476,   170,   152,  -476,  -476,  -476,  -476,   182,  -476,
     111,   119,   126,   135,   169,   136,   140,    37,  -476,   199,
    -476,   143,    70,  2191,  1662,  -476,  -476,  -476,   735,   838,
    -476,    54,   157,   157,  -476,  -476,  -476,  -476,  -476,  -476,
    -476,  3203,   145,   158,  3203,   168,   562,    37,    -7,  3398,
     202,  2597,  2090,  -476,   562,   625,     8,  -476,   514,  3203,
    -476,  -476,   562,   255,   192,  -476,  -476,  3203,   562,    64,
    3304,  2698,   219,  -476,  -476,  -476,   -15,  -476,    77,   219,
    -476,  -476,  -476,  -476,   562,     8,   157,   157,   157,   193,
     193,   265,   148,  -476,  -476,  3203,  3203,  3203,  3203,  3203,
    3203,  2799,  3203,  3203,  3203,  3203,  3203,  3203,  3203,  3203,
    3203,  3203,  3203,  3203,  3203,  3203,  3203,  3203,  -476,  -476,
    -476,  -476,    36,  2900,  3203,  3203,  3203,  3203,  3203,  3203,
    3203,  -476,  -476,    37,   286,   293,  -476,  -476,  -476,  -476,
    -476,   218,    33,  -476,   302,  -476,    -5,  -476,  -476,  -476,
      37,  -476,  -476,  -476,  3203,  3203,  3203,  3203,  3203,  3203,
    -476,  -476,  -476,  -476,  -476,  3203,  3203,    59,  -476,  -476,
    -476,   209,   268,  -476,  -476,   203,   239,  3203,     8,  -476,
     340,  -476,   356,  3001,   157,   219,    99,   174,   213,  -476,
     256,   333,  -476,   272,   298,   374,  -476,  3203,   375,   327,
     327,  -476,  3398,   309,   108,  -476,   288,  3488,  1954,   382,
     428,  -476,  1806,  3398,  3353,  1853,  1853,   446,   308,   580,
    2029,   157,   157,  3203,  3203,   299,   317,   318,  -476,   319,
    3102,    49,   323,   314,  -476,  -476,   502,   312,   112,   324,
     116,   335,   133,   345,   941,  -476,  -476,  -476,   401,    -2,
     400,  3203,  3203,  3203,  3203,  -476,   321,  -476,  -476,   328,
    -476,  -476,  -476,  -476,  1867,  -476,    48,  -476,  -476,  -476,
    3203,  3203,  -476,   329,   151,  -476,   151,   151,   151,   151,
     151,   332,   -47,  -476,  3203,  -476,   268,   418,    37,  -476,
    -476,   505,  -476,    65,    51,   508,  -476,  -476,  -476,  3203,
     334,   420,   188,  3203,   440,  -476,  -476,  3203,   398,   200,
    -476,  -476,  -476,  -476,  -476,   550,  -476,  -476,  3203,  -476,
     443,  -476,   467,  -476,   474,  -476,   479,  -476,  -476,  -476,
    -476,  -476,  -476,   472,   388,   151,   389,   390,   151,   391,
      -5,  -476,  -476,  -476,  -476,   393,   395,   296,   493,  -476,
     407,  3203,   409,   410,   496,  -476,  -476,  3203,   413,  -476,
     414,   515,  -476,  -476,  -476,  -476,   517,    74,   -16,  3203,
    -476,   206,  -476,  3443,   520,  -476,  -476,   434,  -476,  -476,
    -476,  -476,  1044,   426,  -476,  3203,  -476,  -476,   493,   493,
    3203,  3203,   493,  -476,  -476,   199,   436,  -476,   447,   493,
     493,   268,   209,   151,  -476,  -476,  -476,  -476,  -476,    46,
    -476,  -476,  -476,  -476,   475,  -476,   453,   493,   493,    89,
      89,   448,   449,   199,  3203,  -476,  -476,  3203,  -476,  -476,
    -476,     4,   268,  1147,  -476,  -476,  1250,  -476,   199,   199,
     493,   456,  -476,  -476,  -476,   493,  -476,   457,  1353,   461,
     493,  -476,  -476,  -476,   560,  -476,    57,  -476,  -476,  -476,
    -476,  3203,   493,   199,  -476,  -476,   493,   199,  -476,   516,
     572,  -476,   485,   199,  -476,  -476,   199,  -476,  1456,  -476,
    -476,  -476,   493,  -476,  1969,  -476,  -476,  1559,    89,   490,
    -476,  -476,   493,  -476
};

  /* YYDEFACT[STATE-NUM] -- Default reduction number in state STATE-NUM.
     Performed when YYTABLE does not specify something else to do.  Zero
     means the default is an error.  */
static const yytype_uint16 yydefact[] =
{
       0,     2,     4,     6,     8,    10,    12,     0,    16,   249,
       0,     0,     0,    19,     1,    19,     0,     0,     0,     0,
       0,     0,   226,     0,     0,   197,   224,   185,   219,   221,
     215,    94,   229,    94,   207,   228,   217,     0,     0,   210,
     247,     0,     0,     0,     0,     0,     0,     0,   213,     0,
       0,     0,     0,     0,     0,     0,     0,     0,   250,   112,
     227,   192,   175,   176,   177,   178,   115,   182,     5,   198,
     187,   190,   189,   191,   188,     0,     0,     0,    16,     7,
      67,    27,     0,     0,    95,    90,    91,    92,     0,    93,
       0,     0,     0,     0,    16,     0,     0,     0,    63,    78,
       9,     0,     0,    68,     0,    11,    24,    23,     0,     0,
     168,     0,   157,   158,   279,   282,   281,   280,   266,   269,
     264,   247,     0,     0,     0,     0,   216,     0,    98,   208,
       0,     0,   249,   211,   212,   279,   248,   122,   280,     0,
     270,   174,   173,     0,     0,    96,    97,   247,   183,     0,
       0,     0,   231,   239,   242,   241,     0,   240,     0,   233,
     243,   246,   245,   244,   214,   209,   159,   160,   180,   165,
     166,   186,     0,   265,   272,     0,     0,     0,   113,     0,
       0,     0,     0,     0,     0,     0,     0,     0,     0,     0,
       0,     0,     0,     0,     0,     0,     0,     0,   164,   161,
     162,   163,     0,     0,     0,     0,     0,     0,     0,     0,
       0,    19,    16,     0,    89,     0,    34,    16,    16,    16,
      16,    16,     0,    16,     0,    16,     0,    16,    16,    40,
       0,    56,    62,    93,     0,     0,     0,     0,     0,     0,
      26,    25,    20,   167,   120,   249,     0,     0,   220,   124,
      99,     0,   100,   218,   222,     0,     0,     0,   116,   170,
       0,   201,   282,     0,   181,     0,   187,   190,   189,   238,
       0,   104,   230,     0,     0,   282,   232,     0,   184,   110,
     111,   109,   114,     0,     0,   138,     0,   152,   148,   149,
     144,   145,   146,   142,     0,   154,   155,   153,   151,   150,
     147,   156,   143,     0,     0,   274,   276,     0,   126,     0,
       0,     0,   278,   119,   127,   199,     0,     0,     0,     0,
       0,     0,     0,     0,     0,    59,    61,    88,     0,     0,
       0,    83,     0,     0,     0,   262,     0,   263,   260,     0,
     261,   257,   258,   259,     0,    54,     0,   254,   253,    16,
       0,     0,    79,    29,    71,    72,    85,    69,    70,    73,
      74,     0,   251,   140,   247,   105,   100,   102,     0,   223,
     123,     0,   169,     0,   186,     0,   234,   237,   103,     0,
       0,     0,     0,     0,     0,   131,   137,     0,     0,     0,
     203,   204,   205,   271,   135,     0,   202,   206,   249,   200,
       0,   129,     0,   193,     0,   194,     0,    14,    19,    16,
      28,    16,    33,     0,     0,    84,     0,     0,    86,     0,
       0,   256,    16,    82,    87,     0,     0,    68,     0,    50,
       0,     0,     0,     0,    98,    16,   121,     0,     0,   125,
       0,     0,   101,   171,   117,   268,     0,   184,     0,     0,
     141,     0,   134,   179,     0,   130,   136,     0,   132,   195,
     196,   128,     0,     0,    57,   247,    80,    80,     0,     0,
       0,     0,     0,    43,    18,    78,     0,   255,     0,     0,
       0,   100,     0,   252,   225,   106,    19,   267,   236,     0,
     139,   133,   118,    60,     0,    19,     0,     0,     0,    75,
      75,     0,     0,    78,    83,    19,    55,     0,    48,    38,
      39,     0,   100,     0,   235,    21,     0,    35,    78,    78,
       0,     0,    36,    37,    46,     0,    53,     0,     0,     0,
       0,   108,   107,    30,     0,   172,     0,    58,    41,    42,
      76,     0,     0,    78,    44,    17,     0,    78,    19,    65,
       0,    22,     0,    78,    52,    80,    78,    49,     0,    19,
      64,    15,     0,    47,     0,    51,    32,     0,    75,     0,
      66,    77,     0,    45
};

  /* YYPGOTO[NTERM-NUM].  */
static const yytype_int16 yypgoto[] =
{
    -476,  -476,  -476,  -476,  -476,  -476,  -476,  -476,   -10,  -476,
     -56,  1536,  -476,   -12,  -476,   598,   507,    12,  -476,  -476,
    -476,  -476,  -476,  -476,  -476,  -476,  -476,  -476,  -476,  -476,
    -476,  -338,  -475,  -302,  -426,  -476,   118,   284,  -316,    60,
    -476,  -476,   402,   600,  -476,   532,   204,  -355,  -123,   154,
    -476,  -476,     1,   -25,  -476,  -476,  -476,  -476,  -476,  -476,
    -476,  -476,   273,  -476,  -476,   489,  -476,  -117,  -127,  -476,
     220,  -476,  -476,   295,  -476,  -476,   427,   341,   -38,   595,
    -476,   -27,  -476,  -476,  -476,  -476,  -476,    19
};

  /* YYDEFGOTO[NTERM-NUM].  */
static const yytype_int16 yydefgoto[] =
{
      -1,     7,     8,     9,    10,    11,    12,    13,   116,   410,
      15,   475,   505,   108,   536,   242,   106,   107,   434,   435,
     330,   504,   555,   542,   530,   476,   428,   495,   408,   551,
     560,   101,   522,   231,   497,   424,   414,   355,   417,   426,
     328,   102,   216,   127,   214,   147,   252,   368,   272,   366,
     440,   533,   103,    59,    60,   364,   313,    61,    62,    63,
      64,    65,    66,   123,    67,   152,   159,   137,    68,   438,
     349,   430,   420,   338,   339,   225,    69,    70,    71,   155,
     156,    72,    73,    74,    75,    76,    77,   118
};

  /* YYTABLE[YYPACT[STATE-NUM]] -- What to do in state STATE-NUM.  If
     positive, shift that token.  If negative, reduce the rule whose
     number is the opposite.  If YYTABLE_NINF, syntax error.  */
static const yytype_int16 yytable[] =
{
      79,    99,    99,   109,   244,   256,   423,   411,   154,   161,
      58,   441,   179,    78,   180,   136,   250,   111,   419,   157,
     163,   347,   211,   100,   165,   523,   149,    20,   425,   133,
     261,    14,   141,   274,   432,   433,   276,   178,   224,   119,
     120,   498,   121,   122,   144,   303,    78,   304,    19,    20,
      21,   305,   306,   307,   158,    20,   172,   308,    78,   139,
     140,   271,   277,    19,    20,   437,   243,    78,   178,   114,
     273,   363,   251,    78,   115,   173,   174,   445,   114,   124,
     549,  -277,   125,   115,   114,   383,    78,   229,   446,   262,
     145,   488,   178,   571,    99,   146,   136,   114,    99,    99,
     130,   -16,   275,   348,   309,   131,   337,   412,   204,   150,
     205,   181,   267,   531,   258,   478,   241,   249,   361,   151,
     385,    56,   136,   268,   401,   247,   511,  -238,   403,   564,
     178,   132,   255,    58,   175,   176,   177,   520,   521,   175,
     176,   177,   376,    56,   310,   405,   311,   312,   203,    56,
    -237,   257,   270,   514,   501,   502,   325,   534,    56,    56,
     396,   331,   332,   333,   334,   336,   550,   344,    56,   346,
     210,   350,   351,   506,    56,  -239,   279,   280,   281,   212,
     283,   284,   286,  -273,   342,  -273,   213,    56,   175,   176,
     177,   529,   175,   176,   177,   343,   175,   176,   177,   324,
     450,   526,   215,   326,   316,   317,   318,   319,   320,   321,
     322,   323,   455,   175,   176,   177,   538,   539,   490,   217,
     352,   362,  -275,   186,  -275,   552,   423,   218,   175,   176,
     177,   175,   176,   177,   219,   354,   356,   357,   358,   359,
     360,   554,   221,   220,   227,   557,    58,   439,   228,   230,
    -242,   563,   232,   245,   565,   278,   197,   198,   371,   186,
     199,   200,   201,   202,   375,   259,   246,   222,   175,   176,
     177,   457,   175,   176,   177,   248,   277,   223,   382,    56,
     175,   176,   177,   175,   176,   177,   175,   176,   177,  -240,
     112,   113,   204,   431,   205,   271,  -278,  -278,  -278,   202,
    -273,   260,  -273,   126,   388,   389,   327,   129,   342,   253,
     369,   395,   134,   329,    99,   142,   335,   365,   148,   343,
    -275,   164,  -275,   166,   167,   168,   169,   170,   345,   206,
     173,   207,   415,   356,   418,   418,   175,   176,   177,   136,
     234,   235,   236,   237,   367,   427,   370,   238,   496,   239,
     372,   418,   418,   463,   448,   464,   378,   208,   443,   209,
     117,   117,   117,   377,   117,   117,   471,   373,   175,   176,
     177,   183,   184,   185,   186,   187,   175,   176,   177,   482,
     379,   138,   117,   380,   451,   381,   383,   153,   160,   175,
     176,   177,   175,   176,   177,   386,   462,   117,   117,    58,
     194,   195,   196,   -86,   175,   176,   177,   197,   198,   177,
     390,   199,   200,   201,   202,   175,   176,   177,   384,   409,
     413,   400,   398,   264,   489,   175,   176,   177,   391,   392,
     393,    56,   418,   402,   397,   226,   422,   -31,   483,   436,
     136,   442,   449,   446,   404,   183,  -278,   185,   186,   187,
     452,   282,    99,   458,   406,   287,   288,   289,   290,   291,
     292,   293,   294,   295,   296,   297,   298,   299,   300,   301,
     302,   418,   418,   138,   513,   195,   196,   459,   175,   176,
     177,   197,   198,   516,   460,   199,   200,   201,   202,   461,
     117,   266,   465,   528,   186,   466,   467,   468,   469,   117,
     472,   532,   474,    99,   473,   415,    99,   454,   418,   183,
     184,   185,   186,   187,  -187,   477,   479,   480,    99,   250,
     484,   485,   196,   204,   486,   205,  -187,   197,   198,   487,
     491,   199,   200,   201,   202,   494,   558,   193,   194,   195,
     196,   492,   418,   314,   507,   197,   198,   567,    99,   199,
     200,   201,   202,   515,   508,   524,   525,    99,  -187,  -187,
    -187,  -187,   517,   341,   541,  -187,   544,  -187,   546,   548,
    -187,     1,     2,     3,     4,     5,     6,  -187,  -187,  -187,
    -187,  -187,   175,   176,   177,   175,   176,   177,   175,   176,
     177,   561,   562,   559,  -187,  -187,  -187,   572,  -187,  -187,
    -187,  -187,  -187,  -187,  -187,  -187,  -187,  -187,  -187,   399,
     105,   240,   444,  -187,  -187,   447,   416,  -187,  -187,  -187,
    -187,  -187,   527,  -187,   569,  -226,  -187,   185,   186,   187,
     175,   176,   177,   128,   233,   353,   512,  -226,   481,   265,
     470,   429,   162,   183,   184,   185,   186,   187,     0,   340,
       0,     0,   117,     0,     0,   195,   196,   456,     0,     0,
     453,   197,   198,     0,     0,   199,   200,   201,   202,  -226,
    -226,  -226,  -226,   195,   196,     0,  -226,   421,  -226,   197,
     198,  -226,     0,   199,   200,   201,   202,   341,  -226,  -226,
    -226,  -226,  -226,     0,     0,     0,     0,     0,     0,     0,
       0,     0,     0,     0,     0,  -226,  -226,  -226,     0,  -226,
    -226,  -226,  -226,  -226,  -226,  -226,  -226,  -226,  -226,  -226,
       0,     0,     0,     0,  -226,  -226,     0,     0,  -226,  -226,
    -226,  -226,  -226,     0,  -226,   -13,    80,  -226,     0,     0,
       0,     0,     0,     0,    78,     0,    16,     0,    17,    18,
      19,    20,    21,     0,     0,    22,    23,    24,    25,    26,
       0,    27,    28,    29,    30,    31,    32,    81,    82,     0,
     104,    83,    84,    85,    86,    87,    33,    88,    89,    90,
      91,    92,    93,     0,     0,     0,    94,    95,    96,    97,
      34,     0,    35,    36,    37,    38,    39,    40,     0,     0,
       0,     0,     0,    41,    42,    43,    44,    45,    46,    47,
      48,     0,     0,     0,     0,     0,     0,     0,    49,     0,
       0,     0,     0,     0,     0,     0,     0,     0,     0,     0,
      50,    51,     0,    52,     0,     0,    53,    54,    -3,    80,
       0,     0,     0,    55,    98,    56,    57,    78,     0,    16,
       0,    17,    18,    19,    20,    21,     0,     0,    22,    23,
      24,    25,    26,     0,    27,    28,    29,    30,    31,    32,
      81,    82,     0,   104,    83,    84,    85,    86,    87,    33,
      88,    89,    90,    91,    92,    93,     0,     0,     0,    94,
      95,    96,    97,    34,     0,    35,    36,    37,    38,    39,
      40,     0,     0,     0,     0,     0,    41,    42,    43,    44,
      45,    46,    47,    48,     0,     0,     0,     0,     0,     0,
       0,    49,     0,     0,     0,     0,     0,     0,     0,     0,
       0,     0,     0,    50,    51,     0,    52,     0,     0,    53,
      54,     0,    80,     0,     0,     0,    55,    98,    56,    57,
      78,   407,    16,     0,    17,    18,    19,    20,    21,     0,
       0,    22,    23,    24,    25,    26,     0,    27,    28,    29,
      30,    31,    32,    81,    82,     0,   104,    83,    84,    85,
      86,    87,    33,    88,    89,    90,    91,    92,    93,     0,
       0,     0,    94,    95,    96,    97,    34,     0,    35,    36,
      37,    38,    39,    40,     0,     0,     0,     0,     0,    41,
      42,    43,    44,    45,    46,    47,    48,     0,     0,     0,
       0,     0,     0,     0,    49,     0,     0,     0,     0,     0,
       0,     0,     0,     0,     0,     0,    50,    51,     0,    52,
       0,     0,    53,    54,     0,    80,     0,     0,     0,    55,
      98,    56,    57,    78,   493,    16,     0,    17,    18,    19,
      20,    21,     0,     0,    22,    23,    24,    25,    26,     0,
      27,    28,    29,    30,    31,    32,    81,    82,     0,   104,
      83,    84,    85,    86,    87,    33,    88,    89,    90,    91,
      92,    93,     0,     0,     0,    94,    95,    96,    97,    34,
       0,    35,    36,    37,    38,    39,    40,     0,     0,     0,
       0,     0,    41,    42,    43,    44,    45,    46,    47,    48,
       0,     0,     0,     0,     0,     0,     0,    49,     0,     0,
       0,     0,     0,     0,     0,     0,     0,     0,     0,    50,
      51,     0,    52,     0,     0,    53,    54,     0,    80,     0,
       0,     0,    55,    98,    56,    57,    78,   535,    16,     0,
      17,    18,    19,    20,    21,     0,     0,    22,    23,    24,
      25,    26,     0,    27,    28,    29,    30,    31,    32,    81,
      82,     0,   104,    83,    84,    85,    86,    87,    33,    88,
      89,    90,    91,    92,    93,     0,     0,     0,    94,    95,
      96,    97,    34,     0,    35,    36,    37,    38,    39,    40,
       0,     0,     0,     0,     0,    41,    42,    43,    44,    45,
      46,    47,    48,     0,     0,     0,     0,     0,     0,     0,
      49,     0,     0,     0,     0,     0,     0,     0,     0,     0,
       0,     0,    50,    51,     0,    52,     0,     0,    53,    54,
       0,    80,     0,     0,     0,    55,    98,    56,    57,    78,
     537,    16,     0,    17,    18,    19,    20,    21,     0,     0,
      22,    23,    24,    25,    26,     0,    27,    28,    29,    30,
      31,    32,    81,    82,     0,   104,    83,    84,    85,    86,
      87,    33,    88,    89,    90,    91,    92,    93,     0,     0,
       0,    94,    95,    96,    97,    34,     0,    35,    36,    37,
      38,    39,    40,     0,     0,     0,     0,     0,    41,    42,
      43,    44,    45,    46,    47,    48,     0,     0,     0,     0,
       0,     0,     0,    49,     0,     0,     0,     0,     0,     0,
       0,     0,     0,     0,     0,    50,    51,     0,    52,     0,
       0,    53,    54,     0,    80,     0,     0,     0,    55,    98,
      56,    57,    78,   545,    16,     0,    17,    18,    19,    20,
      21,     0,     0,    22,    23,    24,    25,    26,     0,    27,
      28,    29,    30,    31,    32,    81,    82,     0,   104,    83,
      84,    85,    86,    87,    33,    88,    89,    90,    91,    92,
      93,     0,     0,     0,    94,    95,    96,    97,    34,     0,
      35,    36,    37,    38,    39,    40,     0,     0,     0,     0,
       0,    41,    42,    43,    44,    45,    46,    47,    48,     0,
       0,     0,     0,     0,     0,     0,    49,     0,     0,     0,
       0,     0,     0,     0,     0,     0,     0,     0,    50,    51,
       0,    52,     0,     0,    53,    54,     0,    80,     0,     0,
       0,    55,    98,    56,    57,    78,   566,    16,     0,    17,
      18,    19,    20,    21,     0,     0,    22,    23,    24,    25,
      26,     0,    27,    28,    29,    30,    31,    32,    81,    82,
       0,   104,    83,    84,    85,    86,    87,    33,    88,    89,
      90,    91,    92,    93,     0,     0,     0,    94,    95,    96,
      97,    34,     0,    35,    36,    37,    38,    39,    40,     0,
       0,     0,     0,     0,    41,    42,    43,    44,    45,    46,
      47,    48,     0,     0,     0,     0,     0,     0,     0,    49,
       0,     0,     0,     0,     0,     0,     0,     0,     0,     0,
       0,    50,    51,     0,    52,     0,     0,    53,    54,     0,
      80,     0,     0,     0,    55,    98,    56,    57,    78,     0,
      16,     0,    17,    18,    19,    20,    21,     0,     0,    22,
      23,    24,    25,    26,     0,    27,    28,    29,    30,    31,
      32,    81,    82,     0,   104,    83,    84,    85,    86,    87,
      33,    88,    89,    90,    91,    92,    93,     0,     0,     0,
      94,    95,    96,    97,    34,     0,    35,    36,    37,    38,
      39,    40,     0,     0,     0,     0,     0,    41,    42,    43,
      44,    45,    46,    47,    48,     0,     0,   570,     0,     0,
       0,     0,    49,     0,     0,     0,     0,     0,     0,     0,
       0,     0,     0,     0,    50,    51,     0,    52,     0,     0,
      53,    54,     0,    80,     0,     0,     0,    55,    98,    56,
      57,    78,     0,    16,     0,    17,    18,    19,    20,    21,
       0,     0,    22,    23,    24,    25,    26,     0,    27,    28,
      29,    30,    31,    32,    81,    82,     0,   104,    83,    84,
      85,    86,    87,    33,    88,    89,    90,    91,    92,    93,
       0,     0,     0,    94,    95,    96,    97,    34,     0,    35,
      36,    37,    38,    39,    40,     0,     0,     0,     0,     0,
      41,    42,    43,    44,    45,    46,    47,    48,     0,     0,
       0,     0,     0,     0,     0,    49,     0,     0,     0,     0,
       0,     0,     0,     0,     0,     0,     0,    50,    51,     0,
      52,     0,     0,    53,    54,     0,    80,     0,     0,     0,
      55,    98,    56,    57,    78,     0,    16,     0,    17,    18,
      19,    20,    21,     0,     0,    22,    23,    24,    25,    26,
       0,    27,    28,    29,    30,    31,    32,    81,    82,     0,
       0,    83,    84,    85,    86,    87,    33,    88,    89,    90,
      91,    92,    93,     0,     0,     0,    94,    95,    96,    97,
      34,     0,    35,    36,    37,    38,    39,    40,     0,     0,
       0,     0,     0,    41,    42,    43,    44,    45,    46,    47,
      48,     0,     0,     0,     0,     0,     0,     0,    49,     0,
       0,     0,     0,     0,     0,     0,     0,     0,     0,     0,
      50,    51,     0,    52,     0,     0,    53,    54,    80,     0,
       0,   185,   186,    55,    98,    56,    57,     0,    16,     0,
      17,    18,    19,    20,    21,     0,     0,    22,    23,    24,
      25,    26,     0,    27,    28,    29,    30,    31,    32,     0,
     196,     0,     0,     0,     0,   197,   198,     0,    33,   199,
     200,   201,   202,     0,     0,     0,   183,   184,   185,   186,
     187,     0,    34,     0,    35,    36,    37,    38,    39,    40,
       0,     0,     0,     0,     0,    41,    42,    43,    44,    45,
      46,    47,    48,   192,   193,   194,   195,   196,     0,     0,
      49,     0,   197,   198,     0,     0,   199,   200,   201,   202,
       0,     0,    50,    51,     0,    52,     0,     0,    53,    54,
      80,     0,     0,     0,     0,    55,   -81,    56,    57,     0,
      16,     0,    17,    18,    19,    20,    21,     0,     0,    22,
      23,    24,    25,    26,     0,    27,    28,    29,    30,    31,
      32,     0,     0,     0,   499,   500,     0,     0,   503,     0,
      33,     0,     0,     0,     0,   509,   510,  -278,     0,   185,
     186,   187,     0,     0,    34,     0,    35,    36,    37,    38,
      39,    40,     0,   518,   519,     0,     0,    41,    42,    43,
      44,    45,    46,    47,    48,     0,     0,   195,   196,     0,
       0,     0,    49,   197,   198,     0,   540,   199,   200,   201,
     202,   543,     0,     0,    50,    51,   547,    52,     0,     0,
      53,    54,     0,     0,     0,     0,   -81,    55,   553,    56,
      57,     0,   556,     0,     0,     0,     0,     0,     0,     0,
       0,     0,     0,     0,   185,   186,   187,     0,   568,    78,
       0,    16,     0,    17,    18,    19,    20,    21,   573,     0,
     135,    23,    24,    25,    26,   115,    27,    28,    29,    30,
      31,    32,     0,   196,     0,     0,     0,     0,   197,   198,
       0,    33,   199,   200,   201,   202,     0,     0,     0,     0,
       0,     0,     0,     0,     0,    34,     0,    35,    36,    37,
      38,    39,    40,     0,     0,     0,     0,     0,    41,    42,
      43,    44,    45,    46,    47,    48,     0,     0,     0,     0,
       0,     0,     0,    49,     0,     0,     0,     0,     0,     0,
       0,     0,     0,     0,     0,    50,    51,     0,    52,     0,
       0,    53,    54,     0,     0,     0,     0,     0,    55,     0,
      56,    57,    78,     0,    16,     0,    17,    18,    19,    20,
      21,     0,     0,    22,    23,    24,    25,    26,     0,    27,
      28,    29,    30,    31,    32,     0,     0,     0,     0,     0,
       0,     0,     0,     0,    33,   234,   235,   236,   237,     0,
       0,     0,   238,     0,   239,     0,     0,     0,    34,     0,
      35,    36,    37,    38,    39,    40,     0,     0,     0,     0,
       0,    41,    42,    43,    44,    45,    46,    47,    48,     0,
       0,   175,   176,   177,     0,     0,    49,     0,     0,     0,
       0,     0,     0,     0,     0,     0,     0,     0,    50,    51,
       0,    52,     0,     0,    53,    54,     0,     0,     0,     0,
       0,    55,     0,    56,    57,    16,   110,    17,    18,    19,
      20,    21,     0,     0,    22,    23,    24,    25,    26,     0,
      27,    28,    29,    30,    31,    32,     0,     0,     0,     0,
       0,     0,     0,     0,     0,    33,     0,     0,     0,     0,
       0,     0,     0,     0,     0,     0,     0,     0,     0,    34,
       0,    35,    36,    37,    38,    39,    40,     0,     0,     0,
       0,     0,    41,    42,    43,    44,    45,    46,    47,    48,
       0,     0,     0,     0,     0,     0,     0,    49,     0,     0,
       0,     0,     0,     0,     0,     0,     0,     0,     0,    50,
      51,     0,    52,     0,     0,    53,    54,     0,     0,     0,
       0,     0,    55,     0,    56,    57,    16,     0,    17,    18,
      19,    20,    21,     0,     0,    22,    23,    24,    25,    26,
       0,    27,    28,    29,    30,    31,    32,     0,     0,     0,
       0,     0,     0,     0,     0,     0,    33,     0,     0,     0,
       0,     0,     0,     0,     0,     0,     0,     0,     0,     0,
      34,     0,    35,    36,    37,    38,    39,    40,     0,     0,
       0,     0,     0,    41,    42,    43,    44,    45,    46,    47,
      48,     0,     0,     0,     0,     0,     0,     0,    49,     0,
       0,     0,     0,     0,     0,     0,     0,     0,     0,     0,
      50,    51,     0,    52,     0,     0,    53,    54,     0,     0,
       0,     0,     0,    55,   143,    56,    57,    16,     0,    17,
      18,    19,    20,    21,     0,     0,    22,    23,    24,    25,
      26,     0,    27,    28,    29,    30,    31,    32,     0,     0,
       0,     0,     0,     0,     0,     0,     0,    33,     0,     0,
       0,     0,     0,     0,     0,     0,     0,     0,     0,     0,
       0,    34,     0,    35,    36,    37,    38,    39,    40,     0,
       0,     0,     0,     0,    41,    42,    43,    44,    45,    46,
      47,    48,     0,     0,     0,     0,     0,     0,     0,    49,
       0,     0,     0,     0,     0,     0,     0,     0,     0,     0,
       0,    50,    51,     0,    52,     0,     0,    53,    54,     0,
       0,     0,     0,   171,    55,     0,    56,    57,    16,     0,
      17,    18,    19,    20,    21,     0,     0,    22,    23,    24,
      25,    26,     0,    27,    28,    29,    30,    31,    32,     0,
       0,     0,     0,     0,     0,     0,     0,     0,    33,     0,
       0,     0,     0,     0,     0,     0,     0,     0,     0,     0,
       0,     0,    34,     0,    35,    36,    37,    38,    39,    40,
       0,     0,     0,     0,     0,    41,    42,    43,    44,    45,
      46,    47,    48,     0,     0,     0,     0,     0,     0,     0,
      49,     0,     0,     0,     0,     0,     0,     0,     0,     0,
       0,     0,    50,    51,     0,    52,     0,     0,    53,    54,
       0,     0,     0,     0,   254,    55,     0,    56,    57,    16,
       0,    17,    18,    19,    20,    21,     0,     0,    22,    23,
      24,    25,    26,     0,    27,    28,    29,    30,    31,    32,
       0,     0,     0,     0,     0,     0,     0,     0,     0,    33,
       0,     0,     0,     0,     0,     0,     0,     0,     0,     0,
       0,     0,     0,    34,     0,    35,    36,    37,    38,    39,
      40,     0,     0,     0,     0,     0,    41,    42,    43,    44,
      45,    46,    47,    48,     0,     0,     0,     0,     0,     0,
       0,    49,     0,     0,     0,     0,     0,     0,     0,     0,
       0,     0,     0,    50,    51,     0,    52,     0,     0,    53,
      54,     0,     0,     0,     0,   269,    55,     0,    56,    57,
      16,     0,    17,    18,    19,    20,    21,     0,     0,    22,
      23,    24,    25,    26,     0,    27,    28,    29,    30,    31,
      32,     0,     0,     0,     0,     0,     0,     0,     0,     0,
      33,     0,     0,     0,     0,     0,     0,     0,     0,     0,
       0,     0,     0,     0,    34,     0,    35,    36,    37,    38,
      39,    40,     0,     0,     0,     0,     0,    41,    42,    43,
      44,    45,    46,    47,    48,     0,     0,     0,     0,     0,
       0,     0,    49,     0,     0,     0,     0,     0,     0,     0,
       0,     0,     0,     0,    50,    51,     0,    52,     0,     0,
      53,    54,     0,     0,     0,     0,   285,    55,     0,    56,
      57,    16,     0,    17,    18,    19,    20,    21,     0,     0,
      22,    23,    24,    25,    26,     0,    27,    28,    29,    30,
      31,    32,     0,     0,     0,     0,     0,     0,     0,     0,
       0,    33,     0,     0,     0,     0,     0,     0,     0,     0,
       0,     0,     0,     0,     0,    34,     0,    35,    36,    37,
      38,    39,    40,     0,     0,     0,     0,     0,    41,    42,
      43,    44,    45,    46,    47,    48,     0,     0,     0,     0,
       0,     0,     0,    49,     0,     0,     0,     0,     0,     0,
       0,     0,     0,     0,     0,    50,    51,     0,    52,     0,
       0,    53,    54,     0,     0,     0,     0,   315,    55,     0,
      56,    57,    16,     0,    17,    18,    19,    20,    21,     0,
       0,    22,    23,    24,    25,    26,     0,    27,    28,    29,
      30,    31,    32,     0,     0,     0,     0,     0,     0,     0,
       0,     0,    33,     0,     0,     0,     0,     0,     0,     0,
       0,     0,     0,     0,     0,     0,    34,     0,    35,    36,
      37,    38,    39,    40,     0,     0,     0,     0,     0,    41,
      42,    43,    44,    45,    46,    47,    48,     0,     0,     0,
       0,     0,     0,     0,    49,     0,     0,     0,     0,     0,
       0,     0,     0,     0,     0,     0,    50,    51,     0,    52,
       0,     0,    53,    54,     0,     0,     0,     0,   374,    55,
       0,    56,    57,    16,     0,    17,    18,    19,    20,    21,
       0,     0,    22,    23,    24,    25,    26,     0,    27,    28,
      29,    30,    31,    32,     0,     0,     0,     0,     0,     0,
       0,     0,     0,    33,     0,     0,     0,     0,     0,     0,
       0,     0,     0,     0,     0,     0,     0,    34,     0,    35,
      36,    37,    38,    39,    40,     0,     0,     0,     0,     0,
      41,    42,    43,    44,    45,    46,    47,    48,     0,     0,
       0,     0,     0,     0,     0,    49,     0,     0,     0,     0,
       0,     0,     0,     0,     0,     0,     0,    50,    51,     0,
      52,     0,     0,    53,    54,     0,     0,     0,     0,   394,
      55,     0,    56,    57,    16,     0,    17,    18,    19,    20,
      21,     0,     0,    22,    23,    24,    25,    26,     0,    27,
      28,    29,    30,    31,    32,     0,     0,     0,     0,     0,
       0,     0,     0,     0,    33,     0,     0,     0,     0,     0,
       0,     0,     0,     0,     0,     0,     0,     0,    34,     0,
      35,    36,    37,    38,    39,    40,     0,     0,     0,     0,
       0,    41,    42,    43,    44,    45,    46,    47,    48,     0,
       0,     0,     0,     0,     0,     0,    49,     0,     0,     0,
       0,     0,     0,     0,     0,     0,     0,     0,    50,    51,
       0,    52,     0,     0,    53,    54,     0,     0,     0,     0,
       0,    55,     0,    56,    57,    16,     0,    17,    18,   158,
      20,    21,     0,     0,    22,    23,    24,    25,    26,     0,
      27,    28,    29,    30,    31,    32,     0,     0,     0,     0,
       0,     0,     0,     0,     0,    33,     0,     0,     0,     0,
       0,     0,     0,     0,     0,     0,     0,     0,     0,    34,
       0,    35,    36,    37,    38,    39,    40,     0,     0,     0,
       0,     0,    41,    42,    43,    44,    45,    46,    47,    48,
       0,     0,     0,     0,     0,     0,     0,    49,     0,     0,
       0,     0,     0,     0,     0,     0,     0,     0,     0,    50,
      51,     0,    52,     0,     0,    53,    54,     0,     0,   182,
       0,     0,   263,     0,    56,    57,   183,   184,   185,   186,
     187,     0,     0,     0,     0,     0,     0,     0,     0,     0,
       0,     0,     0,     0,     0,     0,     0,     0,   188,   189,
     387,   190,   191,   192,   193,   194,   195,   196,     0,     0,
       0,     0,   197,   198,   182,     0,   199,   200,   201,   202,
       0,   183,   184,   185,   186,   187,     0,     0,     0,     0,
       0,     0,     0,     0,     0,     0,     0,     0,     0,     0,
       0,     0,     0,   188,   189,     0,   190,   191,   192,   193,
     194,   195,   196,     0,     0,     0,     0,   197,   198,   182,
       0,   199,   200,   201,   202,     0,   183,   184,   185,   186,
     187,     0,     0,     0,     0,     0,     0,     0,     0,     0,
       0,     0,     0,     0,     0,     0,     0,     0,     0,   189,
       0,   190,   191,   192,   193,   194,   195,   196,     0,     0,
       0,     0,   197,   198,  -278,     0,   199,   200,   201,   202,
       0,   183,   184,   185,   186,   187,     0,     0,     0,     0,
       0,     0,     0,     0,     0,     0,     0,     0,     0,     0,
       0,     0,     0,     0,     0,     0,   190,   191,   192,   193,
     194,   195,   196,     0,     0,     0,     0,   197,   198,     0,
       0,   199,   200,   201,   202
};

static const yytype_int16 yycheck[] =
{
      10,    11,    12,    15,   121,   132,   344,     9,    46,    47,
       9,   366,     9,     9,    11,    40,    23,    16,   334,    46,
      47,    26,    78,    11,    49,   500,    15,    16,   344,    39,
     147,     0,    42,   156,   350,   351,   159,    84,    94,    20,
      21,   467,    23,    24,    43,     9,     9,    11,    15,    16,
      17,    15,    16,    17,    15,    16,    55,    21,     9,    40,
      41,    76,    11,    15,    16,   112,    12,     9,    84,    20,
      85,    12,   128,     9,    25,    56,    57,    12,    20,    11,
      23,     9,   108,    25,    20,    11,     9,    97,    23,    25,
      20,   107,    84,   568,   104,    25,   121,    20,   108,   109,
     108,   108,    25,   108,    68,   108,    73,   109,     9,    98,
      11,   108,   150,   109,   139,   431,   104,   127,   245,   108,
      12,   110,   147,   150,    12,   124,   481,    76,    12,   555,
      84,   108,   131,   132,    80,    81,    82,    48,    49,    80,
      81,    82,   265,   110,   108,    12,   110,   111,   108,   110,
      76,   132,   151,   107,   470,   471,   212,   512,   110,   110,
     111,   217,   218,   219,   220,   221,   109,   223,   110,   225,
       9,   227,   228,   475,   110,    76,   175,   176,   177,     9,
     179,   180,   181,     9,   222,    11,    34,   110,    80,    81,
      82,   507,    80,    81,    82,   222,    80,    81,    82,   211,
      12,   503,    20,   213,   203,   204,   205,   206,   207,   208,
     209,   210,    12,    80,    81,    82,   518,   519,    12,   108,
     230,   246,     9,    66,    11,   541,   564,   108,    80,    81,
      82,    80,    81,    82,   108,   234,   235,   236,   237,   238,
     239,   543,    73,   108,   108,   547,   245,   364,   108,    50,
      76,   553,   109,   108,   556,   107,    99,   100,   257,    66,
     103,   104,   105,   106,   263,    10,   108,    98,    80,    81,
      82,   398,    80,    81,    82,   107,    11,   108,   277,   110,
      80,    81,    82,    80,    81,    82,    80,    81,    82,    76,
      17,    18,     9,   349,    11,    76,   103,   104,   105,   106,
       9,   109,    11,    30,   303,   304,    20,    34,   346,   107,
     107,   310,    39,    20,   324,    42,    98,   108,    45,   346,
       9,    48,    11,    50,    51,    52,    53,    54,    26,     9,
     311,    11,   331,   332,   333,   334,    80,    81,    82,   364,
      44,    45,    46,    47,    76,   344,   107,    51,   465,    53,
      10,   350,   351,   409,   379,   411,    23,     9,   368,    11,
      19,    20,    21,   107,    23,    24,   422,    11,    80,    81,
      82,    63,    64,    65,    66,    67,    80,    81,    82,   435,
     108,    40,    41,    85,   383,    11,    11,    46,    47,    80,
      81,    82,    80,    81,    82,   107,   408,    56,    57,   398,
      92,    93,    94,   107,    80,    81,    82,    99,   100,    82,
     111,   103,   104,   105,   106,    80,    81,    82,   109,    18,
      20,   109,   108,   150,   449,    80,    81,    82,   111,   111,
     111,   110,   431,   109,   111,    94,   108,   108,   437,   107,
     465,    23,   108,    23,   109,    63,    64,    65,    66,    67,
      10,   178,   462,    10,   109,   182,   183,   184,   185,   186,
     187,   188,   189,   190,   191,   192,   193,   194,   195,   196,
     197,   470,   471,   132,   486,    93,    94,    10,    80,    81,
      82,    99,   100,   495,    10,   103,   104,   105,   106,    10,
     149,   150,    20,   505,    66,   107,   107,   107,   107,   158,
     107,   511,     9,   513,   109,   504,   516,   109,   507,    63,
      64,    65,    66,    67,     0,   108,   107,   107,   528,    23,
     107,   107,    94,     9,     9,    11,    12,    99,   100,    12,
      10,   103,   104,   105,   106,   109,   548,    91,    92,    93,
      94,   107,   541,   202,   108,    99,   100,   559,   558,   103,
     104,   105,   106,    78,   107,   107,   107,   567,    44,    45,
      46,    47,   109,   222,   108,    51,   109,    53,   107,     9,
      56,     3,     4,     5,     6,     7,     8,    63,    64,    65,
      66,    67,    80,    81,    82,    80,    81,    82,    80,    81,
      82,    19,   107,    77,    80,    81,    82,   107,    84,    85,
      86,    87,    88,    89,    90,    91,    92,    93,    94,   107,
      12,   104,   107,    99,   100,   107,   332,   103,   104,   105,
     106,   107,   504,   109,   564,     0,   112,    65,    66,    67,
      80,    81,    82,    33,   102,   233,   482,    12,   434,   150,
     420,   346,    47,    63,    64,    65,    66,    67,    -1,   222,
      -1,    -1,   311,    -1,    -1,    93,    94,   107,    -1,    -1,
     387,    99,   100,    -1,    -1,   103,   104,   105,   106,    44,
      45,    46,    47,    93,    94,    -1,    51,   336,    53,    99,
     100,    56,    -1,   103,   104,   105,   106,   346,    63,    64,
      65,    66,    67,    -1,    -1,    -1,    -1,    -1,    -1,    -1,
      -1,    -1,    -1,    -1,    -1,    80,    81,    82,    -1,    84,
      85,    86,    87,    88,    89,    90,    91,    92,    93,    94,
      -1,    -1,    -1,    -1,    99,   100,    -1,    -1,   103,   104,
     105,   106,   107,    -1,   109,     0,     1,   112,    -1,    -1,
      -1,    -1,    -1,    -1,     9,    -1,    11,    -1,    13,    14,
      15,    16,    17,    -1,    -1,    20,    21,    22,    23,    24,
      -1,    26,    27,    28,    29,    30,    31,    32,    33,    -1,
      35,    36,    37,    38,    39,    40,    41,    42,    43,    44,
      45,    46,    47,    -1,    -1,    -1,    51,    52,    53,    54,
      55,    -1,    57,    58,    59,    60,    61,    62,    -1,    -1,
      -1,    -1,    -1,    68,    69,    70,    71,    72,    73,    74,
      75,    -1,    -1,    -1,    -1,    -1,    -1,    -1,    83,    -1,
      -1,    -1,    -1,    -1,    -1,    -1,    -1,    -1,    -1,    -1,
      95,    96,    -1,    98,    -1,    -1,   101,   102,     0,     1,
      -1,    -1,    -1,   108,   109,   110,   111,     9,    -1,    11,
      -1,    13,    14,    15,    16,    17,    -1,    -1,    20,    21,
      22,    23,    24,    -1,    26,    27,    28,    29,    30,    31,
      32,    33,    -1,    35,    36,    37,    38,    39,    40,    41,
      42,    43,    44,    45,    46,    47,    -1,    -1,    -1,    51,
      52,    53,    54,    55,    -1,    57,    58,    59,    60,    61,
      62,    -1,    -1,    -1,    -1,    -1,    68,    69,    70,    71,
      72,    73,    74,    75,    -1,    -1,    -1,    -1,    -1,    -1,
      -1,    83,    -1,    -1,    -1,    -1,    -1,    -1,    -1,    -1,
      -1,    -1,    -1,    95,    96,    -1,    98,    -1,    -1,   101,
     102,    -1,     1,    -1,    -1,    -1,   108,   109,   110,   111,
       9,    10,    11,    -1,    13,    14,    15,    16,    17,    -1,
      -1,    20,    21,    22,    23,    24,    -1,    26,    27,    28,
      29,    30,    31,    32,    33,    -1,    35,    36,    37,    38,
      39,    40,    41,    42,    43,    44,    45,    46,    47,    -1,
      -1,    -1,    51,    52,    53,    54,    55,    -1,    57,    58,
      59,    60,    61,    62,    -1,    -1,    -1,    -1,    -1,    68,
      69,    70,    71,    72,    73,    74,    75,    -1,    -1,    -1,
      -1,    -1,    -1,    -1,    83,    -1,    -1,    -1,    -1,    -1,
      -1,    -1,    -1,    -1,    -1,    -1,    95,    96,    -1,    98,
      -1,    -1,   101,   102,    -1,     1,    -1,    -1,    -1,   108,
     109,   110,   111,     9,    10,    11,    -1,    13,    14,    15,
      16,    17,    -1,    -1,    20,    21,    22,    23,    24,    -1,
      26,    27,    28,    29,    30,    31,    32,    33,    -1,    35,
      36,    37,    38,    39,    40,    41,    42,    43,    44,    45,
      46,    47,    -1,    -1,    -1,    51,    52,    53,    54,    55,
      -1,    57,    58,    59,    60,    61,    62,    -1,    -1,    -1,
      -1,    -1,    68,    69,    70,    71,    72,    73,    74,    75,
      -1,    -1,    -1,    -1,    -1,    -1,    -1,    83,    -1,    -1,
      -1,    -1,    -1,    -1,    -1,    -1,    -1,    -1,    -1,    95,
      96,    -1,    98,    -1,    -1,   101,   102,    -1,     1,    -1,
      -1,    -1,   108,   109,   110,   111,     9,    10,    11,    -1,
      13,    14,    15,    16,    17,    -1,    -1,    20,    21,    22,
      23,    24,    -1,    26,    27,    28,    29,    30,    31,    32,
      33,    -1,    35,    36,    37,    38,    39,    40,    41,    42,
      43,    44,    45,    46,    47,    -1,    -1,    -1,    51,    52,
      53,    54,    55,    -1,    57,    58,    59,    60,    61,    62,
      -1,    -1,    -1,    -1,    -1,    68,    69,    70,    71,    72,
      73,    74,    75,    -1,    -1,    -1,    -1,    -1,    -1,    -1,
      83,    -1,    -1,    -1,    -1,    -1,    -1,    -1,    -1,    -1,
      -1,    -1,    95,    96,    -1,    98,    -1,    -1,   101,   102,
      -1,     1,    -1,    -1,    -1,   108,   109,   110,   111,     9,
      10,    11,    -1,    13,    14,    15,    16,    17,    -1,    -1,
      20,    21,    22,    23,    24,    -1,    26,    27,    28,    29,
      30,    31,    32,    33,    -1,    35,    36,    37,    38,    39,
      40,    41,    42,    43,    44,    45,    46,    47,    -1,    -1,
      -1,    51,    52,    53,    54,    55,    -1,    57,    58,    59,
      60,    61,    62,    -1,    -1,    -1,    -1,    -1,    68,    69,
      70,    71,    72,    73,    74,    75,    -1,    -1,    -1,    -1,
      -1,    -1,    -1,    83,    -1,    -1,    -1,    -1,    -1,    -1,
      -1,    -1,    -1,    -1,    -1,    95,    96,    -1,    98,    -1,
      -1,   101,   102,    -1,     1,    -1,    -1,    -1,   108,   109,
     110,   111,     9,    10,    11,    -1,    13,    14,    15,    16,
      17,    -1,    -1,    20,    21,    22,    23,    24,    -1,    26,
      27,    28,    29,    30,    31,    32,    33,    -1,    35,    36,
      37,    38,    39,    40,    41,    42,    43,    44,    45,    46,
      47,    -1,    -1,    -1,    51,    52,    53,    54,    55,    -1,
      57,    58,    59,    60,    61,    62,    -1,    -1,    -1,    -1,
      -1,    68,    69,    70,    71,    72,    73,    74,    75,    -1,
      -1,    -1,    -1,    -1,    -1,    -1,    83,    -1,    -1,    -1,
      -1,    -1,    -1,    -1,    -1,    -1,    -1,    -1,    95,    96,
      -1,    98,    -1,    -1,   101,   102,    -1,     1,    -1,    -1,
      -1,   108,   109,   110,   111,     9,    10,    11,    -1,    13,
      14,    15,    16,    17,    -1,    -1,    20,    21,    22,    23,
      24,    -1,    26,    27,    28,    29,    30,    31,    32,    33,
      -1,    35,    36,    37,    38,    39,    40,    41,    42,    43,
      44,    45,    46,    47,    -1,    -1,    -1,    51,    52,    53,
      54,    55,    -1,    57,    58,    59,    60,    61,    62,    -1,
      -1,    -1,    -1,    -1,    68,    69,    70,    71,    72,    73,
      74,    75,    -1,    -1,    -1,    -1,    -1,    -1,    -1,    83,
      -1,    -1,    -1,    -1,    -1,    -1,    -1,    -1,    -1,    -1,
      -1,    95,    96,    -1,    98,    -1,    -1,   101,   102,    -1,
       1,    -1,    -1,    -1,   108,   109,   110,   111,     9,    -1,
      11,    -1,    13,    14,    15,    16,    17,    -1,    -1,    20,
      21,    22,    23,    24,    -1,    26,    27,    28,    29,    30,
      31,    32,    33,    -1,    35,    36,    37,    38,    39,    40,
      41,    42,    43,    44,    45,    46,    47,    -1,    -1,    -1,
      51,    52,    53,    54,    55,    -1,    57,    58,    59,    60,
      61,    62,    -1,    -1,    -1,    -1,    -1,    68,    69,    70,
      71,    72,    73,    74,    75,    -1,    -1,    78,    -1,    -1,
      -1,    -1,    83,    -1,    -1,    -1,    -1,    -1,    -1,    -1,
      -1,    -1,    -1,    -1,    95,    96,    -1,    98,    -1,    -1,
     101,   102,    -1,     1,    -1,    -1,    -1,   108,   109,   110,
     111,     9,    -1,    11,    -1,    13,    14,    15,    16,    17,
      -1,    -1,    20,    21,    22,    23,    24,    -1,    26,    27,
      28,    29,    30,    31,    32,    33,    -1,    35,    36,    37,
      38,    39,    40,    41,    42,    43,    44,    45,    46,    47,
      -1,    -1,    -1,    51,    52,    53,    54,    55,    -1,    57,
      58,    59,    60,    61,    62,    -1,    -1,    -1,    -1,    -1,
      68,    69,    70,    71,    72,    73,    74,    75,    -1,    -1,
      -1,    -1,    -1,    -1,    -1,    83,    -1,    -1,    -1,    -1,
      -1,    -1,    -1,    -1,    -1,    -1,    -1,    95,    96,    -1,
      98,    -1,    -1,   101,   102,    -1,     1,    -1,    -1,    -1,
     108,   109,   110,   111,     9,    -1,    11,    -1,    13,    14,
      15,    16,    17,    -1,    -1,    20,    21,    22,    23,    24,
      -1,    26,    27,    28,    29,    30,    31,    32,    33,    -1,
      -1,    36,    37,    38,    39,    40,    41,    42,    43,    44,
      45,    46,    47,    -1,    -1,    -1,    51,    52,    53,    54,
      55,    -1,    57,    58,    59,    60,    61,    62,    -1,    -1,
      -1,    -1,    -1,    68,    69,    70,    71,    72,    73,    74,
      75,    -1,    -1,    -1,    -1,    -1,    -1,    -1,    83,    -1,
      -1,    -1,    -1,    -1,    -1,    -1,    -1,    -1,    -1,    -1,
      95,    96,    -1,    98,    -1,    -1,   101,   102,     1,    -1,
      -1,    65,    66,   108,   109,   110,   111,    -1,    11,    -1,
      13,    14,    15,    16,    17,    -1,    -1,    20,    21,    22,
      23,    24,    -1,    26,    27,    28,    29,    30,    31,    -1,
      94,    -1,    -1,    -1,    -1,    99,   100,    -1,    41,   103,
     104,   105,   106,    -1,    -1,    -1,    63,    64,    65,    66,
      67,    -1,    55,    -1,    57,    58,    59,    60,    61,    62,
      -1,    -1,    -1,    -1,    -1,    68,    69,    70,    71,    72,
      73,    74,    75,    90,    91,    92,    93,    94,    -1,    -1,
      83,    -1,    99,   100,    -1,    -1,   103,   104,   105,   106,
      -1,    -1,    95,    96,    -1,    98,    -1,    -1,   101,   102,
       1,    -1,    -1,    -1,    -1,   108,   109,   110,   111,    -1,
      11,    -1,    13,    14,    15,    16,    17,    -1,    -1,    20,
      21,    22,    23,    24,    -1,    26,    27,    28,    29,    30,
      31,    -1,    -1,    -1,   468,   469,    -1,    -1,   472,    -1,
      41,    -1,    -1,    -1,    -1,   479,   480,    63,    -1,    65,
      66,    67,    -1,    -1,    55,    -1,    57,    58,    59,    60,
      61,    62,    -1,   497,   498,    -1,    -1,    68,    69,    70,
      71,    72,    73,    74,    75,    -1,    -1,    93,    94,    -1,
      -1,    -1,    83,    99,   100,    -1,   520,   103,   104,   105,
     106,   525,    -1,    -1,    95,    96,   530,    98,    -1,    -1,
     101,   102,    -1,    -1,    -1,    -1,   107,   108,   542,   110,
     111,    -1,   546,    -1,    -1,    -1,    -1,    -1,    -1,    -1,
      -1,    -1,    -1,    -1,    65,    66,    67,    -1,   562,     9,
      -1,    11,    -1,    13,    14,    15,    16,    17,   572,    -1,
      20,    21,    22,    23,    24,    25,    26,    27,    28,    29,
      30,    31,    -1,    94,    -1,    -1,    -1,    -1,    99,   100,
      -1,    41,   103,   104,   105,   106,    -1,    -1,    -1,    -1,
      -1,    -1,    -1,    -1,    -1,    55,    -1,    57,    58,    59,
      60,    61,    62,    -1,    -1,    -1,    -1,    -1,    68,    69,
      70,    71,    72,    73,    74,    75,    -1,    -1,    -1,    -1,
      -1,    -1,    -1,    83,    -1,    -1,    -1,    -1,    -1,    -1,
      -1,    -1,    -1,    -1,    -1,    95,    96,    -1,    98,    -1,
      -1,   101,   102,    -1,    -1,    -1,    -1,    -1,   108,    -1,
     110,   111,     9,    -1,    11,    -1,    13,    14,    15,    16,
      17,    -1,    -1,    20,    21,    22,    23,    24,    -1,    26,
      27,    28,    29,    30,    31,    -1,    -1,    -1,    -1,    -1,
      -1,    -1,    -1,    -1,    41,    44,    45,    46,    47,    -1,
      -1,    -1,    51,    -1,    53,    -1,    -1,    -1,    55,    -1,
      57,    58,    59,    60,    61,    62,    -1,    -1,    -1,    -1,
      -1,    68,    69,    70,    71,    72,    73,    74,    75,    -1,
      -1,    80,    81,    82,    -1,    -1,    83,    -1,    -1,    -1,
      -1,    -1,    -1,    -1,    -1,    -1,    -1,    -1,    95,    96,
      -1,    98,    -1,    -1,   101,   102,    -1,    -1,    -1,    -1,
      -1,   108,    -1,   110,   111,    11,    12,    13,    14,    15,
      16,    17,    -1,    -1,    20,    21,    22,    23,    24,    -1,
      26,    27,    28,    29,    30,    31,    -1,    -1,    -1,    -1,
      -1,    -1,    -1,    -1,    -1,    41,    -1,    -1,    -1,    -1,
      -1,    -1,    -1,    -1,    -1,    -1,    -1,    -1,    -1,    55,
      -1,    57,    58,    59,    60,    61,    62,    -1,    -1,    -1,
      -1,    -1,    68,    69,    70,    71,    72,    73,    74,    75,
      -1,    -1,    -1,    -1,    -1,    -1,    -1,    83,    -1,    -1,
      -1,    -1,    -1,    -1,    -1,    -1,    -1,    -1,    -1,    95,
      96,    -1,    98,    -1,    -1,   101,   102,    -1,    -1,    -1,
      -1,    -1,   108,    -1,   110,   111,    11,    -1,    13,    14,
      15,    16,    17,    -1,    -1,    20,    21,    22,    23,    24,
      -1,    26,    27,    28,    29,    30,    31,    -1,    -1,    -1,
      -1,    -1,    -1,    -1,    -1,    -1,    41,    -1,    -1,    -1,
      -1,    -1,    -1,    -1,    -1,    -1,    -1,    -1,    -1,    -1,
      55,    -1,    57,    58,    59,    60,    61,    62,    -1,    -1,
      -1,    -1,    -1,    68,    69,    70,    71,    72,    73,    74,
      75,    -1,    -1,    -1,    -1,    -1,    -1,    -1,    83,    -1,
      -1,    -1,    -1,    -1,    -1,    -1,    -1,    -1,    -1,    -1,
      95,    96,    -1,    98,    -1,    -1,   101,   102,    -1,    -1,
      -1,    -1,    -1,   108,   109,   110,   111,    11,    -1,    13,
      14,    15,    16,    17,    -1,    -1,    20,    21,    22,    23,
      24,    -1,    26,    27,    28,    29,    30,    31,    -1,    -1,
      -1,    -1,    -1,    -1,    -1,    -1,    -1,    41,    -1,    -1,
      -1,    -1,    -1,    -1,    -1,    -1,    -1,    -1,    -1,    -1,
      -1,    55,    -1,    57,    58,    59,    60,    61,    62,    -1,
      -1,    -1,    -1,    -1,    68,    69,    70,    71,    72,    73,
      74,    75,    -1,    -1,    -1,    -1,    -1,    -1,    -1,    83,
      -1,    -1,    -1,    -1,    -1,    -1,    -1,    -1,    -1,    -1,
      -1,    95,    96,    -1,    98,    -1,    -1,   101,   102,    -1,
      -1,    -1,    -1,   107,   108,    -1,   110,   111,    11,    -1,
      13,    14,    15,    16,    17,    -1,    -1,    20,    21,    22,
      23,    24,    -1,    26,    27,    28,    29,    30,    31,    -1,
      -1,    -1,    -1,    -1,    -1,    -1,    -1,    -1,    41,    -1,
      -1,    -1,    -1,    -1,    -1,    -1,    -1,    -1,    -1,    -1,
      -1,    -1,    55,    -1,    57,    58,    59,    60,    61,    62,
      -1,    -1,    -1,    -1,    -1,    68,    69,    70,    71,    72,
      73,    74,    75,    -1,    -1,    -1,    -1,    -1,    -1,    -1,
      83,    -1,    -1,    -1,    -1,    -1,    -1,    -1,    -1,    -1,
      -1,    -1,    95,    96,    -1,    98,    -1,    -1,   101,   102,
      -1,    -1,    -1,    -1,   107,   108,    -1,   110,   111,    11,
      -1,    13,    14,    15,    16,    17,    -1,    -1,    20,    21,
      22,    23,    24,    -1,    26,    27,    28,    29,    30,    31,
      -1,    -1,    -1,    -1,    -1,    -1,    -1,    -1,    -1,    41,
      -1,    -1,    -1,    -1,    -1,    -1,    -1,    -1,    -1,    -1,
      -1,    -1,    -1,    55,    -1,    57,    58,    59,    60,    61,
      62,    -1,    -1,    -1,    -1,    -1,    68,    69,    70,    71,
      72,    73,    74,    75,    -1,    -1,    -1,    -1,    -1,    -1,
      -1,    83,    -1,    -1,    -1,    -1,    -1,    -1,    -1,    -1,
      -1,    -1,    -1,    95,    96,    -1,    98,    -1,    -1,   101,
     102,    -1,    -1,    -1,    -1,   107,   108,    -1,   110,   111,
      11,    -1,    13,    14,    15,    16,    17,    -1,    -1,    20,
      21,    22,    23,    24,    -1,    26,    27,    28,    29,    30,
      31,    -1,    -1,    -1,    -1,    -1,    -1,    -1,    -1,    -1,
      41,    -1,    -1,    -1,    -1,    -1,    -1,    -1,    -1,    -1,
      -1,    -1,    -1,    -1,    55,    -1,    57,    58,    59,    60,
      61,    62,    -1,    -1,    -1,    -1,    -1,    68,    69,    70,
      71,    72,    73,    74,    75,    -1,    -1,    -1,    -1,    -1,
      -1,    -1,    83,    -1,    -1,    -1,    -1,    -1,    -1,    -1,
      -1,    -1,    -1,    -1,    95,    96,    -1,    98,    -1,    -1,
     101,   102,    -1,    -1,    -1,    -1,   107,   108,    -1,   110,
     111,    11,    -1,    13,    14,    15,    16,    17,    -1,    -1,
      20,    21,    22,    23,    24,    -1,    26,    27,    28,    29,
      30,    31,    -1,    -1,    -1,    -1,    -1,    -1,    -1,    -1,
      -1,    41,    -1,    -1,    -1,    -1,    -1,    -1,    -1,    -1,
      -1,    -1,    -1,    -1,    -1,    55,    -1,    57,    58,    59,
      60,    61,    62,    -1,    -1,    -1,    -1,    -1,    68,    69,
      70,    71,    72,    73,    74,    75,    -1,    -1,    -1,    -1,
      -1,    -1,    -1,    83,    -1,    -1,    -1,    -1,    -1,    -1,
      -1,    -1,    -1,    -1,    -1,    95,    96,    -1,    98,    -1,
      -1,   101,   102,    -1,    -1,    -1,    -1,   107,   108,    -1,
     110,   111,    11,    -1,    13,    14,    15,    16,    17,    -1,
      -1,    20,    21,    22,    23,    24,    -1,    26,    27,    28,
      29,    30,    31,    -1,    -1,    -1,    -1,    -1,    -1,    -1,
      -1,    -1,    41,    -1,    -1,    -1,    -1,    -1,    -1,    -1,
      -1,    -1,    -1,    -1,    -1,    -1,    55,    -1,    57,    58,
      59,    60,    61,    62,    -1,    -1,    -1,    -1,    -1,    68,
      69,    70,    71,    72,    73,    74,    75,    -1,    -1,    -1,
      -1,    -1,    -1,    -1,    83,    -1,    -1,    -1,    -1,    -1,
      -1,    -1,    -1,    -1,    -1,    -1,    95,    96,    -1,    98,
      -1,    -1,   101,   102,    -1,    -1,    -1,    -1,   107,   108,
      -1,   110,   111,    11,    -1,    13,    14,    15,    16,    17,
      -1,    -1,    20,    21,    22,    23,    24,    -1,    26,    27,
      28,    29,    30,    31,    -1,    -1,    -1,    -1,    -1,    -1,
      -1,    -1,    -1,    41,    -1,    -1,    -1,    -1,    -1,    -1,
      -1,    -1,    -1,    -1,    -1,    -1,    -1,    55,    -1,    57,
      58,    59,    60,    61,    62,    -1,    -1,    -1,    -1,    -1,
      68,    69,    70,    71,    72,    73,    74,    75,    -1,    -1,
      -1,    -1,    -1,    -1,    -1,    83,    -1,    -1,    -1,    -1,
      -1,    -1,    -1,    -1,    -1,    -1,    -1,    95,    96,    -1,
      98,    -1,    -1,   101,   102,    -1,    -1,    -1,    -1,   107,
     108,    -1,   110,   111,    11,    -1,    13,    14,    15,    16,
      17,    -1,    -1,    20,    21,    22,    23,    24,    -1,    26,
      27,    28,    29,    30,    31,    -1,    -1,    -1,    -1,    -1,
      -1,    -1,    -1,    -1,    41,    -1,    -1,    -1,    -1,    -1,
      -1,    -1,    -1,    -1,    -1,    -1,    -1,    -1,    55,    -1,
      57,    58,    59,    60,    61,    62,    -1,    -1,    -1,    -1,
      -1,    68,    69,    70,    71,    72,    73,    74,    75,    -1,
      -1,    -1,    -1,    -1,    -1,    -1,    83,    -1,    -1,    -1,
      -1,    -1,    -1,    -1,    -1,    -1,    -1,    -1,    95,    96,
      -1,    98,    -1,    -1,   101,   102,    -1,    -1,    -1,    -1,
      -1,   108,    -1,   110,   111,    11,    -1,    13,    14,    15,
      16,    17,    -1,    -1,    20,    21,    22,    23,    24,    -1,
      26,    27,    28,    29,    30,    31,    -1,    -1,    -1,    -1,
      -1,    -1,    -1,    -1,    -1,    41,    -1,    -1,    -1,    -1,
      -1,    -1,    -1,    -1,    -1,    -1,    -1,    -1,    -1,    55,
      -1,    57,    58,    59,    60,    61,    62,    -1,    -1,    -1,
      -1,    -1,    68,    69,    70,    71,    72,    73,    74,    75,
      -1,    -1,    -1,    -1,    -1,    -1,    -1,    83,    -1,    -1,
      -1,    -1,    -1,    -1,    -1,    -1,    -1,    -1,    -1,    95,
      96,    -1,    98,    -1,    -1,   101,   102,    -1,    -1,    56,
      -1,    -1,   108,    -1,   110,   111,    63,    64,    65,    66,
      67,    -1,    -1,    -1,    -1,    -1,    -1,    -1,    -1,    -1,
      -1,    -1,    -1,    -1,    -1,    -1,    -1,    -1,    85,    86,
      87,    88,    89,    90,    91,    92,    93,    94,    -1,    -1,
      -1,    -1,    99,   100,    56,    -1,   103,   104,   105,   106,
      -1,    63,    64,    65,    66,    67,    -1,    -1,    -1,    -1,
      -1,    -1,    -1,    -1,    -1,    -1,    -1,    -1,    -1,    -1,
      -1,    -1,    -1,    85,    86,    -1,    88,    89,    90,    91,
      92,    93,    94,    -1,    -1,    -1,    -1,    99,   100,    56,
      -1,   103,   104,   105,   106,    -1,    63,    64,    65,    66,
      67,    -1,    -1,    -1,    -1,    -1,    -1,    -1,    -1,    -1,
      -1,    -1,    -1,    -1,    -1,    -1,    -1,    -1,    -1,    86,
      -1,    88,    89,    90,    91,    92,    93,    94,    -1,    -1,
      -1,    -1,    99,   100,    56,    -1,   103,   104,   105,   106,
      -1,    63,    64,    65,    66,    67,    -1,    -1,    -1,    -1,
      -1,    -1,    -1,    -1,    -1,    -1,    -1,    -1,    -1,    -1,
      -1,    -1,    -1,    -1,    -1,    -1,    88,    89,    90,    91,
      92,    93,    94,    -1,    -1,    -1,    -1,    99,   100,    -1,
      -1,   103,   104,   105,   106
};

  /* YYSTOS[STATE-NUM] -- The (internal number of the) accessing
     symbol of state STATE-NUM.  */
static const yytype_uint8 yystos[] =
{
       0,     3,     4,     5,     6,     7,     8,   114,   115,   116,
     117,   118,   119,   120,     0,   123,    11,    13,    14,    15,
      16,    17,    20,    21,    22,    23,    24,    26,    27,    28,
      29,    30,    31,    41,    55,    57,    58,    59,    60,    61,
      62,    68,    69,    70,    71,    72,    73,    74,    75,    83,
      95,    96,    98,   101,   102,   108,   110,   111,   165,   166,
     167,   170,   171,   172,   173,   174,   175,   177,   181,   189,
     190,   191,   194,   195,   196,   197,   198,   199,     9,   121,
       1,    32,    33,    36,    37,    38,    39,    40,    42,    43,
      44,    45,    46,    47,    51,    52,    53,    54,   109,   121,
     130,   144,   154,   165,    35,   128,   129,   130,   126,   126,
      12,   165,   175,   175,    20,    25,   121,   190,   200,   200,
     200,   200,   200,   176,    11,   108,   175,   156,   156,   175,
     108,   108,   108,   121,   175,    20,   166,   180,   190,   200,
     200,   121,   175,   109,   165,    20,    25,   158,   175,    15,
      98,   108,   178,   190,   191,   192,   193,   194,    15,   179,
     190,   191,   192,   194,   175,   166,   175,   175,   175,   175,
     175,   107,   165,   200,   200,    80,    81,    82,    84,     9,
      11,   108,    56,    63,    64,    65,    66,    67,    85,    86,
      88,    89,    90,    91,    92,    93,    94,    99,   100,   103,
     104,   105,   106,   108,     9,    11,     9,    11,     9,    11,
       9,   123,     9,    34,   157,    20,   155,   108,   108,   108,
     108,    73,    98,   108,   123,   188,   190,   108,   108,   121,
      50,   146,   109,   158,    44,    45,    46,    47,    51,    53,
     129,   130,   128,    12,   180,   108,   108,   165,   107,   121,
      23,   123,   159,   107,   107,   165,   181,   200,   166,    10,
     109,   180,    25,   108,   175,   178,   190,   191,   194,   107,
     165,    76,   161,    85,   161,    25,   161,    11,   107,   165,
     165,   165,   175,   165,   165,   107,   165,   175,   175,   175,
     175,   175,   175,   175,   175,   175,   175,   175,   175,   175,
     175,   175,   175,     9,    11,    15,    16,    17,    21,    68,
     108,   110,   111,   169,   190,   107,   165,   165,   165,   165,
     165,   165,   165,   165,   126,   123,   121,    20,   153,    20,
     133,   123,   123,   123,   123,    98,   123,    73,   186,   187,
     189,   190,   191,   194,   123,    26,   123,    26,   108,   183,
     123,   123,   121,   155,   165,   150,   165,   165,   165,   165,
     165,   181,   166,    12,   168,   108,   162,    76,   160,   107,
     107,   165,    10,    11,   107,   165,   161,   107,    23,   108,
      85,    11,   165,    11,   109,    12,   107,    87,   165,   165,
     111,   111,   111,   111,   107,   165,   111,   111,   108,   107,
     109,    12,   109,    12,   109,    12,   109,    10,   141,    18,
     122,     9,   109,    20,   149,   165,   150,   151,   165,   151,
     185,   190,   108,   144,   148,   151,   152,   165,   139,   186,
     184,   123,   151,   151,   131,   132,   107,   112,   182,   180,
     163,   160,    23,   121,   107,    12,    23,   107,   166,   108,
      12,   165,    10,   175,   109,    12,   107,   181,    10,    10,
      10,    10,   126,   123,   123,    20,   107,   107,   107,   107,
     183,   123,   107,   109,     9,   124,   138,   108,   151,   107,
     107,   159,   123,   165,   107,   107,     9,    12,   107,   166,
      12,    10,   107,    10,   109,   140,   180,   147,   147,   124,
     124,   151,   151,   124,   134,   125,   146,   108,   107,   124,
     124,   160,   162,   126,   107,    78,   126,   109,   124,   124,
      48,    49,   145,   145,   107,   107,   146,   149,   126,   151,
     137,   109,   121,   164,   160,    10,   127,    10,   146,   146,
     124,   108,   136,   124,   109,    10,   107,   124,     9,    23,
     109,   142,   151,   124,   146,   135,   124,   146,   126,    77,
     143,    19,   107,   146,   147,   146,    10,   126,   124,   152,
      78,   145,   107,   124
};

  /* YYR1[YYN] -- Symbol number of symbol that rule YYN derives.  */
static const yytype_uint8 yyr1[] =
{
       0,   113,   115,   114,   116,   114,   117,   114,   118,   114,
     119,   114,   120,   114,   121,   122,   123,   124,   125,   126,
     126,   127,   127,   128,   128,   129,   129,   130,   130,   131,
     130,   132,   130,   130,   133,   130,   130,   130,   130,   130,
     130,   130,   130,   134,   135,   130,   136,   130,   137,   130,
     138,   130,   130,   130,   139,   130,   130,   140,   130,   141,
     130,   130,   130,   130,   142,   143,   143,   144,   144,   144,
     144,   144,   144,   144,   144,   145,   145,   145,   146,   146,
     147,   148,   148,   149,   149,   150,   151,   152,   153,   153,
     154,   154,   154,   155,   156,   157,   158,   158,   159,   159,
     160,   160,   160,   161,   161,   163,   162,   164,   164,   165,
     165,   165,   165,   166,   166,   166,   167,   167,   167,   167,
     167,   167,   167,   167,   168,   167,   169,   169,   170,   170,
     170,   170,   170,   170,   170,   170,   170,   170,   170,   170,
     170,   170,   171,   171,   171,   171,   171,   171,   171,   171,
     171,   171,   171,   171,   171,   171,   171,   172,   172,   172,
     172,   172,   172,   172,   172,   172,   172,   173,   173,   173,
     173,   173,   173,   174,   174,   175,   175,   175,   175,   175,
     175,   175,   175,   175,   175,   175,   175,   175,   175,   175,
     175,   175,   175,   175,   175,   175,   175,   175,   175,   175,
     175,   175,   175,   175,   175,   175,   175,   175,   175,   175,
     175,   175,   175,   175,   175,   175,   175,   175,   175,   175,
     175,   175,   175,   175,   176,   175,   175,   175,   175,   175,
     177,   177,   177,   177,   177,   177,   177,   178,   178,   178,
     178,   178,   178,   179,   179,   179,   179,   180,   180,   181,
     181,   182,   182,   183,   184,   183,   185,   186,   186,   186,
     187,   187,   188,   188,   189,   190,   191,   192,   193,   194,
     195,   195,   196,   197,   197,   198,   198,   199,   199,   200,
     200,   200,   200
};

  /* YYR2[YYN] -- Number of symbols on the right hand side of rule YYN.  */
static const yytype_uint8 yyr2[] =
{
       0,     2,     0,     4,     0,     3,     0,     3,     0,     3,
       0,     3,     0,     3,     4,     7,     0,     4,     0,     0,
       2,     0,     2,     1,     1,     2,     2,     1,     4,     0,
       7,     0,    10,     4,     0,     7,     7,     7,     6,     6,
       2,     8,     8,     0,     0,    13,     0,    10,     0,     9,
       0,    10,     9,     7,     0,     6,     2,     0,     8,     0,
       6,     3,     2,     1,     2,     0,     3,     1,     1,     3,
       3,     3,     3,     3,     3,     0,     2,     6,     0,     2,
       0,     0,     1,     0,     1,     1,     1,     1,     1,     0,
       1,     1,     1,     0,     0,     0,     1,     1,     0,     1,
       0,     2,     1,     2,     1,     0,     3,     1,     1,     3,
       3,     3,     1,     2,     3,     1,     3,     5,     6,     3,
       3,     5,     2,     4,     0,     5,     1,     1,     5,     4,
       5,     4,     5,     6,     5,     4,     5,     4,     3,     6,
       4,     5,     3,     3,     3,     3,     3,     3,     3,     3,
       3,     3,     3,     3,     3,     3,     3,     2,     2,     2,
       2,     2,     2,     2,     2,     2,     2,     3,     2,     4,
       3,     5,     8,     2,     2,     1,     1,     1,     1,     5,
       2,     3,     1,     2,     3,     1,     2,     1,     1,     1,
       1,     1,     1,     4,     4,     5,     5,     1,     1,     3,
       4,     3,     4,     4,     4,     4,     4,     1,     2,     2,
       1,     2,     2,     1,     2,     1,     2,     1,     3,     1,
       3,     1,     3,     4,     0,     6,     1,     1,     1,     1,
       3,     2,     3,     2,     4,     7,     6,     3,     2,     1,
       1,     1,     1,     1,     1,     1,     1,     0,     1,     0,
       1,     0,     2,     1,     0,     3,     1,     1,     1,     1,
       1,     1,     2,     2,     2,     2,     2,     5,     4,     2,
       2,     4,     2,     1,     3,     1,     3,     1,     3,     1,
       1,     1,     1
};

typedef enum {
	toketype_ival, toketype_opval, toketype_pval
} toketypes;

/* type of each token/terminal */
static const toketypes yy_type_tab[] =
{
  toketype_ival, toketype_ival, toketype_ival, toketype_ival, toketype_ival, toketype_ival,
  toketype_ival, toketype_ival, toketype_ival, toketype_ival, toketype_ival, toketype_ival,
  toketype_ival, toketype_ival, toketype_ival, toketype_ival, toketype_ival, toketype_ival, toketype_ival, toketype_ival, toketype_opval,
  toketype_opval, toketype_opval, toketype_opval, toketype_opval, toketype_opval, toketype_opval,
  toketype_opval, toketype_opval, toketype_opval, toketype_opval, toketype_opval, toketype_opval,
  toketype_opval, toketype_opval, toketype_pval, toketype_pval, toketype_ival, toketype_ival, toketype_ival,
  toketype_ival, toketype_ival, toketype_ival, toketype_ival, toketype_ival, toketype_ival, toketype_ival,
  toketype_ival, toketype_ival, toketype_ival, toketype_ival, toketype_ival, toketype_ival, toketype_ival, toketype_ival,
  toketype_ival, toketype_ival, toketype_ival, toketype_ival, toketype_ival, toketype_ival, toketype_ival,
  toketype_ival, toketype_ival, toketype_ival, toketype_ival, toketype_ival, toketype_ival, toketype_ival, toketype_ival,
  toketype_ival, toketype_ival, toketype_ival, toketype_ival, toketype_ival, toketype_ival, toketype_ival,
  toketype_ival, toketype_ival, toketype_ival, toketype_ival, toketype_ival, toketype_ival,
  toketype_ival, toketype_ival, toketype_ival, toketype_ival, toketype_ival, toketype_ival, toketype_ival, toketype_ival,
  toketype_ival, toketype_ival, toketype_ival, toketype_ival, toketype_ival, toketype_ival, toketype_ival,
  toketype_ival, toketype_ival, toketype_ival, toketype_ival, toketype_ival, toketype_ival, toketype_ival,
  toketype_ival, toketype_ival, toketype_ival, toketype_ival, toketype_ival, toketype_ival, toketype_ival, toketype_ival, toketype_ival,
  toketype_ival, toketype_ival, toketype_ival, toketype_ival, toketype_ival, toketype_ival, toketype_ival, toketype_opval, toketype_opval,
  toketype_ival, toketype_opval, toketype_ival, toketype_opval, toketype_opval, toketype_opval,
  toketype_opval, toketype_opval, toketype_ival, toketype_ival, toketype_ival, toketype_ival, toketype_ival, toketype_ival,
  toketype_ival, toketype_ival, toketype_ival, toketype_ival, toketype_ival, toketype_opval, toketype_opval, toketype_opval,
  toketype_opval, toketype_opval, toketype_ival, toketype_opval, toketype_opval, toketype_opval, toketype_opval, toketype_opval,
  toketype_opval, toketype_ival, toketype_ival, toketype_ival, toketype_ival,
  toketype_opval, toketype_opval, toketype_opval, toketype_opval, toketype_opval, toketype_ival,
  toketype_opval, toketype_opval, toketype_opval, toketype_opval, toketype_ival, toketype_opval,
  toketype_opval, toketype_opval, toketype_opval, toketype_opval, toketype_opval, toketype_opval,
  toketype_ival, toketype_opval, toketype_opval, toketype_opval, toketype_opval, toketype_opval,
  toketype_opval, toketype_ival, toketype_ival, toketype_opval, toketype_opval, toketype_opval,
  toketype_ival, toketype_opval, toketype_opval, toketype_opval, toketype_opval,
  toketype_opval, toketype_opval, toketype_opval, toketype_opval, toketype_opval, toketype_opval,
  toketype_opval, toketype_opval
};

/* Generated from:
 * 4578dc8f6557888108891be1563bb5b20aa4d347f7de1b43f3858f7333ddb362 perly.y
 * 25c852d9fc4ee1fa7741d85b998cb1c114ca562f098ad0e98d8b0a15aadf00f9 regen_perly.pl
 * ex: set ro: */
